Energy (MeV/u)	0 - [He-base] F.Hubert et al, AD&ND Tables 46(1990)1	1 - [H -base] J.F.Ziegler et al, Pergamon Press, NY (low energy)	2 - ATIMA 1.2  LS-theory (recommended for high energy)	3 - ATIMA 1.2  without LS-correction	4 - Range straggling - method [0] - LISE	5 - Range straggling - method [1] - Atima	6 - Lateral range - method [0] - LISE	7 - Lateral range - method [1] - Atima	8 - Lateral range - method [2] - PDG
1.000000	15.8671   	16.6698   	16.2456   	16.2456   	0.296943  	0.296996  	0.0841547 	0.106653  	0.0739698 
1.025000	16.5217   	17.3574   	16.9154   	16.9154   	0.309774  	0.307703  	0.0872444 	0.110274  	0.0767844 
1.050000	17.1762   	18.0451   	17.5852   	17.5852   	0.322604  	0.31841   	0.090334  	0.113896  	0.0795989 
1.075000	17.8307   	18.7328   	18.255    	18.255    	0.335435  	0.329117  	0.0934237 	0.117517  	0.0824135 
1.100000	18.4852   	19.4205   	18.9248   	18.9248   	0.348266  	0.339824  	0.0965134 	0.121139  	0.085228  
1.125000	19.1397   	20.1081   	19.5946   	19.5946   	0.361096  	0.35053   	0.0996031 	0.12476   	0.0880426 
1.150000	19.7942   	20.7958   	20.2643   	20.2643   	0.373927  	0.361237  	0.102693  	0.128382  	0.0908572 
1.175000	20.4487   	21.4835   	20.9341   	20.9341   	0.386758  	0.371944  	0.105782  	0.132003  	0.0936717 
1.200000	21.1033   	22.1711   	21.6039   	21.6039   	0.399588  	0.382651  	0.108872  	0.135624  	0.0964863 
1.225000	21.7578   	22.8588   	22.2737   	22.2737   	0.412419  	0.393357  	0.111962  	0.139246  	0.0993008 
1.250000	22.4123   	23.5465   	22.9435   	22.9435   	0.425249  	0.404064  	0.115051  	0.142867  	0.102115  
1.275000	23.1615   	24.3337   	23.7083   	23.7083   	0.440096  	0.415909  	0.118538  	0.146886  	0.105309  
1.300000	23.9108   	25.1209   	24.4731   	24.4731   	0.454942  	0.427754  	0.122024  	0.150905  	0.108502  
1.325000	24.66     	25.9081   	25.2379   	25.2379   	0.469789  	0.439599  	0.125511  	0.154923  	0.111696  
1.350000	25.4092   	26.6953   	26.0027   	26.0027   	0.484635  	0.451444  	0.128997  	0.158942  	0.114889  
1.375000	26.1585   	27.4825   	26.7675   	26.7675   	0.499481  	0.463289  	0.132483  	0.16296   	0.118082  
1.400000	26.9077   	28.2697   	27.5323   	27.5323   	0.514328  	0.475134  	0.13597   	0.166979  	0.121276  
1.425000	27.6569   	29.0569   	28.2971   	28.2971   	0.529174  	0.486979  	0.139456  	0.170998  	0.124469  
1.450000	28.4062   	29.8441   	29.0618   	29.0618   	0.54402   	0.498824  	0.142943  	0.175016  	0.127663  
1.475000	29.1554   	30.6313   	29.8266   	29.8266   	0.558867  	0.510669  	0.146429  	0.179035  	0.130856  
1.500000	29.9047   	31.4185   	30.5914   	30.5914   	0.573713  	0.522514  	0.149915  	0.183053  	0.13405   
1.525000	30.7467   	32.3032   	31.4489   	31.4489   	0.590556  	0.535482  	0.153796  	0.187464  	0.137619  
1.550000	31.5888   	33.1879   	32.3063   	32.3063   	0.607399  	0.54845   	0.157676  	0.191875  	0.141188  
1.575000	32.4308   	34.0726   	33.1637   	33.1637   	0.624242  	0.561418  	0.161557  	0.196286  	0.144757  
1.600000	33.2729   	34.9573   	34.0211   	34.0211   	0.641084  	0.574387  	0.165437  	0.200697  	0.148327  
1.625000	34.1149   	35.842    	34.8785   	34.8785   	0.657927  	0.587355  	0.169317  	0.205108  	0.151896  
1.650000	34.957    	36.7267   	35.736    	35.736    	0.67477   	0.600323  	0.173198  	0.209519  	0.155465  
1.675000	35.799    	37.6114   	36.5934   	36.5934   	0.691613  	0.613291  	0.177078  	0.21393   	0.159035  
1.700000	36.6411   	38.4962   	37.4508   	37.4508   	0.708455  	0.62626   	0.180959  	0.218341  	0.162604  
1.725000	37.4831   	39.3809   	38.3082   	38.3082   	0.725298  	0.639228  	0.184839  	0.222752  	0.166173  
1.750000	38.3252   	40.2656   	39.1656   	39.1656   	0.742141  	0.652196  	0.188719  	0.227163  	0.169743  
1.775000	39.2585   	41.2461   	40.1138   	40.1138   	0.760963  	0.66627   	0.19299   	0.23196   	0.173684  
1.800000	40.1917   	42.2267   	41.062    	41.062    	0.779785  	0.680343  	0.197261  	0.236757  	0.177626  
1.825000	41.125    	43.2073   	42.0101   	42.0101   	0.798608  	0.694417  	0.201531  	0.241553  	0.181567  
1.850000	42.0583   	44.1878   	42.9583   	42.9583   	0.81743   	0.708491  	0.205802  	0.24635   	0.185509  
1.875000	42.9916   	45.1684   	43.9064   	43.9064   	0.836252  	0.722564  	0.210073  	0.251147  	0.189451  
1.900000	43.9248   	46.1489   	44.8546   	44.8546   	0.855074  	0.736638  	0.214343  	0.255944  	0.193392  
1.925000	44.8581   	47.1295   	45.8028   	45.8028   	0.873896  	0.750712  	0.218614  	0.260741  	0.197334  
1.950000	45.7914   	48.11     	46.7509   	46.7509   	0.892719  	0.764786  	0.222885  	0.265537  	0.201275  
1.975000	46.7247   	49.0906   	47.6991   	47.6991   	0.911541  	0.778859  	0.227155  	0.270334  	0.205217  
2.000000	47.6579   	50.0712   	48.6473   	48.6473   	0.930363  	0.792933  	0.231426  	0.275131  	0.209159  
2.025000	48.6811   	51.1461   	49.6846   	49.6846   	0.95115   	0.808095  	0.236083  	0.280307  	0.213469  
2.050000	49.7042   	52.2211   	50.7219   	50.7219   	0.971936  	0.823257  	0.24074   	0.285483  	0.21778   
2.075000	50.7274   	53.2961   	51.7593   	51.7593   	0.992723  	0.838419  	0.245398  	0.290659  	0.22209   
2.100000	51.7505   	54.3711   	52.7966   	52.7966   	1.01351   	0.85358   	0.250055  	0.295835  	0.226401  
2.125000	52.7736   	55.446    	53.8339   	53.8339   	1.0343    	0.868742  	0.254712  	0.301011  	0.230712  
2.150000	53.7968   	56.521    	54.8713   	54.8713   	1.05508   	0.883904  	0.259369  	0.306187  	0.235022  
2.175000	54.8199   	57.596    	55.9086   	55.9086   	1.07587   	0.899066  	0.264026  	0.311363  	0.239333  
2.200000	55.8431   	58.671    	56.946    	56.946    	1.09666   	0.914228  	0.268684  	0.316539  	0.243644  
2.225000	56.8662   	59.7459   	57.9833   	57.9833   	1.11744   	0.92939   	0.273341  	0.321715  	0.247954  
2.250000	57.8893   	60.8209   	59.0206   	59.0206   	1.13823   	0.944552  	0.277998  	0.326892  	0.252265  
2.275000	59.0014   	61.9891   	60.1458   	60.1458   	1.16097   	0.960786  	0.283039  	0.332442  	0.256942  
2.300000	60.1136   	63.1572   	61.271    	61.271    	1.1837    	0.977021  	0.288081  	0.337993  	0.261619  
2.325000	61.2257   	64.3254   	62.3962   	62.3962   	1.20644   	0.993256  	0.293122  	0.343544  	0.266296  
2.350000	62.3378   	65.4935   	63.5213   	63.5213   	1.22918   	1.00949   	0.298163  	0.349095  	0.270973  
2.375000	63.4499   	66.6617   	64.6465   	64.6465   	1.25191   	1.02573   	0.303205  	0.354646  	0.275651  
2.400000	64.562    	67.8298   	65.7717   	65.7717   	1.27465   	1.04196   	0.308246  	0.360197  	0.280328  
2.425000	65.6741   	68.998    	66.8969   	66.8969   	1.29739   	1.05819   	0.313287  	0.365748  	0.285005  
2.450000	66.7862   	70.1661   	68.022    	68.022    	1.32013   	1.07443   	0.318328  	0.371299  	0.289682  
2.475000	67.8983   	71.3343   	69.1472   	69.1472   	1.34286   	1.09066   	0.32337   	0.37685   	0.294359  
2.500000	69.0104   	72.5024   	70.2724   	70.2724   	1.3656    	1.1069    	0.328411  	0.382401  	0.299037  
2.525000	70.319    	73.8082   	71.5271   	71.5271   	1.39124   	1.12472   	0.333987  	0.388452  	0.304229  
2.550000	71.6275   	75.114    	72.7817   	72.7817   	1.41688   	1.14253   	0.339563  	0.394504  	0.30942   
2.575000	72.936    	76.4198   	74.0364   	74.0364   	1.44252   	1.16035   	0.345139  	0.400556  	0.314612  
2.600000	74.2446   	77.7256   	75.2911   	75.2911   	1.46816   	1.17817   	0.350715  	0.406607  	0.319804  
2.625000	75.5531   	79.0314   	76.5458   	76.5458   	1.4938    	1.19598   	0.35629   	0.412659  	0.324996  
2.650000	76.8617   	80.3372   	77.8004   	77.8004   	1.51944   	1.2138    	0.361866  	0.418711  	0.330188  
2.675000	78.1702   	81.6429   	79.0551   	79.0551   	1.54508   	1.23162   	0.367442  	0.424762  	0.33538   
2.700000	79.4787   	82.9487   	80.3098   	80.3098   	1.57072   	1.24943   	0.373018  	0.430814  	0.340572  
2.725000	80.7873   	84.2545   	81.5644   	81.5644   	1.59635   	1.26725   	0.378594  	0.436866  	0.345764  
2.750000	82.0958   	85.5603   	82.8191   	82.8191   	1.62199   	1.28507   	0.38417   	0.442917  	0.350956  
2.775000	83.4043   	86.8661   	84.0738   	84.0738   	1.64763   	1.30288   	0.389746  	0.448969  	0.356148  
2.800000	84.7129   	88.1719   	85.3285   	85.3285   	1.67327   	1.3207    	0.395322  	0.45502   	0.36134   
2.825000	86.0214   	89.4777   	86.5831   	86.5831   	1.69891   	1.33852   	0.400898  	0.461072  	0.366532  
2.850000	87.33     	90.7835   	87.8378   	87.8378   	1.72455   	1.35633   	0.406474  	0.467124  	0.371724  
2.875000	88.6385   	92.0892   	89.0925   	89.0925   	1.75019   	1.37415   	0.412049  	0.473175  	0.376916  
2.900000	89.947    	93.395    	90.3472   	90.3472   	1.77583   	1.39197   	0.417625  	0.479227  	0.382108  
2.925000	91.2556   	94.7008   	91.6018   	91.6018   	1.80147   	1.40978   	0.423201  	0.485279  	0.3873    
2.950000	92.5641   	96.0066   	92.8565   	92.8565   	1.82711   	1.4276    	0.428777  	0.49133   	0.392492  
2.975000	93.8726   	97.3124   	94.1112   	94.1112   	1.85275   	1.44542   	0.434353  	0.497382  	0.397684  
3.000000	95.1812   	98.6182   	95.3658   	95.3658   	1.87839   	1.46323   	0.439929  	0.503433  	0.402876  
3.025000	96.6647   	100.104   	96.79     	96.79     	1.90786   	1.48312   	0.44626   	0.510213  	0.408788  
3.050000	98.1483   	101.591   	98.2142   	98.2142   	1.93733   	1.503     	0.452591  	0.516992  	0.414701  
3.075000	99.6319   	103.077   	99.6383   	99.6383   	1.96681   	1.52288   	0.458922  	0.523771  	0.420613  
3.100000	101.115   	104.563   	101.063   	101.063   	1.99628   	1.54277   	0.465254  	0.53055   	0.426526  
3.125000	102.599   	106.05    	102.487   	102.487   	2.02576   	1.56265   	0.471585  	0.53733   	0.432438  
3.150000	104.083   	107.536   	103.911   	103.911   	2.05523   	1.58253   	0.477916  	0.544109  	0.438351  
3.175000	105.566   	109.022   	105.335   	105.335   	2.0847    	1.60241   	0.484247  	0.550888  	0.444263  
3.200000	107.05    	110.508   	106.759   	106.759   	2.11418   	1.6223    	0.490578  	0.557667  	0.450176  
3.225000	108.533   	111.995   	108.183   	108.183   	2.14365   	1.64218   	0.49691   	0.564447  	0.456089  
3.250000	110.017   	113.481   	109.607   	109.607   	2.17313   	1.66206   	0.503241  	0.571226  	0.462001  
3.275000	111.5     	114.967   	111.032   	111.032   	2.2026    	1.68195   	0.509572  	0.578005  	0.467914  
3.300000	112.984   	116.454   	112.456   	112.456   	2.23207   	1.70183   	0.515903  	0.584784  	0.473826  
3.325000	114.467   	117.94    	113.88    	113.88    	2.26155   	1.72171   	0.522234  	0.591564  	0.479739  
3.350000	115.951   	119.426   	115.304   	115.304   	2.29102   	1.7416    	0.528565  	0.598343  	0.485651  
3.375000	117.435   	120.912   	116.728   	116.728   	2.3205    	1.76148   	0.534897  	0.605122  	0.491564  
3.400000	118.918   	122.399   	118.152   	118.152   	2.34997   	1.78136   	0.541228  	0.611901  	0.497476  
3.425000	120.402   	123.885   	119.577   	119.577   	2.37944   	1.80125   	0.547559  	0.618681  	0.503389  
3.450000	121.885   	125.371   	121.001   	121.001   	2.40892   	1.82113   	0.55389   	0.62546   	0.509301  
3.475000	123.369   	126.858   	122.425   	122.425   	2.43839   	1.84101   	0.560221  	0.632239  	0.515214  
3.500000	124.852   	128.344   	123.849   	123.849   	2.46787   	1.8609    	0.566552  	0.639018  	0.521127  
3.525000	126.507   	130.008   	125.44    	125.44    	2.50114   	1.8828    	0.57363   	0.646509  	0.527752  
3.550000	128.162   	131.671   	127.03    	127.03    	2.53441   	1.9047    	0.580707  	0.653999  	0.534377  
3.575000	129.817   	133.335   	128.621   	128.621   	2.56768   	1.92661   	0.587784  	0.661489  	0.541002  
3.600000	131.472   	134.999   	130.211   	130.211   	2.60096   	1.94851   	0.594862  	0.66898   	0.547627  
3.625000	133.126   	136.662   	131.801   	131.801   	2.63423   	1.97042   	0.601939  	0.67647   	0.554252  
3.650000	134.781   	138.326   	133.392   	133.392   	2.6675    	1.99232   	0.609016  	0.68396   	0.560877  
3.675000	136.436   	139.99    	134.982   	134.982   	2.70077   	2.01422   	0.616093  	0.69145   	0.567502  
3.700000	138.091   	141.654   	136.573   	136.573   	2.73405   	2.03613   	0.623171  	0.698941  	0.574127  
3.725000	139.746   	143.317   	138.163   	138.163   	2.76732   	2.05803   	0.630248  	0.706431  	0.580753  
3.750000	141.401   	144.981   	139.754   	139.754   	2.80059   	2.07993   	0.637325  	0.713921  	0.587378  
3.775000	143.055   	146.645   	141.344   	141.344   	2.83386   	2.10184   	0.644402  	0.721412  	0.594003  
3.800000	144.71    	148.309   	142.935   	142.935   	2.86714   	2.12374   	0.65148   	0.728902  	0.600628  
3.825000	146.365   	149.972   	144.525   	144.525   	2.90041   	2.14565   	0.658557  	0.736392  	0.607253  
3.850000	148.02    	151.636   	146.116   	146.116   	2.93368   	2.16755   	0.665634  	0.743882  	0.613878  
3.875000	149.675   	153.3     	147.706   	147.706   	2.96695   	2.18945   	0.672711  	0.751373  	0.620503  
3.900000	151.33    	154.963   	149.297   	149.297   	3.00023   	2.21136   	0.679789  	0.758863  	0.627128  
3.925000	152.984   	156.627   	150.887   	150.887   	3.0335    	2.23326   	0.686866  	0.766353  	0.633753  
3.950000	154.639   	158.291   	152.478   	152.478   	3.06677   	2.25516   	0.693943  	0.773844  	0.640378  
3.975000	156.294   	159.955   	154.068   	154.068   	3.10004   	2.27707   	0.70102   	0.781334  	0.647004  
4.000000	157.949   	161.618   	155.658   	155.658   	3.13332   	2.29897   	0.708098  	0.788824  	0.653629  
4.025000	159.772   	163.457   	157.413   	157.413   	3.17036   	2.32286   	0.715912  	0.797009  	0.660958  
4.050000	161.595   	165.296   	159.167   	159.167   	3.2074    	2.34674   	0.723725  	0.805194  	0.668287  
4.075000	163.418   	167.134   	160.921   	160.921   	3.24444   	2.37063   	0.731539  	0.813379  	0.675617  
4.100000	165.241   	168.973   	162.675   	162.675   	3.28148   	2.39451   	0.739353  	0.821563  	0.682946  
4.125000	167.063   	170.811   	164.429   	164.429   	3.31852   	2.4184    	0.747167  	0.829748  	0.690276  
4.150000	168.886   	172.65    	166.183   	166.183   	3.35556   	2.44228   	0.754981  	0.837933  	0.697605  
4.175000	170.709   	174.488   	167.937   	167.937   	3.3926    	2.46617   	0.762795  	0.846118  	0.704935  
4.200000	172.532   	176.327   	169.691   	169.691   	3.42964   	2.49005   	0.770609  	0.854303  	0.712264  
4.225000	174.355   	178.166   	171.445   	171.445   	3.46668   	2.51394   	0.778423  	0.862487  	0.719593  
4.250000	176.178   	180.004   	173.199   	173.199   	3.50372   	2.53782   	0.786236  	0.870672  	0.726923  
4.275000	178.001   	181.843   	174.953   	174.953   	3.54076   	2.56171   	0.79405   	0.878857  	0.734252  
4.300000	179.824   	183.681   	176.707   	176.707   	3.5778    	2.58559   	0.801864  	0.887042  	0.741582  
4.325000	181.647   	185.52    	178.462   	178.462   	3.61484   	2.60948   	0.809678  	0.895227  	0.748911  
4.350000	183.47    	187.359   	180.216   	180.216   	3.65188   	2.63336   	0.817492  	0.903412  	0.75624   
4.375000	185.292   	189.197   	181.97    	181.97    	3.68892   	2.65724   	0.825306  	0.911596  	0.76357   
4.400000	187.115   	191.036   	183.724   	183.724   	3.72596   	2.68113   	0.83312   	0.919781  	0.770899  
4.425000	188.938   	192.874   	185.478   	185.478   	3.763     	2.70501   	0.840933  	0.927966  	0.778229  
4.450000	190.761   	194.713   	187.232   	187.232   	3.80004   	2.7289    	0.848747  	0.936151  	0.785558  
4.475000	192.584   	196.552   	188.986   	188.986   	3.83708   	2.75278   	0.856561  	0.944336  	0.792887  
4.500000	194.407   	198.39    	190.74    	190.74    	3.87412   	2.77667   	0.864375  	0.95252   	0.800217  
4.525000	196.395   	200.401   	192.656   	192.656   	3.91491   	2.8025    	0.872917  	0.961386  	0.808244  
4.550000	198.383   	202.413   	194.571   	194.571   	3.95569   	2.82833   	0.88146   	0.970251  	0.81627   
4.575000	200.372   	204.424   	196.486   	196.486   	3.99647   	2.85416   	0.890002  	0.979117  	0.824297  
4.600000	202.36    	206.435   	198.402   	198.402   	4.03725   	2.87999   	0.898545  	0.987982  	0.832324  
4.625000	204.348   	208.446   	200.317   	200.317   	4.07803   	2.90583   	0.907087  	0.996848  	0.840351  
4.650000	206.336   	210.458   	202.233   	202.233   	4.11881   	2.93166   	0.91563   	1.00571   	0.848377  
4.675000	208.325   	212.469   	204.148   	204.148   	4.15959   	2.95749   	0.924172  	1.01458   	0.856404  
4.700000	210.313   	214.48    	206.063   	206.063   	4.20038   	2.98332   	0.932715  	1.02344   	0.864431  
4.725000	212.301   	216.491   	207.979   	207.979   	4.24116   	3.00915   	0.941257  	1.03231   	0.872458  
4.750000	214.289   	218.503   	209.894   	209.894   	4.28194   	3.03498   	0.9498    	1.04117   	0.880484  
4.775000	216.277   	220.514   	211.81    	211.81    	4.32272   	3.06081   	0.958342  	1.05004   	0.888511  
4.800000	218.266   	222.525   	213.725   	213.725   	4.3635    	3.08665   	0.966885  	1.05891   	0.896538  
4.825000	220.254   	224.536   	215.641   	215.641   	4.40428   	3.11248   	0.975427  	1.06777   	0.904565  
4.850000	222.242   	226.548   	217.556   	217.556   	4.44507   	3.13831   	0.98397   	1.07664   	0.912592  
4.875000	224.23    	228.559   	219.471   	219.471   	4.48585   	3.16414   	0.992512  	1.0855    	0.920618  
4.900000	226.218   	230.57    	221.387   	221.387   	4.52663   	3.18997   	1.00105   	1.09437   	0.928645  
4.925000	228.207   	232.581   	223.302   	223.302   	4.56741   	3.2158    	1.0096    	1.10323   	0.936672  
4.950000	230.195   	234.593   	225.218   	225.218   	4.60819   	3.24163   	1.01814   	1.1121    	0.944699  
4.975000	232.183   	236.604   	227.133   	227.133   	4.64897   	3.26747   	1.02668   	1.12096   	0.952725  
5.000000	234.171   	238.615   	229.048   	229.048   	4.68976   	3.2933    	1.03522   	1.12983   	0.960752  
5.025000	236.322   	240.797   	231.123   	231.123   	4.73425   	3.32104   	1.04449   	1.13936   	0.96947   
5.050000	238.473   	242.979   	233.198   	233.198   	4.77875   	3.34879   	1.05375   	1.1489    	0.978188  
5.075000	240.624   	245.161   	235.273   	235.273   	4.82325   	3.37654   	1.06302   	1.15843   	0.986906  
5.100000	242.776   	247.343   	237.347   	237.347   	4.86775   	3.40429   	1.07228   	1.16797   	0.995625  
5.125000	244.927   	249.525   	239.422   	239.422   	4.91225   	3.43203   	1.08155   	1.1775    	1.00434   
5.150000	247.078   	251.707   	241.497   	241.497   	4.95675   	3.45978   	1.09081   	1.18703   	1.01306   
5.175000	249.229   	253.889   	243.571   	243.571   	5.00125   	3.48753   	1.10007   	1.19657   	1.02178   
5.200000	251.38    	256.071   	245.646   	245.646   	5.04575   	3.51528   	1.10934   	1.2061    	1.0305    
5.225000	253.531   	258.253   	247.721   	247.721   	5.09025   	3.54302   	1.1186    	1.21564   	1.03922   
5.250000	255.682   	260.435   	249.796   	249.796   	5.13475   	3.57077   	1.12787   	1.22517   	1.04793   
5.275000	257.833   	262.617   	251.87    	251.87    	5.17925   	3.59852   	1.13713   	1.23471   	1.05665   
5.300000	259.984   	264.799   	253.945   	253.945   	5.22375   	3.62627   	1.1464    	1.24424   	1.06537   
5.325000	262.135   	266.981   	256.02    	256.02    	5.26825   	3.65401   	1.15566   	1.25377   	1.07409   
5.350000	264.286   	269.163   	258.095   	258.095   	5.31275   	3.68176   	1.16493   	1.26331   	1.08281   
5.375000	266.437   	271.345   	260.169   	260.169   	5.35724   	3.70951   	1.17419   	1.27284   	1.09152   
5.400000	268.588   	273.527   	262.244   	262.244   	5.40174   	3.73726   	1.18345   	1.28238   	1.10024   
5.425000	270.739   	275.709   	264.319   	264.319   	5.44624   	3.765     	1.19272   	1.29191   	1.10896   
5.450000	272.89    	277.891   	266.393   	266.393   	5.49074   	3.79275   	1.20198   	1.30144   	1.11768   
5.475000	275.041   	280.073   	268.468   	268.468   	5.53524   	3.8205    	1.21125   	1.31098   	1.1264    
5.500000	277.192   	282.255   	270.543   	270.543   	5.57974   	3.84825   	1.22051   	1.32051   	1.13511   
5.525000	279.504   	284.606   	272.775   	272.775   	5.62794   	3.87788   	1.23049   	1.33071   	1.14452   
5.550000	281.816   	286.957   	275.007   	275.007   	5.67613   	3.90752   	1.24047   	1.3409    	1.15392   
5.575000	284.128   	289.308   	277.24    	277.24    	5.72433   	3.93716   	1.25045   	1.35109   	1.16333   
5.600000	286.439   	291.659   	279.472   	279.472   	5.77253   	3.96679   	1.26043   	1.36128   	1.17273   
5.625000	288.751   	294.01    	281.704   	281.704   	5.82072   	3.99643   	1.27041   	1.37148   	1.18214   
5.650000	291.063   	296.361   	283.936   	283.936   	5.86892   	4.02607   	1.28039   	1.38167   	1.19154   
5.675000	293.374   	298.712   	286.169   	286.169   	5.91711   	4.0557    	1.29037   	1.39186   	1.20095   
5.700000	295.686   	301.063   	288.401   	288.401   	5.96531   	4.08534   	1.30035   	1.40205   	1.21035   
5.725000	297.998   	303.414   	290.633   	290.633   	6.01351   	4.11498   	1.31033   	1.41225   	1.21975   
5.750000	300.31    	305.765   	292.865   	292.865   	6.0617    	4.14461   	1.32031   	1.42244   	1.22916   
5.775000	302.621   	308.116   	295.098   	295.098   	6.1099    	4.17425   	1.33029   	1.43263   	1.23856   
5.800000	304.933   	310.467   	297.33    	297.33    	6.1581    	4.20389   	1.34027   	1.44282   	1.24797   
5.825000	307.245   	312.818   	299.562   	299.562   	6.20629   	4.23352   	1.35026   	1.45302   	1.25737   
5.850000	309.556   	315.169   	301.795   	301.795   	6.25449   	4.26316   	1.36024   	1.46321   	1.26678   
5.875000	311.868   	317.52    	304.027   	304.027   	6.30268   	4.29279   	1.37022   	1.4734    	1.27618   
5.900000	314.18    	319.871   	306.259   	306.259   	6.35088   	4.32243   	1.3802    	1.4836    	1.28559   
5.925000	316.491   	322.223   	308.491   	308.491   	6.39908   	4.35207   	1.39018   	1.49379   	1.29499   
5.950000	318.803   	324.574   	310.724   	310.724   	6.44727   	4.3817    	1.40016   	1.50398   	1.30439   
5.975000	321.115   	326.925   	312.956   	312.956   	6.49547   	4.41134   	1.41014   	1.51417   	1.3138    
6.000000	323.427   	329.276   	315.188   	315.188   	6.54366   	4.44098   	1.42012   	1.52437   	1.3232    
6.025000	325.897   	331.794   	317.576   	317.576   	6.59554   	4.47248   	1.43081   	1.53521   	1.33329   
6.050000	328.367   	334.313   	319.965   	319.965   	6.64741   	4.50398   	1.4415    	1.54605   	1.34338   
6.075000	330.838   	336.831   	322.353   	322.353   	6.69929   	4.53548   	1.45219   	1.55689   	1.35346   
6.100000	333.308   	339.35    	324.741   	324.741   	6.75116   	4.56699   	1.46288   	1.56773   	1.36355   
6.125000	335.778   	341.868   	327.129   	327.129   	6.80304   	4.59849   	1.47357   	1.57858   	1.37363   
6.150000	338.249   	344.387   	329.517   	329.517   	6.85491   	4.62999   	1.48426   	1.58942   	1.38372   
6.175000	340.719   	346.905   	331.906   	331.906   	6.90678   	4.66149   	1.49496   	1.60026   	1.39381   
6.200000	343.189   	349.424   	334.294   	334.294   	6.95866   	4.69299   	1.50565   	1.6111    	1.40389   
6.225000	345.66    	351.943   	336.682   	336.682   	7.01053   	4.72449   	1.51634   	1.62194   	1.41398   
6.250000	348.13    	354.461   	339.07    	339.07    	7.06241   	4.756     	1.52703   	1.63279   	1.42406   
6.275000	350.6     	356.98    	341.458   	341.458   	7.11428   	4.7875    	1.53772   	1.64363   	1.43415   
6.300000	353.071   	359.498   	343.847   	343.847   	7.16616   	4.819     	1.54841   	1.65447   	1.44424   
6.325000	355.541   	362.017   	346.235   	346.235   	7.21803   	4.8505    	1.5591    	1.66531   	1.45432   
6.350000	358.011   	364.535   	348.623   	348.623   	7.2699    	4.882     	1.56979   	1.67616   	1.46441   
6.375000	360.482   	367.054   	351.011   	351.011   	7.32178   	4.9135    	1.58049   	1.687     	1.4745    
6.400000	362.952   	369.572   	353.399   	353.399   	7.37365   	4.94501   	1.59118   	1.69784   	1.48458   
6.425000	365.422   	372.091   	355.788   	355.788   	7.42553   	4.97651   	1.60187   	1.70868   	1.49467   
6.450000	367.893   	374.609   	358.176   	358.176   	7.4774    	5.00801   	1.61256   	1.71952   	1.50475   
6.475000	370.363   	377.128   	360.564   	360.564   	7.52928   	5.03951   	1.62325   	1.73037   	1.51484   
6.500000	372.833   	379.647   	362.952   	362.952   	7.58115   	5.07101   	1.63394   	1.74121   	1.52493   
6.525000	375.46    	382.331   	365.495   	365.495   	7.63669   	5.10436   	1.64534   	1.75269   	1.53569   
6.550000	378.088   	385.016   	368.038   	368.038   	7.69222   	5.1377    	1.65674   	1.76417   	1.54645   
6.575000	380.715   	387.701   	370.58    	370.58    	7.74776   	5.17105   	1.66813   	1.77566   	1.55722   
6.600000	383.342   	390.385   	373.123   	373.123   	7.80329   	5.20439   	1.67953   	1.78714   	1.56798   
6.625000	385.969   	393.07    	375.666   	375.666   	7.85883   	5.23774   	1.69093   	1.79862   	1.57875   
6.650000	388.596   	395.755   	378.209   	378.209   	7.91436   	5.27108   	1.70233   	1.81011   	1.58951   
6.675000	391.223   	398.44    	380.751   	380.751   	7.9699    	5.30443   	1.71372   	1.82159   	1.60027   
6.700000	393.85    	401.124   	383.294   	383.294   	8.02543   	5.33777   	1.72512   	1.83307   	1.61104   
6.725000	396.478   	403.809   	385.837   	385.837   	8.08097   	5.37112   	1.73652   	1.84456   	1.6218    
6.750000	399.105   	406.494   	388.379   	388.379   	8.13651   	5.40446   	1.74792   	1.85604   	1.63257   
6.775000	401.732   	409.178   	390.922   	390.922   	8.19204   	5.43781   	1.75931   	1.86752   	1.64333   
6.800000	404.359   	411.863   	393.465   	393.465   	8.24758   	5.47115   	1.77071   	1.87901   	1.65409   
6.825000	406.986   	414.548   	396.008   	396.008   	8.30311   	5.5045    	1.78211   	1.89049   	1.66486   
6.850000	409.613   	417.232   	398.55    	398.55    	8.35865   	5.53784   	1.79351   	1.90197   	1.67562   
6.875000	412.24    	419.917   	401.093   	401.093   	8.41418   	5.57119   	1.8049    	1.91346   	1.68638   
6.900000	414.868   	422.602   	403.636   	403.636   	8.46972   	5.60453   	1.8163    	1.92494   	1.69715   
6.925000	417.495   	425.287   	406.179   	406.179   	8.52525   	5.63788   	1.8277    	1.93642   	1.70791   
6.950000	420.122   	427.971   	408.721   	408.721   	8.58079   	5.67122   	1.83909   	1.94791   	1.71868   
6.975000	422.749   	430.656   	411.264   	411.264   	8.63632   	5.70457   	1.85049   	1.95939   	1.72944   
7.000000	425.376   	433.341   	413.807   	413.807   	8.69186   	5.73791   	1.86189   	1.97087   	1.7402    
7.025000	428.158   	436.19    	416.503   	416.503   	8.75104   	5.77308   	1.87399   	1.98299   	1.75164   
7.050000	430.941   	439.04    	419.199   	419.199   	8.81022   	5.80825   	1.88609   	1.99511   	1.76308   
7.075000	433.723   	441.89    	421.894   	421.894   	8.8694    	5.84341   	1.89819   	2.00723   	1.77452   
7.100000	436.505   	444.739   	424.59    	424.59    	8.92859   	5.87858   	1.91029   	2.01934   	1.78596   
7.125000	439.287   	447.589   	427.286   	427.286   	8.98777   	5.91375   	1.92239   	2.03146   	1.79739   
7.150000	442.07    	450.438   	429.982   	429.982   	9.04695   	5.94892   	1.93449   	2.04358   	1.80883   
7.175000	444.852   	453.288   	432.678   	432.678   	9.10613   	5.98408   	1.94659   	2.05569   	1.82027   
7.200000	447.634   	456.138   	435.374   	435.374   	9.16531   	6.01925   	1.95869   	2.06781   	1.83171   
7.225000	450.416   	458.987   	438.07    	438.07    	9.22449   	6.05442   	1.97079   	2.07993   	1.84315   
7.250000	453.198   	461.837   	440.766   	440.766   	9.28367   	6.08959   	1.98288   	2.09205   	1.85458   
7.275000	455.981   	464.686   	443.462   	443.462   	9.34285   	6.12476   	1.99498   	2.10416   	1.86602   
7.300000	458.763   	467.536   	446.158   	446.158   	9.40204   	6.15992   	2.00708   	2.11628   	1.87746   
7.325000	461.545   	470.386   	448.854   	448.854   	9.46122   	6.19509   	2.01918   	2.1284    	1.8889    
7.350000	464.327   	473.235   	451.55    	451.55    	9.5204    	6.23026   	2.03128   	2.14052   	1.90034   
7.375000	467.11    	476.085   	454.246   	454.246   	9.57958   	6.26543   	2.04338   	2.15263   	1.91177   
7.400000	469.892   	478.935   	456.941   	456.941   	9.63876   	6.30059   	2.05548   	2.16475   	1.92321   
7.425000	472.674   	481.784   	459.637   	459.637   	9.69794   	6.33576   	2.06758   	2.17687   	1.93465   
7.450000	475.456   	484.634   	462.333   	462.333   	9.75712   	6.37093   	2.07968   	2.18898   	1.94609   
7.475000	478.239   	487.483   	465.029   	465.029   	9.8163    	6.4061    	2.09178   	2.2011    	1.95753   
7.500000	481.021   	490.333   	467.725   	467.725   	9.87549   	6.44127   	2.10388   	2.21322   	1.96896   
7.525000	483.957   	493.346   	470.573   	470.573   	9.9383    	6.47824   	2.11668   	2.22596   	1.98107   
7.550000	486.892   	496.36    	473.421   	473.421   	10.0011   	6.51521   	2.12948   	2.23871   	1.99318   
7.575000	489.828   	499.373   	476.269   	476.269   	10.0639   	6.55219   	2.14227   	2.25145   	2.00529   
7.600000	492.764   	502.387   	479.117   	479.117   	10.1267   	6.58916   	2.15507   	2.2642    	2.0174    
7.625000	495.7     	505.4     	481.965   	481.965   	10.1896   	6.62613   	2.16787   	2.27694   	2.02951   
7.650000	498.635   	508.413   	484.813   	484.813   	10.2524   	6.66311   	2.18067   	2.28969   	2.04162   
7.675000	501.571   	511.427   	487.661   	487.661   	10.3152   	6.70008   	2.19346   	2.30243   	2.05373   
7.700000	504.507   	514.44    	490.509   	490.509   	10.378    	6.73706   	2.20626   	2.31517   	2.06583   
7.725000	507.443   	517.454   	493.356   	493.356   	10.4408   	6.77403   	2.21906   	2.32792   	2.07794   
7.750000	510.378   	520.467   	496.204   	496.204   	10.5036   	6.811     	2.23186   	2.34066   	2.09005   
7.775000	513.314   	523.48    	499.052   	499.052   	10.5664   	6.84798   	2.24466   	2.35341   	2.10216   
7.800000	516.25    	526.494   	501.9     	501.9     	10.6292   	6.88495   	2.25745   	2.36615   	2.11427   
7.825000	519.186   	529.507   	504.748   	504.748   	10.6921   	6.92192   	2.27025   	2.3789    	2.12638   
7.850000	522.121   	532.521   	507.596   	507.596   	10.7549   	6.9589    	2.28305   	2.39164   	2.13849   
7.875000	525.057   	535.534   	510.444   	510.444   	10.8177   	6.99587   	2.29585   	2.40439   	2.1506    
7.900000	527.993   	538.547   	513.292   	513.292   	10.8805   	7.03284   	2.30865   	2.41713   	2.1627    
7.925000	530.929   	541.561   	516.14    	516.14    	10.9433   	7.06982   	2.32144   	2.42988   	2.17481   
7.950000	533.864   	544.574   	518.988   	518.988   	11.0061   	7.10679   	2.33424   	2.44262   	2.18692   
7.975000	536.8     	547.588   	521.836   	521.836   	11.0689   	7.14377   	2.34704   	2.45536   	2.19903   
8.000000	539.736   	550.601   	524.684   	524.684   	11.1317   	7.18074   	2.35984   	2.46811   	2.21114   
8.025000	542.824   	553.777   	527.682   	527.682   	11.1982   	7.2195    	2.37333   	2.48147   	2.22392   
8.050000	545.911   	556.953   	530.681   	530.681   	11.2646   	7.25827   	2.38682   	2.49484   	2.23669   
8.075000	548.999   	560.13    	533.68    	533.68    	11.331    	7.29704   	2.40032   	2.50821   	2.24947   
8.100000	552.087   	563.306   	536.679   	536.679   	11.3975   	7.3358    	2.41381   	2.52157   	2.26225   
8.125000	555.175   	566.482   	539.678   	539.678   	11.4639   	7.37457   	2.4273    	2.53494   	2.27502   
8.150000	558.263   	569.658   	542.677   	542.677   	11.5303   	7.41333   	2.44079   	2.5483    	2.2878    
8.175000	561.35    	572.834   	545.675   	545.675   	11.5968   	7.4521    	2.45429   	2.56167   	2.30058   
8.200000	564.438   	576.01    	548.674   	548.674   	11.6632   	7.49086   	2.46778   	2.57504   	2.31335   
8.225000	567.526   	579.186   	551.673   	551.673   	11.7296   	7.52963   	2.48127   	2.5884    	2.32613   
8.250000	570.614   	582.363   	554.672   	554.672   	11.7961   	7.5684    	2.49477   	2.60177   	2.33891   
8.275000	573.702   	585.539   	557.671   	557.671   	11.8625   	7.60716   	2.50826   	2.61513   	2.35168   
8.300000	576.789   	588.715   	560.67    	560.67    	11.9289   	7.64593   	2.52175   	2.6285    	2.36446   
8.325000	579.877   	591.891   	563.668   	563.668   	11.9954   	7.68469   	2.53524   	2.64186   	2.37724   
8.350000	582.965   	595.067   	566.667   	566.667   	12.0618   	7.72346   	2.54874   	2.65523   	2.39001   
8.375000	586.053   	598.243   	569.666   	569.666   	12.1282   	7.76222   	2.56223   	2.6686    	2.40279   
8.400000	589.14    	601.419   	572.665   	572.665   	12.1946   	7.80099   	2.57572   	2.68196   	2.41557   
8.425000	592.228   	604.596   	575.664   	575.664   	12.2611   	7.83975   	2.58922   	2.69533   	2.42834   
8.450000	595.316   	607.772   	578.662   	578.662   	12.3275   	7.87852   	2.60271   	2.70869   	2.44112   
8.475000	598.404   	610.948   	581.661   	581.661   	12.3939   	7.91729   	2.6162    	2.72206   	2.4539    
8.500000	601.492   	614.124   	584.66    	584.66    	12.4604   	7.95605   	2.62969   	2.73542   	2.46667   
8.525000	604.73    	617.462   	587.809   	587.809   	12.5304   	7.99659   	2.64388   	2.74941   	2.48012   
8.550000	607.968   	620.8     	590.958   	590.958   	12.6004   	8.03713   	2.65806   	2.76339   	2.49356   
8.575000	611.207   	624.138   	594.106   	594.106   	12.6705   	8.07768   	2.67225   	2.77737   	2.507     
8.600000	614.445   	627.476   	597.255   	597.255   	12.7405   	8.11822   	2.68643   	2.79135   	2.52044   
8.625000	617.684   	630.814   	600.404   	600.404   	12.8106   	8.15876   	2.70062   	2.80533   	2.53388   
8.650000	620.922   	634.152   	603.552   	603.552   	12.8806   	8.1993    	2.7148    	2.81931   	2.54733   
8.675000	624.161   	637.489   	606.701   	606.701   	12.9506   	8.23984   	2.72899   	2.83329   	2.56077   
8.700000	627.399   	640.827   	609.85    	609.85    	13.0207   	8.28039   	2.74317   	2.84728   	2.57421   
8.725000	630.637   	644.165   	612.998   	612.998   	13.0907   	8.32093   	2.75735   	2.86126   	2.58765   
8.750000	633.876   	647.503   	616.147   	616.147   	13.1608   	8.36147   	2.77154   	2.87524   	2.60109   
8.775000	637.114   	650.841   	619.296   	619.296   	13.2308   	8.40201   	2.78572   	2.88922   	2.61454   
8.800000	640.353   	654.179   	622.444   	622.444   	13.3008   	8.44255   	2.79991   	2.9032    	2.62798   
8.825000	643.591   	657.517   	625.593   	625.593   	13.3709   	8.4831    	2.81409   	2.91718   	2.64142   
8.850000	646.83    	660.855   	628.742   	628.742   	13.4409   	8.52364   	2.82828   	2.93116   	2.65486   
8.875000	650.068   	664.193   	631.891   	631.891   	13.5109   	8.56418   	2.84246   	2.94514   	2.6683    
8.900000	653.307   	667.531   	635.039   	635.039   	13.581    	8.60472   	2.85665   	2.95913   	2.68174   
8.925000	656.545   	670.869   	638.188   	638.188   	13.651    	8.64526   	2.87083   	2.97311   	2.69519   
8.950000	659.783   	674.207   	641.337   	641.337   	13.7211   	8.68581   	2.88502   	2.98709   	2.70863   
8.975000	663.022   	677.545   	644.485   	644.485   	13.7911   	8.72635   	2.8992    	3.00107   	2.72207   
9.000000	666.26    	680.883   	647.634   	647.634   	13.8611   	8.76689   	2.91339   	3.01505   	2.73551   
9.025000	669.648   	684.381   	650.932   	650.932   	13.9348   	8.80919   	2.92826   	3.02964   	2.74962   
9.050000	673.036   	687.88    	654.229   	654.229   	14.0084   	8.85149   	2.94313   	3.04424   	2.76372   
9.075000	676.424   	691.379   	657.527   	657.527   	14.082    	8.89378   	2.95801   	3.05883   	2.77783   
9.100000	679.811   	694.878   	660.825   	660.825   	14.1557   	8.93608   	2.97288   	3.07342   	2.79193   
9.125000	683.199   	698.377   	664.122   	664.122   	14.2293   	8.97838   	2.98775   	3.08801   	2.80603   
9.150000	686.587   	701.875   	667.42    	667.42    	14.3029   	9.02068   	3.00263   	3.1026    	2.82014   
9.175000	689.975   	705.374   	670.717   	670.717   	14.3766   	9.06297   	3.0175    	3.11719   	2.83424   
9.200000	693.362   	708.873   	674.015   	674.015   	14.4502   	9.10527   	3.03237   	3.13179   	2.84835   
9.225000	696.75    	712.372   	677.313   	677.313   	14.5238   	9.14757   	3.04725   	3.14638   	2.86245   
9.250000	700.138   	715.871   	680.61    	680.61    	14.5975   	9.18987   	3.06212   	3.16097   	2.87656   
9.275000	703.526   	719.37    	683.908   	683.908   	14.6711   	9.23217   	3.07699   	3.17556   	2.89066   
9.300000	706.913   	722.868   	687.206   	687.206   	14.7447   	9.27446   	3.09187   	3.19015   	2.90477   
9.325000	710.301   	726.367   	690.503   	690.503   	14.8184   	9.31676   	3.10674   	3.20475   	2.91887   
9.350000	713.689   	729.866   	693.801   	693.801   	14.892    	9.35906   	3.12161   	3.21934   	2.93298   
9.375000	717.077   	733.365   	697.098   	697.098   	14.9656   	9.40136   	3.13649   	3.23393   	2.94708   
9.400000	720.464   	736.864   	700.396   	700.396   	15.0393   	9.44365   	3.15136   	3.24852   	2.96119   
9.425000	723.852   	740.362   	703.694   	703.694   	15.1129   	9.48595   	3.16624   	3.26311   	2.97529   
9.450000	727.24    	743.861   	706.991   	706.991   	15.1865   	9.52825   	3.18111   	3.27771   	2.98939   
9.475000	730.628   	747.36    	710.289   	710.289   	15.2602   	9.57055   	3.19598   	3.2923    	3.0035    
9.500000	734.015   	750.859   	713.586   	713.586   	15.3338   	9.61285   	3.21086   	3.30689   	3.0176    
9.525000	737.551   	754.514   	717.032   	717.032   	15.411    	9.65688   	3.22642   	3.32209   	3.03237   
9.550000	741.087   	758.169   	720.478   	720.478   	15.4882   	9.70091   	3.24198   	3.33728   	3.04713   
9.575000	744.623   	761.824   	723.923   	723.923   	15.5654   	9.74494   	3.25754   	3.35248   	3.0619    
9.600000	748.159   	765.479   	727.369   	727.369   	15.6427   	9.78897   	3.2731    	3.36768   	3.07666   
9.625000	751.695   	769.133   	730.815   	730.815   	15.7199   	9.833     	3.28866   	3.38288   	3.09143   
9.650000	755.23    	772.788   	734.26    	734.26    	15.7971   	9.87703   	3.30421   	3.39807   	3.10619   
9.675000	758.766   	776.443   	737.706   	737.706   	15.8743   	9.92106   	3.31977   	3.41327   	3.12096   
9.700000	762.302   	780.098   	741.152   	741.152   	15.9515   	9.96509   	3.33533   	3.42847   	3.13572   
9.725000	765.838   	783.753   	744.597   	744.597   	16.0288   	10.0091   	3.35089   	3.44367   	3.15049   
9.750000	769.374   	787.408   	748.043   	748.043   	16.106    	10.0532   	3.36645   	3.45886   	3.16525   
9.775000	772.91    	791.063   	751.489   	751.489   	16.1832   	10.0972   	3.38201   	3.47406   	3.18002   
9.800000	776.446   	794.718   	754.934   	754.934   	16.2604   	10.1412   	3.39757   	3.48926   	3.19478   
9.825000	779.981   	798.373   	758.38    	758.38    	16.3376   	10.1853   	3.41313   	3.50446   	3.20955   
9.850000	783.517   	802.028   	761.826   	761.826   	16.4148   	10.2293   	3.42869   	3.51965   	3.22431   
9.875000	787.053   	805.683   	765.271   	765.271   	16.4921   	10.2733   	3.44425   	3.53485   	3.23908   
9.900000	790.589   	809.337   	768.717   	768.717   	16.5693   	10.3173   	3.45981   	3.55005   	3.25384   
9.925000	794.125   	812.992   	772.163   	772.163   	16.6465   	10.3614   	3.47537   	3.56525   	3.26861   
9.950000	797.661   	816.647   	775.608   	775.608   	16.7237   	10.4054   	3.49093   	3.58045   	3.28337   
9.975000	801.196   	820.302   	779.054   	779.054   	16.8009   	10.4494   	3.50649   	3.59564   	3.29814   
10.000000	804.732   	823.957   	782.5     	782.5     	16.8782   	10.4935   	3.52205   	3.61084   	3.3129    
10.025000	808.488   	827.72    	786.169   	786.169   	16.9609   	10.5402   	3.53866   	3.62696   	3.32868   
10.050000	812.243   	831.483   	789.838   	789.838   	17.0437   	10.5869   	3.55526   	3.64307   	3.34445   
10.075000	815.999   	835.245   	793.507   	793.507   	17.1265   	10.6336   	3.57187   	3.65919   	3.36022   
10.100000	819.755   	839.008   	797.176   	797.176   	17.2093   	10.6804   	3.58847   	3.67531   	3.37599   
10.125000	823.51    	842.771   	800.846   	800.845   	17.292    	10.7271   	3.60508   	3.69142   	3.39176   
10.150000	827.266   	846.533   	804.515   	804.515   	17.3748   	10.7738   	3.62169   	3.70754   	3.40753   
10.175000	831.022   	850.296   	808.184   	808.184   	17.4576   	10.8205   	3.63829   	3.72366   	3.42331   
10.200000	834.777   	854.059   	811.853   	811.853   	17.5404   	10.8672   	3.6549    	3.73977   	3.43908   
10.225000	838.533   	857.822   	815.522   	815.522   	17.6232   	10.914    	3.6715    	3.75589   	3.45485   
10.250000	842.288   	861.584   	819.192   	819.191   	17.7059   	10.9607   	3.68811   	3.77201   	3.47062   
10.275000	846.044   	865.347   	822.861   	822.861   	17.7887   	11.0074   	3.70471   	3.78813   	3.48639   
10.300000	849.8     	869.11    	826.53    	826.53    	17.8715   	11.0541   	3.72132   	3.80424   	3.50216   
10.325000	853.555   	872.872   	830.199   	830.199   	17.9543   	11.1009   	3.73792   	3.82036   	3.51794   
10.350000	857.311   	876.635   	833.868   	833.868   	18.037    	11.1476   	3.75453   	3.83648   	3.53371   
10.375000	861.067   	880.398   	837.538   	837.537   	18.1198   	11.1943   	3.77114   	3.85259   	3.54948   
10.400000	864.822   	884.161   	841.207   	841.207   	18.2026   	11.241    	3.78774   	3.86871   	3.56525   
10.425000	868.578   	887.923   	844.876   	844.876   	18.2854   	11.2877   	3.80435   	3.88483   	3.58102   
10.450000	872.333   	891.686   	848.545   	848.545   	18.3681   	11.3345   	3.82095   	3.90094   	3.5968    
10.475000	876.089   	895.449   	852.214   	852.214   	18.4509   	11.3812   	3.83756   	3.91706   	3.61257   
10.500000	879.845   	899.211   	855.884   	855.883   	18.5337   	11.4279   	3.85416   	3.93318   	3.62834   
10.525000	883.6     	902.974   	859.553   	859.553   	18.6165   	11.4746   	3.87077   	3.94929   	3.64411   
10.550000	887.356   	906.737   	863.222   	863.222   	18.6993   	11.5214   	3.88737   	3.96541   	3.65988   
10.575000	891.111   	910.5     	866.891   	866.891   	18.782    	11.5681   	3.90398   	3.98153   	3.67565   
10.600000	894.867   	914.262   	870.561   	870.56    	18.8648   	11.6148   	3.92059   	3.99764   	3.69143   
10.625000	898.623   	918.025   	874.23    	874.229   	18.9476   	11.6615   	3.93719   	4.01376   	3.7072    
10.650000	902.378   	921.788   	877.899   	877.899   	19.0304   	11.7082   	3.9538    	4.02988   	3.72297   
10.675000	906.134   	925.55    	881.568   	881.568   	19.1131   	11.755    	3.9704    	4.04599   	3.73874   
10.700000	909.89    	929.313   	885.237   	885.237   	19.1959   	11.8017   	3.98701   	4.06211   	3.75451   
10.725000	913.645   	933.076   	888.907   	888.906   	19.2787   	11.8484   	4.00361   	4.07823   	3.77029   
10.750000	917.401   	936.839   	892.576   	892.575   	19.3615   	11.8951   	4.02022   	4.09435   	3.78606   
10.775000	921.156   	940.601   	896.245   	896.245   	19.4443   	11.9418   	4.03682   	4.11046   	3.80183   
10.800000	924.912   	944.364   	899.914   	899.914   	19.527    	11.9886   	4.05343   	4.12658   	3.8176    
10.825000	928.668   	948.127   	903.583   	903.583   	19.6098   	12.0353   	4.07004   	4.1427    	3.83337   
10.850000	932.423   	951.89    	907.253   	907.252   	19.6926   	12.082    	4.08664   	4.15881   	3.84914   
10.875000	936.179   	955.652   	910.922   	910.921   	19.7754   	12.1287   	4.10325   	4.17493   	3.86492   
10.900000	939.935   	959.415   	914.591   	914.59    	19.8581   	12.1755   	4.11985   	4.19105   	3.88069   
10.925000	943.69    	963.178   	918.26    	918.26    	19.9409   	12.2222   	4.13646   	4.20716   	3.89646   
10.950000	947.446   	966.94    	921.929   	921.929   	20.0237   	12.2689   	4.15306   	4.22328   	3.91223   
10.975000	951.201   	970.703   	925.599   	925.598   	20.1065   	12.3156   	4.16967   	4.2394    	3.928     
11.000000	954.957   	974.466   	929.268   	929.267   	20.1893   	12.3623   	4.18627   	4.25551   	3.94378   
11.025000	959.002   	978.512   	933.235   	933.234   	20.2795   	12.4127   	4.20428   	4.27286   	3.9609    
11.050000	963.047   	982.558   	937.202   	937.201   	20.3698   	12.4631   	4.22229   	4.2902    	3.97802   
11.075000	967.092   	986.605   	941.168   	941.168   	20.46     	12.5134   	4.2403    	4.30755   	3.99515   
11.100000	971.137   	990.651   	945.135   	945.135   	20.5503   	12.5638   	4.25831   	4.32489   	4.01227   
11.125000	975.182   	994.697   	949.102   	949.101   	20.6405   	12.6141   	4.27632   	4.34224   	4.0294    
11.150000	979.227   	998.744   	953.069   	953.068   	20.7308   	12.6645   	4.29433   	4.35958   	4.04652   
11.175000	983.272   	1002.79   	957.036   	957.035   	20.8211   	12.7148   	4.31234   	4.37693   	4.06365   
11.200000	987.317   	1006.84   	961.003   	961.002   	20.9113   	12.7652   	4.33035   	4.39427   	4.08077   
11.225000	991.362   	1010.88   	964.97    	964.969   	21.0016   	12.8155   	4.34836   	4.41162   	4.0979    
11.250000	995.407   	1014.93   	968.937   	968.935   	21.0918   	12.8659   	4.36637   	4.42896   	4.11502   
11.275000	999.452   	1018.98   	972.903   	972.902   	21.1821   	12.9162   	4.38438   	4.44631   	4.13214   
11.300000	1003.5    	1023.02   	976.87    	976.869   	21.2724   	12.9666   	4.40239   	4.46365   	4.14927   
11.325000	1007.54   	1027.07   	980.837   	980.836   	21.3626   	13.017    	4.4204    	4.481     	4.16639   
11.350000	1011.59   	1031.11   	984.804   	984.803   	21.4529   	13.0673   	4.43841   	4.49835   	4.18352   
11.375000	1015.63   	1035.16   	988.771   	988.769   	21.5431   	13.1177   	4.45642   	4.51569   	4.20064   
11.400000	1019.68   	1039.21   	992.738   	992.736   	21.6334   	13.168    	4.47443   	4.53304   	4.21777   
11.425000	1023.72   	1043.25   	996.705   	996.703   	21.7237   	13.2184   	4.49244   	4.55038   	4.23489   
11.450000	1027.77   	1047.3    	1000.67   	1000.67   	21.8139   	13.2687   	4.51045   	4.56773   	4.25202   
11.475000	1031.81   	1051.35   	1004.64   	1004.64   	21.9042   	13.3191   	4.52846   	4.58507   	4.26914   
11.500000	1035.86   	1055.39   	1008.61   	1008.6    	21.9944   	13.3694   	4.54647   	4.60242   	4.28627   
11.525000	1039.9    	1059.44   	1012.57   	1012.57   	22.0847   	13.4198   	4.56448   	4.61976   	4.30339   
11.550000	1043.95   	1063.48   	1016.54   	1016.54   	22.175    	13.4701   	4.58249   	4.63711   	4.32051   
11.575000	1047.99   	1067.53   	1020.51   	1020.5    	22.2652   	13.5205   	4.6005    	4.65445   	4.33764   
11.600000	1052.04   	1071.58   	1024.47   	1024.47   	22.3555   	13.5709   	4.61851   	4.6718    	4.35476   
11.625000	1056.08   	1075.62   	1028.44   	1028.44   	22.4457   	13.6212   	4.63652   	4.68914   	4.37189   
11.650000	1060.13   	1079.67   	1032.41   	1032.4    	22.536    	13.6716   	4.65453   	4.70649   	4.38901   
11.675000	1064.17   	1083.72   	1036.37   	1036.37   	22.6262   	13.7219   	4.67254   	4.72383   	4.40614   
11.700000	1068.22   	1087.76   	1040.34   	1040.34   	22.7165   	13.7723   	4.69055   	4.74118   	4.42326   
11.725000	1072.26   	1091.81   	1044.31   	1044.3    	22.8068   	13.8226   	4.70856   	4.75852   	4.44039   
11.750000	1076.31   	1095.86   	1048.27   	1048.27   	22.897    	13.873    	4.72657   	4.77587   	4.45751   
11.775000	1080.35   	1099.9    	1052.24   	1052.24   	22.9873   	13.9233   	4.74458   	4.79321   	4.47464   
11.800000	1084.4    	1103.95   	1056.21   	1056.21   	23.0775   	13.9737   	4.76259   	4.81056   	4.49176   
11.825000	1088.44   	1107.99   	1060.17   	1060.17   	23.1678   	14.024    	4.7806    	4.8279    	4.50888   
11.850000	1092.49   	1112.04   	1064.14   	1064.14   	23.2581   	14.0744   	4.79861   	4.84525   	4.52601   
11.875000	1096.53   	1116.09   	1068.11   	1068.11   	23.3483   	14.1248   	4.81662   	4.86259   	4.54313   
11.900000	1100.58   	1120.13   	1072.07   	1072.07   	23.4386   	14.1751   	4.83463   	4.87994   	4.56026   
11.925000	1104.62   	1124.18   	1076.04   	1076.04   	23.5288   	14.2255   	4.85264   	4.89728   	4.57738   
11.950000	1108.67   	1128.23   	1080.01   	1080.01   	23.6191   	14.2758   	4.87065   	4.91463   	4.59451   
11.975000	1112.71   	1132.27   	1083.98   	1083.97   	23.7094   	14.3262   	4.88866   	4.93197   	4.61163   
12.000000	1116.76   	1136.32   	1087.94   	1087.94   	23.7996   	14.3765   	4.90667   	4.94932   	4.62876   
12.025000	1121.09   	1140.65   	1092.2    	1092.2    	23.8973   	14.4304   	4.92608   	4.96788   	4.64723   
12.050000	1125.42   	1144.97   	1096.47   	1096.46   	23.9949   	14.4844   	4.94549   	4.98644   	4.6657    
12.075000	1129.75   	1149.3    	1100.73   	1100.72   	24.0926   	14.5383   	4.96489   	5.005     	4.68417   
12.100000	1134.08   	1153.63   	1104.99   	1104.99   	24.1902   	14.5922   	4.9843    	5.02356   	4.70265   
12.125000	1138.41   	1157.95   	1109.25   	1109.25   	24.2879   	14.6461   	5.00371   	5.04213   	4.72112   
12.150000	1142.74   	1162.28   	1113.51   	1113.51   	24.3855   	14.7      	5.02312   	5.06069   	4.73959   
12.175000	1147.07   	1166.61   	1117.77   	1117.77   	24.4832   	14.7539   	5.04253   	5.07925   	4.75807   
12.200000	1151.4    	1170.93   	1122.03   	1122.03   	24.5809   	14.8078   	5.06194   	5.09781   	4.77654   
12.225000	1155.73   	1175.26   	1126.3    	1126.29   	24.6785   	14.8617   	5.08135   	5.11637   	4.79501   
12.250000	1160.06   	1179.59   	1130.56   	1130.55   	24.7762   	14.9156   	5.10075   	5.13493   	4.81348   
12.275000	1164.39   	1183.91   	1134.82   	1134.82   	24.8738   	14.9695   	5.12016   	5.15349   	4.83196   
12.300000	1168.72   	1188.24   	1139.08   	1139.08   	24.9715   	15.0234   	5.13957   	5.17206   	4.85043   
12.325000	1173.05   	1192.57   	1143.34   	1143.34   	25.0691   	15.0774   	5.15898   	5.19062   	4.8689    
12.350000	1177.38   	1196.89   	1147.6    	1147.6    	25.1668   	15.1313   	5.17839   	5.20918   	4.88738   
12.375000	1181.71   	1201.22   	1151.87   	1151.86   	25.2644   	15.1852   	5.1978    	5.22774   	4.90585   
12.400000	1186.04   	1205.55   	1156.13   	1156.12   	25.3621   	15.2391   	5.21721   	5.2463    	4.92432   
12.425000	1190.37   	1209.87   	1160.39   	1160.38   	25.4598   	15.293    	5.23661   	5.26486   	4.9428    
12.450000	1194.7    	1214.2    	1164.65   	1164.65   	25.5574   	15.3469   	5.25602   	5.28342   	4.96127   
12.475000	1199.03   	1218.53   	1168.91   	1168.91   	25.6551   	15.4008   	5.27543   	5.30198   	4.97974   
12.500000	1203.36   	1222.85   	1173.17   	1173.17   	25.7527   	15.4547   	5.29484   	5.32055   	4.99821   
12.525000	1207.69   	1227.18   	1177.43   	1177.43   	25.8504   	15.5086   	5.31425   	5.33911   	5.01669   
12.550000	1212.02   	1231.51   	1181.7    	1181.69   	25.948    	15.5625   	5.33366   	5.35767   	5.03516   
12.575000	1216.35   	1235.83   	1185.96   	1185.95   	26.0457   	15.6164   	5.35307   	5.37623   	5.05363   
12.600000	1220.68   	1240.16   	1190.22   	1190.21   	26.1433   	15.6704   	5.37247   	5.39479   	5.07211   
12.625000	1225.02   	1244.49   	1194.48   	1194.48   	26.241    	15.7243   	5.39188   	5.41335   	5.09058   
12.650000	1229.35   	1248.81   	1198.74   	1198.74   	26.3386   	15.7782   	5.41129   	5.43191   	5.10905   
12.675000	1233.68   	1253.14   	1203      	1203      	26.4363   	15.8321   	5.4307    	5.45048   	5.12752   
12.700000	1238.01   	1257.47   	1207.27   	1207.26   	26.534    	15.886    	5.45011   	5.46904   	5.146     
12.725000	1242.34   	1261.79   	1211.53   	1211.52   	26.6316   	15.9399   	5.46952   	5.4876    	5.16447   
12.750000	1246.67   	1266.12   	1215.79   	1215.78   	26.7293   	15.9938   	5.48893   	5.50616   	5.18294   
12.775000	1251      	1270.44   	1220.05   	1220.05   	26.8269   	16.0477   	5.50833   	5.52472   	5.20142   
12.800000	1255.33   	1274.77   	1224.31   	1224.31   	26.9246   	16.1016   	5.52774   	5.54328   	5.21989   
12.825000	1259.66   	1279.1    	1228.57   	1228.57   	27.0222   	16.1555   	5.54715   	5.56184   	5.23836   
12.850000	1263.99   	1283.42   	1232.83   	1232.83   	27.1199   	16.2094   	5.56656   	5.58041   	5.25683   
12.875000	1268.32   	1287.75   	1237.1    	1237.09   	27.2175   	16.2634   	5.58597   	5.59897   	5.27531   
12.900000	1272.65   	1292.08   	1241.36   	1241.35   	27.3152   	16.3173   	5.60538   	5.61753   	5.29378   
12.925000	1276.98   	1296.4    	1245.62   	1245.61   	27.4129   	16.3712   	5.62479   	5.63609   	5.31225   
12.950000	1281.31   	1300.73   	1249.88   	1249.88   	27.5105   	16.4251   	5.64419   	5.65465   	5.33073   
12.975000	1285.64   	1305.06   	1254.14   	1254.14   	27.6082   	16.479    	5.6636    	5.67321   	5.3492    
13.000000	1289.97   	1309.38   	1258.4    	1258.4    	27.7058   	16.5329   	5.68301   	5.69177   	5.36767   
13.025000	1294.58   	1313.99   	1262.96   	1262.95   	27.8108   	16.5903   	5.70381   	5.71154   	5.38749   
13.050000	1299.19   	1318.59   	1267.51   	1267.5    	27.9157   	16.6477   	5.72461   	5.7313    	5.4073    
13.075000	1303.81   	1323.2    	1272.06   	1272.06   	28.0207   	16.705    	5.74541   	5.75106   	5.42711   
13.100000	1308.42   	1327.8    	1276.62   	1276.61   	28.1257   	16.7624   	5.7662    	5.77083   	5.44693   
13.125000	1313.03   	1332.4    	1281.17   	1281.16   	28.2306   	16.8198   	5.787     	5.79059   	5.46674   
13.150000	1317.64   	1337.01   	1285.72   	1285.72   	28.3356   	16.8771   	5.8078    	5.81035   	5.48655   
13.175000	1322.25   	1341.61   	1290.28   	1290.27   	28.4406   	16.9345   	5.8286    	5.83011   	5.50637   
13.200000	1326.86   	1346.22   	1294.83   	1294.82   	28.5455   	16.9919   	5.8494    	5.84988   	5.52618   
13.225000	1331.48   	1350.82   	1299.38   	1299.38   	28.6505   	17.0493   	5.87019   	5.86964   	5.54599   
13.250000	1336.09   	1355.42   	1303.94   	1303.93   	28.7555   	17.1066   	5.89099   	5.8894    	5.56581   
13.275000	1340.7    	1360.03   	1308.49   	1308.48   	28.8604   	17.164    	5.91179   	5.90917   	5.58562   
13.300000	1345.31   	1364.63   	1313.04   	1313.04   	28.9654   	17.2214   	5.93259   	5.92893   	5.60543   
13.325000	1349.92   	1369.24   	1317.6    	1317.59   	29.0704   	17.2788   	5.95339   	5.94869   	5.62525   
13.350000	1354.54   	1373.84   	1322.15   	1322.14   	29.1753   	17.3361   	5.97418   	5.96845   	5.64506   
13.375000	1359.15   	1378.44   	1326.7    	1326.7    	29.2803   	17.3935   	5.99498   	5.98822   	5.66487   
13.400000	1363.76   	1383.05   	1331.26   	1331.25   	29.3853   	17.4509   	6.01578   	6.00798   	5.68469   
13.425000	1368.37   	1387.65   	1335.81   	1335.8    	29.4902   	17.5082   	6.03658   	6.02774   	5.7045    
13.450000	1372.98   	1392.26   	1340.36   	1340.36   	29.5952   	17.5656   	6.05738   	6.04751   	5.72431   
13.475000	1377.6    	1396.86   	1344.91   	1344.91   	29.7002   	17.623    	6.07817   	6.06727   	5.74413   
13.500000	1382.21   	1401.46   	1349.47   	1349.46   	29.8051   	17.6804   	6.09897   	6.08703   	5.76394   
13.525000	1386.82   	1406.07   	1354.02   	1354.02   	29.9101   	17.7377   	6.11977   	6.10679   	5.78375   
13.550000	1391.43   	1410.67   	1358.57   	1358.57   	30.0151   	17.7951   	6.14057   	6.12656   	5.80357   
13.575000	1396.04   	1415.27   	1363.13   	1363.12   	30.12     	17.8525   	6.16137   	6.14632   	5.82338   
13.600000	1400.65   	1419.88   	1367.68   	1367.68   	30.225    	17.9099   	6.18216   	6.16608   	5.84319   
13.625000	1405.27   	1424.48   	1372.23   	1372.23   	30.33     	17.9672   	6.20296   	6.18585   	5.86301   
13.650000	1409.88   	1429.09   	1376.79   	1376.78   	30.4349   	18.0246   	6.22376   	6.20561   	5.88282   
13.675000	1414.49   	1433.69   	1381.34   	1381.33   	30.5399   	18.082    	6.24456   	6.22537   	5.90263   
13.700000	1419.1    	1438.29   	1385.89   	1385.89   	30.6449   	18.1394   	6.26536   	6.24513   	5.92245   
13.725000	1423.71   	1442.9    	1390.45   	1390.44   	30.7498   	18.1967   	6.28615   	6.2649    	5.94226   
13.750000	1428.33   	1447.5    	1395      	1394.99   	30.8548   	18.2541   	6.30695   	6.28466   	5.96207   
13.775000	1432.94   	1452.11   	1399.55   	1399.55   	30.9598   	18.3115   	6.32775   	6.30442   	5.98189   
13.800000	1437.55   	1456.71   	1404.11   	1404.1    	31.0647   	18.3688   	6.34855   	6.32419   	6.0017    
13.825000	1442.16   	1461.31   	1408.66   	1408.65   	31.1697   	18.4262   	6.36935   	6.34395   	6.02152   
13.850000	1446.77   	1465.92   	1413.21   	1413.21   	31.2746   	18.4836   	6.39014   	6.36371   	6.04133   
13.875000	1451.38   	1470.52   	1417.77   	1417.76   	31.3796   	18.541    	6.41094   	6.38347   	6.06114   
13.900000	1456      	1475.13   	1422.32   	1422.31   	31.4846   	18.5983   	6.43174   	6.40324   	6.08096   
13.925000	1460.61   	1479.73   	1426.87   	1426.87   	31.5895   	18.6557   	6.45254   	6.423     	6.10077   
13.950000	1465.22   	1484.33   	1431.43   	1431.42   	31.6945   	18.7131   	6.47334   	6.44276   	6.12058   
13.975000	1469.83   	1488.94   	1435.98   	1435.97   	31.7995   	18.7705   	6.49413   	6.46252   	6.1404    
14.000000	1474.44   	1493.54   	1440.53   	1440.53   	31.9044   	18.8278   	6.51493   	6.48229   	6.16021   
14.025000	1479.33   	1498.42   	1445.37   	1445.37   	32.0166   	18.8886   	6.53711   	6.50324   	6.18135   
14.050000	1484.22   	1503.3    	1450.22   	1450.21   	32.1288   	18.9494   	6.55929   	6.52419   	6.2025    
14.075000	1489.11   	1508.18   	1455.06   	1455.05   	32.241    	19.0102   	6.58146   	6.54513   	6.22364   
14.100000	1494      	1513.05   	1459.9    	1459.89   	32.3532   	19.071    	6.60364   	6.56608   	6.24479   
14.125000	1498.89   	1517.93   	1464.74   	1464.74   	32.4654   	19.1318   	6.62582   	6.58703   	6.26593   
14.150000	1503.78   	1522.81   	1469.59   	1469.58   	32.5776   	19.1926   	6.64799   	6.60798   	6.28708   
14.175000	1508.67   	1527.69   	1474.43   	1474.42   	32.6898   	19.2534   	6.67017   	6.62893   	6.30822   
14.200000	1513.56   	1532.57   	1479.27   	1479.26   	32.802    	19.3142   	6.69235   	6.64988   	6.32937   
14.225000	1518.45   	1537.45   	1484.11   	1484.11   	32.9142   	19.3751   	6.71452   	6.67083   	6.35051   
14.250000	1523.34   	1542.32   	1488.95   	1488.95   	33.0264   	19.4359   	6.7367    	6.69178   	6.37166   
14.275000	1528.23   	1547.2    	1493.8    	1493.79   	33.1386   	19.4967   	6.75888   	6.71272   	6.3928    
14.300000	1533.12   	1552.08   	1498.64   	1498.63   	33.2508   	19.5575   	6.78106   	6.73367   	6.41395   
14.325000	1538.01   	1556.96   	1503.48   	1503.47   	33.363    	19.6183   	6.80323   	6.75462   	6.43509   
