Energy (MeV/u)	0 - [He-base] F.Hubert et al, AD&ND Tables 46(1990)1	1 - [H -base] J.F.Ziegler et al, Pergamon Press, NY (low energy)	2 - ATIMA 1.2  LS-theory (recommended for high energy)	3 - ATIMA 1.2  without LS-correction	4 - Range straggling - method [0] - LISE	5 - Range straggling - method [1] - Atima	6 - Lateral range - method [0] - LISE	7 - Lateral range - method [1] - Atima	8 - Lateral range - method [2] - PDG
10.000000	715.495   	708.925   	703.845   	703.845   	16.6195   	10.7365   	6.08077   	5.92446   	5.79222   
10.250000	747.77    	740.488   	735.432   	735.432   	17.3804   	11.1786   	6.3475    	6.17043   	6.04784   
10.500000	780.045   	772.051   	767.019   	767.018   	18.1412   	11.6207   	6.61424   	6.41639   	6.30347   
10.750000	812.319   	803.614   	798.606   	798.605   	18.902    	12.0629   	6.88097   	6.66236   	6.55909   
11.000000	844.594   	835.177   	830.193   	830.192   	19.6628   	12.505    	7.14771   	6.90832   	6.81472   
11.250000	879.237   	869.002   	864.104   	864.103   	20.4838   	12.9757   	7.43382   	7.17004   	7.08908   
11.500000	913.881   	902.827   	898.015   	898.014   	21.3048   	13.4464   	7.71993   	7.43176   	7.36344   
11.750000	948.524   	936.652   	931.927   	931.925   	22.1257   	13.9172   	8.00604   	7.69347   	7.6378    
12.000000	983.168   	970.477   	965.838   	965.836   	22.9467   	14.3879   	8.29216   	7.95519   	7.91216   
12.250000	1020.14   	1006.54   	1002.05   	1002.04   	23.8273   	14.8867   	8.59754   	8.23266   	8.20516   
12.500000	1057.12   	1042.6    	1038.26   	1038.25   	24.7078   	15.3856   	8.90292   	8.51013   	8.49816   
12.750000	1094.09   	1078.67   	1074.46   	1074.46   	25.5883   	15.8845   	9.2083    	8.7876    	8.79116   
13.000000	1131.07   	1114.73   	1110.67   	1110.67   	26.4689   	16.3833   	9.51368   	9.06507   	9.08415   
13.250000	1170.34   	1153.01   	1149.15   	1149.15   	27.4085   	16.9097   	9.83822   	9.35812   	9.39568   
13.500000	1209.61   	1191.29   	1187.64   	1187.63   	28.3481   	17.4361   	10.1628   	9.65118   	9.70722   
13.750000	1248.88   	1229.57   	1226.12   	1226.11   	29.2878   	17.9626   	10.4873   	9.94423   	10.0187   
14.000000	1288.15   	1267.84   	1264.6    	1264.59   	30.2274   	18.489    	10.8118   	10.2373   	10.3303   
14.250000	1329.69   	1308.32   	1305.33   	1305.33   	31.2259   	19.0429   	11.1554   	10.5458   	10.6603   
14.500000	1371.23   	1348.79   	1346.07   	1346.06   	32.2243   	19.5969   	11.499    	10.8543   	10.9902   
14.750000	1412.76   	1389.26   	1386.8    	1386.8    	33.2227   	20.1508   	11.8426   	11.1628   	11.3202   
15.000000	1454.3    	1429.73   	1427.54   	1427.53   	34.2212   	20.7048   	12.1862   	11.4713   	11.6502   
15.250000	1498.07   	1472.38   	1470.51   	1470.5    	35.2782   	21.2861   	12.5488   	11.7951   	11.9986   
15.500000	1541.84   	1515.02   	1513.48   	1513.47   	36.3353   	21.8675   	12.9114   	12.1189   	12.347    
15.750000	1585.61   	1557.66   	1556.45   	1556.44   	37.3923   	22.4488   	13.2739   	12.4427   	12.6953   
16.000000	1629.38   	1600.31   	1599.42   	1599.41   	38.4493   	23.0302   	13.6365   	12.7666   	13.0437   
16.250000	1675.36   	1645.1    	1644.6    	1644.6    	39.5647   	23.6385   	14.018    	13.1056   	13.4104   
16.500000	1721.34   	1689.9    	1689.79   	1689.79   	40.6801   	24.2468   	14.3995   	13.4446   	13.7771   
16.750000	1767.32   	1734.69   	1734.98   	1734.98   	41.7954   	24.855    	14.7809   	13.7836   	14.1438   
17.000000	1813.3    	1779.49   	1780.17   	1780.17   	42.9108   	25.4633   	15.1624   	14.1226   	14.5105   
17.250000	1861.46   	1826.41   	1827.56   	1827.56   	44.0843   	26.0983   	15.5627   	14.4768   	14.8954   
17.500000	1909.61   	1873.34   	1874.95   	1874.96   	45.2579   	26.7333   	15.9631   	14.8309   	15.2804   
17.750000	1957.77   	1920.27   	1922.34   	1922.35   	46.4314   	27.3683   	16.3634   	15.185    	15.6654   
18.000000	2005.93   	1967.19   	1969.73   	1969.75   	47.605    	28.0032   	16.7637   	15.5391   	16.0503   
18.250000	2056.25   	2016.23   	2019.32   	2019.33   	48.8368   	28.6649   	17.1828   	15.9083   	16.4535   
18.500000	2106.56   	2065.27   	2068.9    	2068.92   	50.0685   	29.3266   	17.6019   	16.2774   	16.8567   
18.750000	2156.87   	2114.31   	2118.48   	2118.51   	51.3003   	29.9882   	18.0211   	16.6466   	17.2599   
19.000000	2207.19   	2163.35   	2168.07   	2168.1    	52.532    	30.6499   	18.4402   	17.0157   	17.6632   
19.250000	2259.63   	2214.48   	2219.83   	2219.87   	53.822    	31.3382   	18.8781   	17.3998   	18.0846   
19.500000	2312.08   	2265.62   	2271.6    	2271.64   	55.1119   	32.0265   	19.316    	17.784    	18.506    
19.750000	2364.53   	2316.75   	2323.36   	2323.41   	56.4019   	32.7148   	19.7539   	18.1681   	18.9275   
20.000000	2416.97   	2367.88   	2375.13   	2375.18   	57.6918   	33.4031   	20.1918   	18.5522   	19.3489   
20.250000	2471.53   	2421.09   	2429.07   	2429.12   	59.0399   	34.1179   	20.6485   	18.9512   	19.7886   
20.500000	2526.08   	2474.3    	2483.01   	2483.06   	60.388    	34.8327   	21.1051   	19.3502   	20.2283   
20.750000	2580.64   	2527.51   	2536.94   	2537.01   	61.7361   	35.5476   	21.5618   	19.7492   	20.6679   
21.000000	2635.19   	2580.72   	2590.88   	2590.95   	63.0841   	36.2624   	22.0184   	20.1482   	21.1076   
21.250000	2691.83   	2635.99   	2646.98   	2647.06   	64.4904   	37.0037   	22.4938   	20.5621   	21.5654   
21.500000	2748.47   	2691.26   	2703.08   	2703.16   	65.8966   	37.7451   	22.9692   	20.976    	22.0233   
21.750000	2805.12   	2746.53   	2759.18   	2759.27   	67.3028   	38.4864   	23.4446   	21.3898   	22.4812   
22.000000	2861.76   	2801.8    	2815.28   	2815.38   	68.709    	39.2278   	23.92     	21.8037   	22.9391   
22.250000	2920.47   	2859.11   	2873.54   	2873.64   	70.1734   	39.9956   	24.4141   	22.2324   	23.4151   
22.500000	2979.18   	2916.42   	2931.8    	2931.9    	71.6378   	40.7635   	24.9082   	22.661    	23.8912   
22.750000	3037.89   	2973.73   	2990.05   	2990.16   	73.1022   	41.5313   	25.4023   	23.0897   	24.3673   
23.000000	3096.59   	3031.04   	3048.31   	3048.42   	74.5665   	42.2992   	25.8965   	23.5184   	24.8434   
23.250000	3157.35   	3090.38   	3108.71   	3108.83   	76.089    	43.0933   	26.4093   	23.9618   	25.3377   
23.500000	3218.11   	3149.72   	3169.11   	3169.24   	77.6114   	43.8874   	26.9221   	24.4052   	25.8319   
23.750000	3278.86   	3209.06   	3229.51   	3229.65   	79.1339   	44.6815   	27.4349   	24.8486   	26.3262   
24.000000	3339.62   	3268.39   	3289.91   	3290.06   	80.6563   	45.4756   	27.9477   	25.2921   	26.8205   
24.250000	3402.4    	3329.74   	3352.45   	3352.61   	82.2366   	46.2956   	28.4792   	25.7502   	27.333    
24.500000	3465.19   	3391.09   	3414.99   	3415.16   	83.817    	47.1156   	29.0106   	26.2083   	27.8454   
24.750000	3527.97   	3452.44   	3477.53   	3477.71   	85.3973   	47.9356   	29.5421   	26.6664   	28.3579   
25.000000	3590.75   	3513.79   	3540.07   	3540.26   	86.9776   	48.7556   	30.0736   	27.1245   	28.8703   
25.250000	3656.54   	3578.12   	3605.8    	3606.01   	88.6449   	49.6145   	30.633    	27.6046   	29.41     
25.500000	3722.33   	3642.45   	3671.53   	3671.75   	90.3121   	50.4734   	31.1924   	28.0846   	29.9497   
25.750000	3788.12   	3706.79   	3737.26   	3737.5    	91.9793   	51.3322   	31.7518   	28.5647   	30.4895   
26.000000	3853.91   	3771.12   	3802.99   	3803.25   	93.6465   	52.1911   	32.3113   	29.0448   	31.0292   
26.250000	3919.7    	3835.46   	3868.72   	3869      	95.3137   	53.05     	32.8707   	29.5248   	31.5689   
26.500000	3985.49   	3899.79   	3934.44   	3934.75   	96.9809   	53.9089   	33.4301   	30.0049   	32.1086   
26.750000	4051.28   	3964.12   	4000.17   	4000.49   	98.6481   	54.7678   	33.9896   	30.485    	32.6483   
27.000000	4117.07   	4028.46   	4065.9    	4066.24   	100.315   	55.6267   	34.549    	30.965    	33.188    
27.250000	4186.8    	4096.72   	4135.87   	4136.23   	102.099   	56.5382   	35.1458   	31.4743   	33.7642   
27.500000	4256.54   	4164.99   	4205.84   	4206.23   	103.882   	57.4496   	35.7425   	31.9836   	34.3403   
27.750000	4326.28   	4233.25   	4275.81   	4276.22   	105.666   	58.3611   	36.3393   	32.4929   	34.9165   
28.000000	4396.02   	4301.52   	4345.78   	4346.21   	107.449   	59.2725   	36.9361   	33.0022   	35.4926   
28.250000	4465.76   	4369.78   	4415.75   	4416.2    	109.233   	60.184    	37.5328   	33.5115   	36.0688   
28.500000	4535.5    	4438.05   	4485.72   	4486.19   	111.016   	61.0955   	38.1296   	34.0208   	36.6449   
28.750000	4605.24   	4506.32   	4555.69   	4556.19   	112.8     	62.0069   	38.7264   	34.5301   	37.2211   
29.000000	4674.97   	4574.58   	4625.66   	4626.18   	114.583   	62.9184   	39.3231   	35.0394   	37.7972   
29.250000	4748.6    	4646.72   	4699.81   	4700.35   	116.48    	63.8808   	39.9567   	35.5774   	38.4094   
29.500000	4822.22   	4718.87   	4773.96   	4774.52   	118.377   	64.8431   	40.5903   	36.1154   	39.0215   
29.750000	4895.84   	4791.01   	4848.11   	4848.69   	120.274   	65.8055   	41.2238   	36.6535   	39.6336   
30.000000	4969.47   	4863.15   	4922.25   	4922.87   	122.17    	66.7679   	41.8574   	37.1915   	40.2458   
30.250000	5043.09   	4935.29   	4996.4    	4997.04   	124.067   	67.7302   	42.491    	37.7295   	40.8579   
30.500000	5116.71   	5007.43   	5070.55   	5071.21   	125.964   	68.6926   	43.1245   	38.2675   	41.47     
30.750000	5190.33   	5079.57   	5144.7    	5145.38   	127.86    	69.655    	43.7581   	38.8055   	42.0821   
31.000000	5263.96   	5151.72   	5218.84   	5219.55   	129.757   	70.6173   	44.3917   	39.3435   	42.6943   
31.250000	5341.4    	5227.68   	5296.89   	5297.62   	131.748   	71.6204   	45.0587   	39.9074   	43.3392   
31.500000	5418.85   	5303.65   	5374.93   	5375.69   	133.74    	72.6235   	45.7256   	40.4714   	43.9841   
31.750000	5496.3    	5379.61   	5452.97   	5453.76   	135.731   	73.6265   	46.3926   	41.0353   	44.629    
32.000000	5573.74   	5455.58   	5531.02   	5531.83   	137.722   	74.6296   	47.0596   	41.5993   	45.2739   
32.250000	5651.19   	5531.54   	5609.06   	5609.9    	139.713   	75.6327   	47.7266   	42.1632   	45.9187   
32.500000	5728.63   	5607.5    	5687.1    	5687.97   	141.705   	76.6357   	48.3936   	42.7271   	46.5636   
32.750000	5806.08   	5683.47   	5765.14   	5766.04   	143.696   	77.6388   	49.0606   	43.2911   	47.2085   
33.000000	5883.52   	5759.43   	5843.19   	5844.11   	145.687   	78.6419   	49.7275   	43.855    	47.8534   
33.250000	5964.74   	5839.17   	5925.04   	5925.99   	147.77    	79.6843   	50.4267   	44.4438   	48.53     
33.500000	6045.95   	5918.91   	6006.88   	6007.86   	149.852   	80.7267   	51.1259   	45.0326   	49.2065   
33.750000	6127.16   	5998.64   	6088.73   	6089.73   	151.935   	81.7691   	51.825    	45.6214   	49.883    
34.000000	6208.37   	6078.38   	6170.58   	6171.61   	154.018   	82.8115   	52.5242   	46.2102   	50.5595   
34.250000	6289.58   	6158.12   	6252.43   	6253.48   	156.1     	83.8539   	53.2234   	46.799    	51.2361   
34.500000	6370.79   	6237.85   	6334.27   	6335.36   	158.183   	84.8963   	53.9226   	47.3878   	51.9126   
34.750000	6452      	6317.59   	6416.12   	6417.23   	160.266   	85.9387   	54.6217   	47.9766   	52.5891   
35.000000	6533.21   	6397.33   	6497.97   	6499.1    	162.348   	86.9811   	55.3209   	48.5655   	53.2657   
35.250000	6619.05   	6481.71   	6584.49   	6585.66   	164.544   	88.0724   	56.0591   	49.1843   	53.9807   
35.500000	6704.89   	6566.09   	6671.01   	6672.21   	166.74    	89.1637   	56.7974   	49.8032   	54.6957   
35.750000	6790.73   	6650.47   	6757.54   	6758.77   	168.935   	90.255    	57.5356   	50.422    	55.4107   
36.000000	6876.57   	6734.85   	6844.06   	6845.32   	171.131   	91.3464   	58.2738   	51.0409   	56.1257   
36.250000	6962.41   	6819.23   	6930.58   	6931.88   	173.327   	92.4377   	59.0121   	51.6597   	56.8407   
36.500000	7048.25   	6903.61   	7017.1    	7018.43   	175.522   	93.529    	59.7503   	52.2786   	57.5557   
36.750000	7134.08   	6987.99   	7103.63   	7104.99   	177.718   	94.6203   	60.4885   	52.8974   	58.2707   
37.000000	7219.92   	7072.37   	7190.15   	7191.54   	179.914   	95.7116   	61.2268   	53.5163   	58.9858   
37.250000	7305.76   	7156.75   	7276.67   	7278.1    	182.109   	96.803    	61.965    	54.1351   	59.7008   
37.500000	7391.6    	7241.13   	7363.2    	7364.65   	184.305   	97.8943   	62.7032   	54.754    	60.4158   
37.750000	7477.44   	7325.51   	7449.72   	7451.2    	186.501   	98.9856   	63.4415   	55.3728   	61.1308   
38.000000	7563.28   	7409.89   	7536.24   	7537.76   	188.696   	100.077   	64.1797   	55.9917   	61.8458   
38.250000	7654.56   	7499.75   	7628.27   	7629.83   	191.025   	101.225   	64.9635   	56.6454   	62.6058   
38.500000	7745.85   	7589.61   	7720.3    	7721.91   	193.355   	102.373   	65.7473   	57.2992   	63.3658   
38.750000	7837.14   	7679.47   	7812.33   	7813.98   	195.684   	103.521   	66.531    	57.9529   	64.1258   
39.000000	7928.43   	7769.33   	7904.36   	7906.06   	198.013   	104.67    	67.3148   	58.6066   	64.8858   
39.250000	8019.72   	7859.19   	7996.39   	7998.13   	200.342   	105.818   	68.0986   	59.2604   	65.6458   
39.500000	8111.01   	7949.05   	8088.42   	8090.21   	202.671   	106.966   	68.8824   	59.9141   	66.4058   
39.750000	8202.3    	8038.91   	8180.45   	8182.28   	205.001   	108.114   	69.6662   	60.5679   	67.1658   
40.000000	8293.59   	8128.77   	8272.48   	8274.36   	207.33    	109.262   	70.4499   	61.2216   	67.9258   
40.250000	8384.87   	8218.63   	8364.51   	8366.43   	209.659   	110.411   	71.2337   	61.8753   	68.6858   
40.500000	8476.16   	8308.49   	8456.54   	8458.51   	211.988   	111.559   	72.0175   	62.5291   	69.4458   
40.750000	8567.45   	8398.35   	8548.56   	8550.58   	214.317   	112.707   	72.8013   	63.1828   	70.2058   
41.000000	8658.74   	8488.21   	8640.59   	8642.66   	216.647   	113.855   	73.585    	63.8366   	70.9658   
41.250000	8755.37   	8583.45   	8738.04   	8740.15   	219.108   	115.06    	74.4133   	64.5243   	71.7699   
41.500000	8852      	8678.69   	8835.49   	8837.64   	221.57    	116.264   	75.2416   	65.212    	72.574    
41.750000	8948.63   	8773.93   	8932.93   	8935.14   	224.032   	117.469   	76.0699   	65.8997   	73.3781   
42.000000	9045.27   	8869.17   	9030.38   	9032.63   	226.493   	118.674   	76.8982   	66.5874   	74.1822   
42.250000	9141.9    	8964.41   	9127.82   	9130.12   	228.955   	119.879   	77.7265   	67.2751   	74.9863   
42.500000	9238.53   	9059.65   	9225.27   	9227.62   	231.416   	121.083   	78.5548   	67.9628   	75.7904   
42.750000	9335.16   	9154.89   	9322.72   	9325.11   	233.878   	122.288   	79.383    	68.6506   	76.5945   
43.000000	9431.79   	9250.13   	9420.16   	9422.6    	236.34    	123.493   	80.2113   	69.3383   	77.3986   
43.250000	9528.42   	9345.37   	9517.61   	9520.1    	238.801   	124.697   	81.0396   	70.026    	78.2027   
43.500000	9625.05   	9440.61   	9615.05   	9617.59   	241.263   	125.902   	81.8679   	70.7137   	79.0068   
43.750000	9721.69   	9535.85   	9712.5    	9715.08   	243.724   	127.107   	82.6962   	71.4014   	79.8109   
44.000000	9818.32   	9631.09   	9809.95   	9812.57   	246.186   	128.311   	83.5245   	72.0891   	80.615    
44.250000	9920.19   	9731.62   	9912.71   	9915.39   	248.778   	129.571   	84.3962   	72.8099   	81.4623   
44.500000	10022.1   	9832.14   	10015.5   	10018.2   	251.369   	130.832   	85.268    	73.5308   	82.3096   
44.750000	10123.9   	9932.67   	10118.2   	10121     	253.961   	132.092   	86.1397   	74.2516   	83.1569   
45.000000	10225.8   	10033.2   	10221     	10223.8   	256.552   	133.352   	87.0115   	74.9724   	84.0042   
45.250000	10327.7   	10133.7   	10323.8   	10326.6   	259.144   	134.612   	87.8833   	75.6932   	84.8515   
45.500000	10429.6   	10234.2   	10426.5   	10429.5   	261.736   	135.872   	88.755    	76.414    	85.6988   
45.750000	10531.4   	10334.8   	10529.3   	10532.3   	264.327   	137.132   	89.6268   	77.1348   	86.5461   
46.000000	10633.3   	10435.3   	10632.1   	10635.1   	266.919   	138.392   	90.4986   	77.8557   	87.3934   
46.250000	10735.2   	10535.8   	10734.8   	10737.9   	269.511   	139.653   	91.3703   	78.5765   	88.2407   
46.500000	10837     	10636.4   	10837.6   	10840.7   	272.102   	140.913   	92.2421   	79.2973   	89.0881   
46.750000	10938.9   	10736.9   	10940.4   	10943.5   	274.694   	142.173   	93.1138   	80.0181   	89.9354   
47.000000	11040.8   	10837.4   	11043.1   	11046.4   	277.285   	143.433   	93.9856   	80.7389   	90.7827   
47.250000	11147.8   	10943.1   	11151.1   	11154.4   	280.005   	144.748   	94.8999   	81.4921   	91.6724   
47.500000	11254.8   	11048.8   	11259.1   	11262.4   	282.724   	146.062   	95.8142   	82.2452   	92.5621   
47.750000	11361.8   	11154.6   	11367.1   	11370.5   	285.443   	147.377   	96.7285   	82.9984   	93.4518   
48.000000	11468.9   	11260.3   	11475.1   	11478.5   	288.162   	148.692   	97.6429   	83.7515   	94.3415   
48.250000	11575.9   	11366     	11583.1   	11586.6   	290.882   	150.006   	98.5572   	84.5047   	95.2313   
48.500000	11682.9   	11471.7   	11691.1   	11694.6   	293.601   	151.321   	99.4715   	85.2578   	96.121    
48.750000	11789.9   	11577.5   	11799.1   	11802.7   	296.32    	152.636   	100.386   	86.011    	97.0107   
49.000000	11896.9   	11683.2   	11907.1   	11910.7   	299.039   	153.95    	101.3     	86.7641   	97.9004   
49.250000	12004     	11788.9   	12015.1   	12018.8   	301.759   	155.265   	102.214   	87.5173   	98.7901   
49.500000	12111     	11894.6   	12123.1   	12126.8   	304.478   	156.58    	103.129   	88.2704   	99.6799   
49.750000	12218     	12000.3   	12231.1   	12234.9   	307.197   	157.894   	104.043   	89.0236   	100.57    
50.000000	12325     	12106.1   	12339.1   	12342.9   	309.916   	159.209   	104.957   	89.7767   	101.459   
50.250000	12438.8   	12218.6   	12453.9   	12457.8   	312.802   	160.595   	105.927   	90.5718   	102.404   
50.500000	12552.5   	12331.1   	12568.7   	12572.7   	315.687   	161.98    	106.897   	91.3669   	103.349   
50.750000	12666.2   	12443.6   	12683.6   	12687.5   	318.573   	163.366   	107.866   	92.1621   	104.295   
51.000000	12780     	12556.1   	12798.4   	12802.4   	321.458   	164.752   	108.836   	92.9572   	105.24    
51.250000	12893.7   	12668.6   	12913.2   	12917.3   	324.344   	166.137   	109.806   	93.7523   	106.185   
51.500000	13007.4   	12781.1   	13028     	13032.2   	327.229   	167.523   	110.775   	94.5474   	107.13    
51.750000	13121.2   	12893.6   	13142.9   	13147.1   	330.115   	168.909   	111.745   	95.3425   	108.075   
52.000000	13234.9   	13006.1   	13257.7   	13261.9   	333       	170.294   	112.715   	96.1377   	109.02    
52.250000	13348.7   	13118.6   	13372.5   	13376.8   	335.886   	171.68    	113.684   	96.9328   	109.965   
52.500000	13462.4   	13231.2   	13487.3   	13491.7   	338.771   	173.065   	114.654   	97.7279   	110.91    
52.750000	13576.1   	13343.7   	13602.2   	13606.6   	341.657   	174.451   	115.623   	98.523    	111.855   
53.000000	13689.9   	13456.2   	13717     	13721.5   	344.542   	175.837   	116.593   	99.3181   	112.8     
53.250000	13803.6   	13568.7   	13831.8   	13836.4   	347.428   	177.222   	117.563   	100.113   	113.745   
53.500000	13917.3   	13681.2   	13946.6   	13951.2   	350.313   	178.608   	118.532   	100.908   	114.69    
53.750000	14031.1   	13793.7   	14061.5   	14066.1   	353.198   	179.994   	119.502   	101.703   	115.636   
54.000000	14144.8   	13906.2   	14176.3   	14181     	356.084   	181.379   	120.472   	102.499   	116.581   
54.250000	14258.5   	14018.7   	14291.1   	14295.9   	358.969   	182.765   	121.441   	103.294   	117.526   
54.500000	14372.3   	14131.2   	14406     	14410.8   	361.855   	184.151   	122.411   	104.089   	118.471   
54.750000	14486     	14243.7   	14520.8   	14525.6   	364.74    	185.536   	123.381   	104.884   	119.416   
55.000000	14599.8   	14356.2   	14635.6   	14640.5   	367.626   	186.922   	124.35    	105.679   	120.361   
55.250000	14721.7   	14477     	14758.8   	14763.7   	370.713   	188.394   	125.387   	106.525   	121.374   
55.500000	14843.6   	14597.8   	14882     	14887     	373.801   	189.867   	126.424   	107.371   	122.386   
55.750000	14965.6   	14718.6   	15005.1   	15010.2   	376.888   	191.339   	127.461   	108.217   	123.399   
56.000000	15087.5   	14839.4   	15128.3   	15133.4   	379.976   	192.811   	128.498   	109.063   	124.412   
56.250000	15209.4   	14960.2   	15251.5   	15256.7   	383.063   	194.283   	129.535   	109.909   	125.424   
56.500000	15331.4   	15081     	15374.6   	15379.9   	386.151   	195.755   	130.571   	110.755   	126.437   
56.750000	15453.3   	15201.8   	15497.8   	15503.1   	389.238   	197.228   	131.608   	111.601   	127.449   
57.000000	15575.2   	15322.6   	15621     	15626.4   	392.326   	198.7     	132.645   	112.447   	128.462   
57.250000	15697.2   	15443.4   	15744.2   	15749.6   	395.413   	200.172   	133.682   	113.293   	129.475   
57.500000	15819.1   	15564.2   	15867.3   	15872.8   	398.501   	201.644   	134.719   	114.139   	130.487   
57.750000	15941     	15685     	15990.5   	15996     	401.588   	203.116   	135.756   	114.985   	131.5     
58.000000	16063     	15805.8   	16113.7   	16119.3   	404.676   	204.589   	136.792   	115.831   	132.513   
58.250000	16184.9   	15926.6   	16236.9   	16242.5   	407.763   	206.061   	137.829   	116.677   	133.525   
58.500000	16306.8   	16047.4   	16360     	16365.7   	410.851   	207.533   	138.866   	117.523   	134.538   
58.750000	16428.8   	16168.2   	16483.2   	16489     	413.938   	209.005   	139.903   	118.369   	135.551   
59.000000	16550.7   	16289     	16606.4   	16612.2   	417.026   	210.477   	140.94    	119.215   	136.563   
59.250000	16672.6   	16409.8   	16729.6   	16735.4   	420.113   	211.95    	141.977   	120.061   	137.576   
59.500000	16794.6   	16530.6   	16852.7   	16858.7   	423.201   	213.422   	143.014   	120.907   	138.588   
59.750000	16916.5   	16651.4   	16975.9   	16981.9   	426.288   	214.894   	144.05    	121.753   	139.601   
60.000000	17038.4   	16772.2   	17099.1   	17105.1   	429.376   	216.366   	145.087   	122.599   	140.614   
60.250000	17168.4   	16901.1   	17230.4   	17236.5   	432.658   	217.92    	146.189   	123.495   	141.692   
60.500000	17298.3   	17029.9   	17361.7   	17367.8   	435.939   	219.475   	147.291   	124.39    	142.77    
60.750000	17428.2   	17158.8   	17493     	17499.2   	439.221   	221.029   	148.393   	125.285   	143.848   
61.000000	17558.1   	17287.7   	17624.2   	17630.6   	442.503   	222.583   	149.494   	126.18    	144.927   
61.250000	17688     	17416.6   	17755.5   	17762     	445.784   	224.137   	150.596   	127.075   	146.005   
61.500000	17817.9   	17545.4   	17886.8   	17893.3   	449.066   	225.691   	151.698   	127.97    	147.083   
61.750000	17947.9   	17674.3   	18018.1   	18024.7   	452.348   	227.246   	152.799   	128.865   	148.161   
62.000000	18077.8   	17803.2   	18149.4   	18156.1   	455.63    	228.8     	153.901   	129.76    	149.24    
62.250000	18207.7   	17932.1   	18280.7   	18287.4   	458.911   	230.354   	155.003   	130.656   	150.318   
62.500000	18337.6   	18060.9   	18412     	18418.8   	462.193   	231.908   	156.105   	131.551   	151.396   
62.750000	18467.5   	18189.8   	18543.3   	18550.2   	465.475   	233.462   	157.206   	132.446   	152.474   
63.000000	18597.4   	18318.7   	18674.6   	18681.5   	468.757   	235.017   	158.308   	133.341   	153.552   
63.250000	18727.4   	18447.5   	18805.9   	18812.9   	472.038   	236.571   	159.41    	134.236   	154.631   
63.500000	18857.3   	18576.4   	18937.2   	18944.3   	475.32    	238.125   	160.512   	135.131   	155.709   
63.750000	18987.2   	18705.3   	19068.5   	19075.6   	478.602   	239.679   	161.613   	136.026   	156.787   
64.000000	19117.1   	18834.2   	19199.7   	19207     	481.884   	241.233   	162.715   	136.921   	157.865   
64.250000	19247     	18963     	19331     	19338.4   	485.165   	242.788   	163.817   	137.816   	158.943   
64.500000	19377     	19091.9   	19462.3   	19469.7   	488.447   	244.342   	164.919   	138.712   	160.022   
64.750000	19506.9   	19220.8   	19593.6   	19601.1   	491.729   	245.896   	166.02    	139.607   	161.1     
65.000000	19636.8   	19349.7   	19724.9   	19732.5   	495.01    	247.45    	167.122   	140.502   	162.178   
65.250000	19774.5   	19486.4   	19864.1   	19871.8   	498.481   	249.085   	168.287   	141.445   	163.32    
65.500000	19912.2   	19623.2   	20003.4   	20011.1   	501.952   	250.72    	169.452   	142.387   	164.463   
65.750000	20049.9   	19759.9   	20142.6   	20150.4   	505.422   	252.355   	170.616   	143.33    	165.605   
66.000000	20187.6   	19896.6   	20281.8   	20289.7   	508.893   	253.99    	171.781   	144.273   	166.747   
66.250000	20325.3   	20033.4   	20421     	20429     	512.364   	255.626   	172.946   	145.216   	167.889   
66.500000	20463     	20170.1   	20560.3   	20568.3   	515.835   	257.261   	174.111   	146.158   	169.032   
66.750000	20600.7   	20306.9   	20699.5   	20707.7   	519.305   	258.896   	175.275   	147.101   	170.174   
67.000000	20738.4   	20443.6   	20838.7   	20847     	522.776   	260.531   	176.44    	148.044   	171.316   
67.250000	20876.1   	20580.4   	20977.9   	20986.3   	526.247   	262.166   	177.605   	148.987   	172.458   
67.500000	21013.8   	20717.1   	21117.2   	21125.6   	529.717   	263.801   	178.77    	149.929   	173.601   
67.750000	21151.5   	20853.9   	21256.4   	21264.9   	533.188   	265.436   	179.934   	150.872   	174.743   
68.000000	21289.2   	20990.6   	21395.6   	21404.2   	536.659   	267.071   	181.099   	151.815   	175.885   
68.250000	21426.9   	21127.4   	21534.8   	21543.5   	540.129   	268.706   	182.264   	152.758   	177.027   
68.500000	21564.6   	21264.1   	21674.1   	21682.8   	543.6     	270.341   	183.429   	153.701   	178.17    
68.750000	21702.3   	21400.9   	21813.3   	21822.1   	547.071   	271.976   	184.593   	154.643   	179.312   
69.000000	21840     	21537.6   	21952.5   	21961.4   	550.541   	273.611   	185.758   	155.586   	180.454   
69.250000	21977.7   	21674.4   	22091.8   	22100.7   	554.012   	275.246   	186.923   	156.529   	181.596   
69.500000	22115.4   	21811.1   	22231     	22240.1   	557.483   	276.881   	188.088   	157.472   	182.739   
69.750000	22253.1   	21947.9   	22370.2   	22379.4   	560.953   	278.516   	189.252   	158.414   	183.881   
70.000000	22390.8   	22084.6   	22509.4   	22518.7   	564.424   	280.151   	190.417   	159.357   	185.023   
70.250000	22536.1   	22229     	22656.4   	22665.7   	568.078   	281.864   	191.643   	160.346   	186.228   
70.500000	22681.5   	22373.5   	22803.4   	22812.8   	571.732   	283.576   	192.869   	161.335   	187.433   
70.750000	22826.8   	22517.9   	22950.4   	22959.9   	575.385   	285.288   	194.095   	162.324   	188.637   
71.000000	22972.1   	22662.3   	23097.3   	23106.9   	579.039   	287       	195.321   	163.313   	189.842   
71.250000	23117.4   	22806.8   	23244.3   	23254     	582.693   	288.712   	196.547   	164.302   	191.047   
71.500000	23262.7   	22951.2   	23391.3   	23401.1   	586.347   	290.425   	197.773   	165.291   	192.251   
71.750000	23408     	23095.6   	23538.3   	23548.1   	590       	292.137   	198.998   	166.28    	193.456   
72.000000	23553.3   	23240.1   	23685.2   	23695.2   	593.654   	293.849   	200.224   	167.269   	194.661   
72.250000	23698.6   	23384.5   	23832.2   	23842.3   	597.308   	295.561   	201.45    	168.258   	195.866   
72.500000	23843.9   	23528.9   	23979.2   	23989.3   	600.962   	297.273   	202.676   	169.247   	197.07    
72.750000	23989.2   	23673.4   	24126.2   	24136.4   	604.615   	298.985   	203.902   	170.236   	198.275   
73.000000	24134.5   	23817.8   	24273.2   	24283.5   	608.269   	300.698   	205.128   	171.225   	199.48    
73.250000	24279.8   	23962.2   	24420.1   	24430.5   	611.923   	302.41    	206.354   	172.214   	200.684   
73.500000	24425.1   	24106.6   	24567.1   	24577.6   	615.577   	304.122   	207.58    	173.203   	201.889   
73.750000	24570.4   	24251.1   	24714.1   	24724.7   	619.23    	305.834   	208.806   	174.193   	203.094   
74.000000	24715.7   	24395.5   	24861.1   	24871.7   	622.884   	307.546   	210.032   	175.182   	204.299   
74.250000	24861     	24539.9   	25008     	25018.8   	626.538   	309.259   	211.257   	176.171   	205.503   
74.500000	25006.3   	24684.4   	25155     	25165.8   	630.192   	310.971   	212.483   	177.16    	206.708   
74.750000	25151.6   	24828.8   	25302     	25312.9   	633.845   	312.683   	213.709   	178.149   	207.913   
75.000000	25296.9   	24973.2   	25449     	25460     	637.499   	314.395   	214.935   	179.138   	209.118   
75.250000	25449.7   	25125.2   	25603.5   	25614.6   	641.33    	316.183   	216.22    	180.172   	210.383   
75.500000	25602.4   	25277.1   	25758.1   	25769.3   	645.161   	317.971   	217.506   	181.206   	211.649   
75.750000	25755.1   	25429     	25912.6   	25923.9   	648.992   	319.76    	218.791   	182.239   	212.915   
76.000000	25907.9   	25581     	26067.2   	26078.6   	652.823   	321.548   	220.076   	183.273   	214.18    
76.250000	26060.6   	25732.9   	26221.7   	26233.2   	656.654   	323.336   	221.362   	184.307   	215.446   
76.500000	26213.3   	25884.8   	26376.3   	26387.8   	660.485   	325.124   	222.647   	185.341   	216.712   
76.750000	26366.1   	26036.8   	26530.8   	26542.5   	664.316   	326.912   	223.932   	186.375   	217.978   
77.000000	26518.8   	26188.7   	26685.4   	26697.1   	668.146   	328.7     	225.217   	187.409   	219.243   
77.250000	26671.5   	26340.6   	26840     	26851.8   	671.977   	330.488   	226.503   	188.443   	220.509   
77.500000	26824.2   	26492.6   	26994.5   	27006.4   	675.808   	332.277   	227.788   	189.477   	221.775   
77.750000	26977     	26644.5   	27149.1   	27161.1   	679.639   	334.065   	229.073   	190.511   	223.04    
78.000000	27129.7   	26796.4   	27303.6   	27315.7   	683.47    	335.853   	230.358   	191.545   	224.306   
78.250000	27282.4   	26948.4   	27458.2   	27470.3   	687.301   	337.641   	231.644   	192.579   	225.572   
78.500000	27435.2   	27100.3   	27612.7   	27625     	691.132   	339.429   	232.929   	193.613   	226.838   
78.750000	27587.9   	27252.2   	27767.3   	27779.6   	694.963   	341.217   	234.214   	194.647   	228.103   
79.000000	27740.6   	27404.2   	27921.8   	27934.3   	698.794   	343.006   	235.499   	195.681   	229.369   
79.250000	27893.4   	27556.1   	28076.4   	28088.9   	702.625   	344.794   	236.785   	196.715   	230.635   
79.500000	28046.1   	27708     	28230.9   	28243.6   	706.456   	346.582   	238.07    	197.749   	231.9     
79.750000	28198.8   	27860     	28385.5   	28398.2   	710.287   	348.37    	239.355   	198.783   	233.166   
80.000000	28351.6   	28011.9   	28540     	28552.9   	714.118   	350.158   	240.64    	199.817   	234.432   
80.250000	28511.6   	28171.2   	28702     	28714.9   	718.12    	352.02    	241.983   	200.894   	235.757   
80.500000	28671.6   	28330.4   	28863.9   	28877     	722.122   	353.882   	243.326   	201.972   	237.082   
80.750000	28831.6   	28489.7   	29025.9   	29039     	726.125   	355.745   	244.669   	203.049   	238.408   
81.000000	28991.6   	28649     	29187.9   	29201.1   	730.127   	357.607   	246.012   	204.127   	239.733   
81.250000	29151.6   	28808.2   	29349.8   	29363.1   	734.129   	359.469   	247.355   	205.205   	241.058   
81.500000	29311.6   	28967.5   	29511.8   	29525.2   	738.132   	361.331   	248.698   	206.282   	242.383   
81.750000	29471.6   	29126.8   	29673.7   	29687.2   	742.134   	363.193   	250.041   	207.36    	243.709   
82.000000	29631.6   	29286     	29835.7   	29849.3   	746.136   	365.055   	251.384   	208.438   	245.034   
82.250000	29791.6   	29445.3   	29997.7   	30011.4   	750.139   	366.917   	252.726   	209.515   	246.359   
82.500000	29951.6   	29604.5   	30159.6   	30173.4   	754.141   	368.78    	254.069   	210.593   	247.684   
82.750000	30111.6   	29763.8   	30321.6   	30335.5   	758.143   	370.642   	255.412   	211.67    	249.01    
83.000000	30271.6   	29923.1   	30483.5   	30497.5   	762.146   	372.504   	256.755   	212.748   	250.335   
83.250000	30431.6   	30082.3   	30645.5   	30659.6   	766.148   	374.366   	258.098   	213.826   	251.66    
83.500000	30591.6   	30241.6   	30807.5   	30821.6   	770.151   	376.228   	259.441   	214.903   	252.985   
83.750000	30751.6   	30400.9   	30969.4   	30983.7   	774.153   	378.09    	260.784   	215.981   	254.311   
84.000000	30911.6   	30560.1   	31131.4   	31145.7   	778.155   	379.952   	262.127   	217.059   	255.636   
84.250000	31071.6   	30719.4   	31293.3   	31307.8   	782.158   	381.815   	263.47    	218.136   	256.961   
84.500000	31231.5   	30878.7   	31455.3   	31469.8   	786.16    	383.677   	264.813   	219.214   	258.286   
84.750000	31391.5   	31037.9   	31617.3   	31631.9   	790.162   	385.539   	266.155   	220.291   	259.612   
85.000000	31551.5   	31197.2   	31779.2   	31794     	794.165   	387.401   	267.498   	221.369   	260.937   
85.250000	31718.7   	31363.6   	31948.4   	31963.3   	798.333   	389.334   	268.897   	222.489   	262.32    
85.500000	31885.8   	31530     	32117.6   	32132.6   	802.502   	391.267   	270.296   	223.609   	263.704   
85.750000	32052.9   	31696.5   	32286.9   	32301.9   	806.67    	393.2     	271.695   	224.729   	265.087   
86.000000	32220     	31862.9   	32456.1   	32471.2   	810.839   	395.134   	273.094   	225.849   	266.471   
86.250000	32387.1   	32029.3   	32625.3   	32640.5   	815.007   	397.067   	274.493   	226.969   	267.854   
86.500000	32554.2   	32195.8   	32794.5   	32809.8   	819.176   	399       	275.892   	228.089   	269.238   
86.750000	32721.3   	32362.2   	32963.7   	32979.1   	823.344   	400.933   	277.29    	229.21    	270.621   
87.000000	32888.4   	32528.6   	33132.9   	33148.4   	827.513   	402.866   	278.689   	230.33    	272.004   
87.250000	33055.6   	32695     	33302.1   	33317.7   	831.681   	404.799   	280.088   	231.45    	273.388   
87.500000	33222.7   	32861.5   	33471.3   	33487     	835.85    	406.732   	281.487   	232.57    	274.771   
87.750000	33389.8   	33027.9   	33640.5   	33656.3   	840.018   	408.666   	282.886   	233.69    	276.155   
88.000000	33556.9   	33194.3   	33809.7   	33825.6   	844.187   	410.599   	284.285   	234.81    	277.538   
88.250000	33724     	33360.8   	33978.9   	33994.9   	848.355   	412.532   	285.684   	235.93    	278.922   
88.500000	33891.1   	33527.2   	34148.2   	34164.2   	852.524   	414.465   	287.082   	237.05    	280.305   
88.750000	34058.2   	33693.6   	34317.4   	34333.5   	856.692   	416.398   	288.481   	238.17    	281.688   
89.000000	34225.3   	33860.1   	34486.6   	34502.9   	860.861   	418.331   	289.88    	239.29    	283.072   
89.250000	34392.5   	34026.5   	34655.8   	34672.2   	865.029   	420.264   	291.279   	240.41    	284.455   
89.500000	34559.6   	34192.9   	34825     	34841.5   	869.198   	422.197   	292.678   	241.53    	285.839   
89.750000	34726.7   	34359.3   	34994.2   	35010.8   	873.366   	424.131   	294.077   	242.651   	287.222   
90.000000	34893.8   	34525.8   	35163.4   	35180.1   	877.535   	426.064   	295.476   	243.771   	288.606   
90.250000	35067.9   	34699.2   	35339.7   	35356.5   	881.863   	428.064   	296.929   	244.932   	290.046   
90.500000	35242     	34872.6   	35516     	35532.9   	886.191   	430.065   	298.382   	246.093   	291.486   
90.750000	35416     	35046.1   	35692.3   	35709.3   	890.519   	432.065   	299.835   	247.254   	292.926   
91.000000	35590.1   	35219.5   	35868.6   	35885.7   	894.848   	434.066   	301.288   	248.416   	294.366   
91.250000	35764.2   	35393     	36044.9   	36062.1   	899.176   	436.066   	302.741   	249.577   	295.806   
91.500000	35938.3   	35566.4   	36221.1   	36238.5   	903.504   	438.067   	304.194   	250.738   	297.246   
91.750000	36112.4   	35739.8   	36397.4   	36414.9   	907.832   	440.067   	305.647   	251.899   	298.686   
92.000000	36286.4   	35913.3   	36573.7   	36591.3   	912.16    	442.068   	307.1     	253.061   	300.126   
92.250000	36460.5   	36086.7   	36750     	36767.7   	916.488   	444.068   	308.553   	254.222   	301.566   
92.500000	36634.6   	36260.1   	36926.3   	36944.1   	920.817   	446.068   	310.006   	255.383   	303.006   
92.750000	36808.7   	36433.6   	37102.6   	37120.5   	925.145   	448.069   	311.459   	256.544   	304.446   
93.000000	36982.8   	36607     	37278.9   	37296.9   	929.473   	450.069   	312.912   	257.705   	305.886   
93.250000	37156.8   	36780.4   	37455.2   	37473.3   	933.801   	452.07    	314.365   	258.867   	307.326   
93.500000	37330.9   	36953.9   	37631.5   	37649.7   	938.129   	454.07    	315.818   	260.028   	308.766   
93.750000	37505     	37127.3   	37807.7   	37826.1   	942.457   	456.071   	317.271   	261.189   	310.206   
94.000000	37679.1   	37300.8   	37984     	38002.5   	946.786   	458.071   	318.724   	262.35    	311.646   
94.250000	37853.2   	37474.2   	38160.3   	38178.9   	951.114   	460.072   	320.177   	263.512   	313.086   
94.500000	38027.2   	37647.6   	38336.6   	38355.4   	955.442   	462.072   	321.63    	264.673   	314.527   
94.750000	38201.3   	37821.1   	38512.9   	38531.8   	959.77    	464.073   	323.083   	265.834   	315.967   
95.000000	38375.4   	37994.5   	38689.2   	38708.2   	964.098   	466.073   	324.536   	266.995   	317.407   
95.250000	38556.3   	38174.8   	38872.4   	38891.5   	968.581   	468.139   	326.042   	268.197   	318.902   
95.500000	38737.2   	38355.1   	39055.6   	39074.9   	973.064   	470.206   	327.548   	269.398   	320.397   
95.750000	38918.1   	38535.4   	39238.9   	39258.2   	977.547   	472.272   	329.053   	270.599   	321.893   
96.000000	39099.1   	38715.7   	39422.1   	39441.6   	982.03    	474.338   	330.559   	271.8     	323.388   
96.250000	39280     	38896     	39605.3   	39624.9   	986.513   	476.404   	332.065   	273.002   	324.884   
96.500000	39460.9   	39076.3   	39788.5   	39808.3   	990.996   	478.471   	333.57    	274.203   	326.379   
96.750000	39641.8   	39256.6   	39971.7   	39991.6   	995.479   	480.537   	335.076   	275.404   	327.874   
97.000000	39822.7   	39436.9   	40155     	40175     	999.962   	482.603   	336.581   	276.606   	329.37    
97.250000	40003.6   	39617.1   	40338.2   	40358.4   	1004.44   	484.669   	338.087   	277.807   	330.865   
97.500000	40184.5   	39797.4   	40521.4   	40541.7   	1008.93   	486.736   	339.593   	279.008   	332.36    
97.750000	40365.4   	39977.7   	40704.6   	40725.1   	1013.41   	488.802   	341.098   	280.209   	333.856   
98.000000	40546.4   	40158     	40887.9   	40908.4   	1017.89   	490.868   	342.604   	281.411   	335.351   
98.250000	40727.3   	40338.3   	41071.1   	41091.8   	1022.38   	492.934   	344.11    	282.612   	336.847   
98.500000	40908.2   	40518.6   	41254.3   	41275.1   	1026.86   	495.001   	345.615   	283.813   	338.342   
98.750000	41089.1   	40698.9   	41437.5   	41458.5   	1031.34   	497.067   	347.121   	285.015   	339.837   
99.000000	41270     	40879.2   	41620.7   	41641.8   	1035.83   	499.133   	348.627   	286.216   	341.333   
99.250000	41450.9   	41059.5   	41804     	41825.2   	1040.31   	501.199   	350.132   	287.417   	342.828   
99.500000	41631.8   	41239.8   	41987.2   	42008.6   	1044.79   	503.266   	351.638   	288.618   	344.324   
99.750000	41812.7   	41420.1   	42170.4   	42191.9   	1049.27   	505.332   	353.144   	289.82    	345.819   
100.000000	41993.7   	41600.4   	42353.6   	42375.3   	1053.76   	507.398   	354.649   	291.021   	347.314   
100.250000	42181.3   	41787.4   	42543.7   	42565.4   	1058.39   	509.53    	356.206   	292.261   	348.864   
100.500000	42368.9   	41974.4   	42733.7   	42755.6   	1063.02   	511.663   	357.763   	293.502   	350.414   
100.750000	42556.5   	42161.4   	42923.7   	42945.8   	1067.66   	513.795   	359.32    	294.742   	351.963   
101.000000	42744.1   	42348.4   	43113.8   	43135.9   	1072.29   	515.927   	360.877   	295.983   	353.513   
101.250000	42931.7   	42535.4   	43303.8   	43326.1   	1076.93   	518.059   	362.434   	297.223   	355.062   
101.500000	43119.3   	42722.4   	43493.8   	43516.3   	1081.56   	520.191   	363.991   	298.463   	356.612   
101.750000	43307     	42909.4   	43683.8   	43706.4   	1086.19   	522.323   	365.548   	299.704   	358.162   
102.000000	43494.6   	43096.4   	43873.9   	43896.6   	1090.83   	524.456   	367.105   	300.944   	359.711   
102.250000	43682.2   	43283.4   	44063.9   	44086.8   	1095.46   	526.588   	368.661   	302.185   	361.261   
102.500000	43869.8   	43470.4   	44253.9   	44276.9   	1100.1    	528.72    	370.218   	303.425   	362.81    
102.750000	44057.4   	43657.4   	44444     	44467.1   	1104.73   	530.852   	371.775   	304.665   	364.36    
103.000000	44245     	43844.4   	44634     	44657.3   	1109.36   	532.984   	373.332   	305.906   	365.91    
103.250000	44432.6   	44031.4   	44824     	44847.4   	1114      	535.116   	374.889   	307.146   	367.459   
103.500000	44620.2   	44218.4   	45014.1   	45037.6   	1118.63   	537.249   	376.446   	308.387   	369.009   
103.750000	44807.9   	44405.4   	45204.1   	45227.7   	1123.27   	539.381   	378.003   	309.627   	370.559   
104.000000	44995.5   	44592.4   	45394.1   	45417.9   	1127.9    	541.513   	379.56    	310.867   	372.108   
104.250000	45183.1   	44779.4   	45584.2   	45608.1   	1132.53   	543.645   	381.117   	312.108   	373.658   
104.500000	45370.7   	44966.5   	45774.2   	45798.2   	1137.17   	545.777   	382.674   	313.348   	375.207   
104.750000	45558.3   	45153.5   	45964.2   	45988.4   	1141.8    	547.909   	384.231   	314.589   	376.757   
105.000000	45745.9   	45340.5   	46154.2   	46178.6   	1146.44   	550.042   	385.788   	315.829   	378.307   
105.250000	45940.1   	45534     	46350.9   	46375.4   	1151.22   	552.238   	387.394   	317.107   	379.909   
105.500000	46134.3   	45727.6   	46547.6   	46572.3   	1156      	554.434   	389.001   	318.386   	381.512   
105.750000	46328.5   	45921.2   	46744.3   	46769.1   	1160.78   	556.63    	390.608   	319.664   	383.114   
106.000000	46522.7   	46114.8   	46941     	46965.9   	1165.56   	558.827   	392.215   	320.943   	384.717   
106.250000	46716.9   	46308.3   	47137.7   	47162.8   	1170.34   	561.023   	393.821   	322.221   	386.32    
106.500000	46911.1   	46501.9   	47334.4   	47359.6   	1175.12   	563.219   	395.428   	323.5     	387.922   
106.750000	47105.3   	46695.5   	47531.1   	47556.5   	1179.9    	565.415   	397.035   	324.778   	389.525   
107.000000	47299.5   	46889.1   	47727.8   	47753.3   	1184.68   	567.612   	398.642   	326.057   	391.128   
107.250000	47493.6   	47082.6   	47924.5   	47950.1   	1189.46   	569.808   	400.248   	327.335   	392.73    
107.500000	47687.8   	47276.2   	48121.2   	48147     	1194.24   	572.004   	401.855   	328.614   	394.333   
107.750000	47882     	47469.8   	48317.9   	48343.8   	1199.02   	574.2     	403.462   	329.892   	395.936   
108.000000	48076.2   	47663.4   	48514.6   	48540.6   	1203.8    	576.396   	405.068   	331.171   	397.538   
108.250000	48270.4   	47856.9   	48711.3   	48737.5   	1208.58   	578.593   	406.675   	332.449   	399.141   
108.500000	48464.6   	48050.5   	48908     	48934.3   	1213.36   	580.789   	408.282   	333.728   	400.743   
108.750000	48658.8   	48244.1   	49104.7   	49131.2   	1218.14   	582.985   	409.889   	335.006   	402.346   
109.000000	48853     	48437.7   	49301.4   	49328     	1222.92   	585.181   	411.495   	336.285   	403.949   
109.250000	49047.2   	48631.2   	49498.1   	49524.8   	1227.7    	587.378   	413.102   	337.563   	405.551   
109.500000	49241.4   	48824.8   	49694.8   	49721.7   	1232.48   	589.574   	414.709   	338.842   	407.154   
109.750000	49435.6   	49018.4   	49891.5   	49918.5   	1237.26   	591.77    	416.316   	340.12    	408.757   
110.000000	49629.7   	49212     	50088.2   	50115.4   	1242.04   	593.966   	417.922   	341.399   	410.359   
110.250000	49830.4   	49412     	50291.5   	50318.7   	1246.96   	596.225   	419.578   	342.714   	412.014   
110.500000	50031     	49612     	50494.7   	50522.1   	1251.88   	598.483   	421.233   	344.03    	413.668   
110.750000	50231.7   	49812     	50698     	50725.5   	1256.8    	600.741   	422.888   	345.346   	415.323   
111.000000	50432.3   	50012     	50901.2   	50928.9   	1261.73   	602.999   	424.543   	346.661   	416.977   
111.250000	50633     	50212     	51104.4   	51132.3   	1266.65   	605.258   	426.198   	347.977   	418.632   
111.500000	50833.6   	50412     	51307.7   	51335.7   	1271.57   	607.516   	427.854   	349.292   	420.286   
111.750000	51034.3   	50612.1   	51510.9   	51539     	1276.49   	609.774   	429.509   	350.608   	421.941   
112.000000	51234.9   	50812.1   	51714.2   	51742.4   	1281.41   	612.032   	431.164   	351.924   	423.595   
112.250000	51435.6   	51012.1   	51917.4   	51945.8   	1286.33   	614.291   	432.819   	353.239   	425.25    
112.500000	51636.2   	51212.1   	52120.6   	52149.2   	1291.26   	616.549   	434.474   	354.555   	426.904   
112.750000	51836.9   	51412.1   	52323.9   	52352.6   	1296.18   	618.807   	436.129   	355.87    	428.558   
113.000000	52037.5   	51612.1   	52527.1   	52556     	1301.1    	621.065   	437.785   	357.186   	430.213   
113.250000	52238.2   	51812.1   	52730.4   	52759.3   	1306.02   	623.324   	439.44    	358.502   	431.867   
113.500000	52438.8   	52012.1   	52933.6   	52962.7   	1310.94   	625.582   	441.095   	359.817   	433.522   
113.750000	52639.5   	52212.2   	53136.8   	53166.1   	1315.86   	627.84    	442.75    	361.133   	435.176   
114.000000	52840.1   	52412.2   	53340.1   	53369.5   	1320.79   	630.099   	444.405   	362.449   	436.831   
114.250000	53040.8   	52612.2   	53543.3   	53572.9   	1325.71   	632.357   	446.061   	363.764   	438.485   
114.500000	53241.4   	52812.2   	53746.6   	53776.3   	1330.63   	634.615   	447.716   	365.08    	440.14    
114.750000	53442.1   	53012.2   	53949.8   	53979.6   	1335.55   	636.873   	449.371   	366.395   	441.794   
115.000000	53642.7   	53212.2   	54153     	54183     	1340.47   	639.132   	451.026   	367.711   	443.449   
115.250000	53849.7   	53418.5   	54362.7   	54392.8   	1345.53   	641.449   	452.728   	369.063   	445.154   
115.500000	54056.7   	53624.9   	54572.3   	54602.6   	1350.59   	643.766   	454.431   	370.415   	446.859   
115.750000	54263.7   	53831.2   	54782     	54812.4   	1355.65   	646.083   	456.133   	371.766   	448.564   
116.000000	54470.7   	54037.5   	54991.6   	55022.2   	1360.71   	648.4     	457.835   	373.118   	450.269   
116.250000	54677.7   	54243.8   	55201.3   	55232     	1365.77   	650.717   	459.537   	374.47    	451.975   
116.500000	54884.7   	54450.1   	55411     	55441.8   	1370.83   	653.034   	461.24    	375.822   	453.68    
116.750000	55091.7   	54656.5   	55620.6   	55651.6   	1375.89   	655.351   	462.942   	377.173   	455.385   
117.000000	55298.7   	54862.8   	55830.3   	55861.4   	1380.94   	657.668   	464.644   	378.525   	457.09    
117.250000	55505.7   	55069.1   	56039.9   	56071.2   	1386      	659.985   	466.346   	379.877   	458.795   
117.500000	55712.7   	55275.4   	56249.6   	56281     	1391.06   	662.302   	468.049   	381.229   	460.5     
117.750000	55919.7   	55481.7   	56459.2   	56490.8   	1396.12   	664.619   	469.751   	382.581   	462.206   
118.000000	56126.7   	55688.1   	56668.9   	56700.6   	1401.18   	666.937   	471.453   	383.932   	463.911   
118.250000	56333.6   	55894.4   	56878.5   	56910.4   	1406.24   	669.254   	473.155   	385.284   	465.616   
118.500000	56540.6   	56100.7   	57088.2   	57120.2   	1411.3    	671.571   	474.858   	386.636   	467.321   
118.750000	56747.6   	56307     	57297.8   	57330     	1416.36   	673.888   	476.56    	387.988   	469.026   
119.000000	56954.6   	56513.3   	57507.5   	57539.8   	1421.42   	676.205   	478.262   	389.34    	470.732   
119.250000	57161.6   	56719.6   	57717.1   	57749.6   	1426.47   	678.522   	479.964   	390.691   	472.437   
119.500000	57368.6   	56926     	57926.8   	57959.4   	1431.53   	680.839   	481.667   	392.043   	474.142   
119.750000	57575.6   	57132.3   	58136.4   	58169.2   	1436.59   	683.156   	483.369   	393.395   	475.847   
120.000000	57782.6   	57338.6   	58346.1   	58379     	1441.65   	685.473   	485.071   	394.747   	477.552   
120.250000	57995.8   	57551.1   	58562     	58595.1   	1446.84   	687.848   	486.819   	396.134   	479.307   
120.500000	58209.1   	57763.6   	58778     	58811.2   	1452.03   	690.222   	488.567   	397.521   	481.062   
120.750000	58422.3   	57976.1   	58993.9   	59027.3   	1457.23   	692.597   	490.315   	398.908   	482.817   
121.000000	58635.5   	58188.6   	59209.9   	59243.4   	1462.42   	694.971   	492.063   	400.295   	484.571   
121.250000	58848.8   	58401.1   	59425.8   	59459.5   	1467.61   	697.346   	493.811   	401.682   	486.326   
121.500000	59062     	58613.6   	59641.7   	59675.6   	1472.8    	699.72    	495.56    	403.069   	488.081   
121.750000	59275.2   	58826.1   	59857.7   	59891.7   	1477.99   	702.094   	497.308   	404.456   	489.836   
122.000000	59488.4   	59038.6   	60073.6   	60107.7   	1483.19   	704.469   	499.056   	405.843   	491.591   
122.250000	59701.7   	59251.1   	60289.6   	60323.8   	1488.38   	706.843   	500.804   	407.231   	493.346   
122.500000	59914.9   	59463.6   	60505.5   	60539.9   	1493.57   	709.218   	502.552   	408.618   	495.1     
122.750000	60128.1   	59676.1   	60721.5   	60756     	1498.76   	711.592   	504.3     	410.005   	496.855   
123.000000	60341.4   	59888.6   	60937.4   	60972.1   	1503.95   	713.967   	506.048   	411.392   	498.61    
123.250000	60554.6   	60101.1   	61153.3   	61188.2   	1509.14   	716.341   	507.796   	412.779   	500.365   
123.500000	60767.8   	60313.6   	61369.3   	61404.3   	1514.34   	718.716   	509.544   	414.166   	502.12    
123.750000	60981.1   	60526.1   	61585.2   	61620.4   	1519.53   	721.09    	511.292   	415.553   	503.874   
124.000000	61194.3   	60738.6   	61801.2   	61836.5   	1524.72   	723.465   	513.04    	416.94    	505.629   
124.250000	61407.5   	60951.1   	62017.1   	62052.6   	1529.91   	725.839   	514.788   	418.327   	507.384   
124.500000	61620.7   	61163.6   	62233.1   	62268.7   	1535.1    	728.213   	516.536   	419.714   	509.139   
124.750000	61834     	61376.1   	62449     	62484.8   	1540.3    	730.588   	518.284   	421.101   	510.894   
125.000000	62047.2   	61588.6   	62665     	62700.9   	1545.49   	732.962   	520.033   	422.489   	512.649   
125.250000	62266.6   	61807.2   	62887.1   	62923.1   	1550.81   	735.395   	521.825   	423.91    	514.452   
125.500000	62485.9   	62025.7   	63109.2   	63145.4   	1556.13   	737.827   	523.618   	425.332   	516.255   
125.750000	62705.3   	62244.3   	63331.3   	63367.7   	1561.45   	740.259   	525.41    	426.753   	518.058   
126.000000	62924.7   	62462.9   	63553.4   	63589.9   	1566.77   	742.691   	527.203   	428.174   	519.862   
126.250000	63144     	62681.4   	63775.5   	63812.2   	1572.09   	745.124   	528.995   	429.596   	521.665   
126.500000	63363.4   	62900     	63997.6   	64034.5   	1577.41   	747.556   	530.788   	431.017   	523.468   
126.750000	63582.7   	63118.5   	64219.8   	64256.8   	1582.73   	749.988   	532.58    	432.439   	525.272   
127.000000	63802.1   	63337.1   	64441.9   	64479     	1588.05   	752.421   	534.373   	433.86    	527.075   
127.250000	64021.5   	63555.7   	64664     	64701.3   	1593.37   	754.853   	536.165   	435.282   	528.878   
127.500000	64240.8   	63774.2   	64886.1   	64923.6   	1598.69   	757.285   	537.958   	436.703   	530.682   
127.750000	64460.2   	63992.8   	65108.2   	65145.8   	1604.01   	759.717   	539.75    	438.125   	532.485   
128.000000	64679.6   	64211.3   	65330.3   	65368.1   	1609.34   	762.15    	541.543   	439.546   	534.288   
128.250000	64898.9   	64429.9   	65552.4   	65590.4   	1614.66   	764.582   	543.335   	440.968   	536.091   
128.500000	65118.3   	64648.5   	65774.6   	65812.6   	1619.98   	767.014   	545.128   	442.389   	537.895   
128.750000	65337.6   	64867     	65996.7   	66034.9   	1625.3    	769.446   	546.921   	443.811   	539.698   
129.000000	65557     	65085.6   	66218.8   	66257.2   	1630.62   	771.879   	548.713   	445.232   	541.501   
129.250000	65776.4   	65304.2   	66440.9   	66479.4   	1635.94   	774.311   	550.506   	446.654   	543.305   
129.500000	65995.7   	65522.7   	66663     	66701.7   	1641.26   	776.743   	552.298   	448.075   	545.108   
129.750000	66215.1   	65741.3   	66885.1   	66924     	1646.58   	779.176   	554.091   	449.497   	546.911   
130.000000	66434.5   	65959.8   	67107.2   	67146.3   	1651.9    	781.608   	555.883   	450.918   	548.715   
130.250000	66659.8   	66184.3   	67335.4   	67374.6   	1657.35   	784.096   	557.719   	452.373   	550.565   
130.500000	66885.2   	66408.8   	67563.6   	67602.9   	1662.79   	786.585   	559.555   	453.828   	552.416   
130.750000	67110.6   	66633.3   	67791.8   	67831.2   	1668.24   	789.073   	561.391   	455.283   	554.267   
131.000000	67336     	66857.8   	68019.9   	68059.6   	1673.68   	791.562   	563.227   	456.738   	556.118   
131.250000	67561.4   	67082.4   	68248.1   	68287.9   	1679.13   	794.05    	565.063   	458.193   	557.969   
131.500000	67786.8   	67306.9   	68476.3   	68516.2   	1684.57   	796.539   	566.899   	459.649   	559.82    
131.750000	68012.2   	67531.4   	68704.5   	68744.6   	1690.02   	799.027   	568.735   	461.104   	561.671   
132.000000	68237.6   	67755.9   	68932.6   	68972.9   	1695.47   	801.516   	570.57    	462.559   	563.522   
132.250000	68463     	67980.4   	69160.8   	69201.2   	1700.91   	804.004   	572.406   	464.014   	565.372   
132.500000	68688.4   	68204.9   	69389     	69429.6   	1706.36   	806.493   	574.242   	465.469   	567.223   
132.750000	68913.8   	68429.4   	69617.2   	69657.9   	1711.8    	808.981   	576.078   	466.924   	569.074   
133.000000	69139.2   	68653.9   	69845.3   	69886.2   	1717.25   	811.47    	577.914   	468.379   	570.925   
133.250000	69364.6   	68878.4   	70073.5   	70114.5   	1722.69   	813.958   	579.75    	469.834   	572.776   
133.500000	69590     	69102.9   	70301.7   	70342.9   	1728.14   	816.447   	581.586   	471.289   	574.627   
133.750000	69815.4   	69327.4   	70529.9   	70571.2   	1733.59   	818.935   	583.422   	472.744   	576.478   
134.000000	70040.8   	69551.9   	70758     	70799.5   	1739.03   	821.424   	585.258   	474.2     	578.329   
134.250000	70266.2   	69776.4   	70986.2   	71027.9   	1744.48   	823.912   	587.094   	475.655   	580.179   
134.500000	70491.5   	70000.9   	71214.4   	71256.2   	1749.92   	826.401   	588.93    	477.11    	582.03    
134.750000	70716.9   	70225.4   	71442.6   	71484.5   	1755.37   	828.889   	590.765   	478.565   	583.881   
135.000000	70942.3   	70449.9   	71670.7   	71712.9   	1760.81   	831.377   	592.601   	480.02    	585.732   
135.250000	71173.7   	70680.2   	71904.9   	71947.1   	1766.38   	833.919   	594.479   	481.508   	587.629   
135.500000	71405     	70910.6   	72139     	72181.4   	1771.95   	836.461   	596.357   	482.996   	589.527   
135.750000	71636.3   	71140.9   	72373.1   	72415.7   	1777.51   	839.002   	598.235   	484.483   	591.424   
136.000000	71867.7   	71371.2   	72607.2   	72650     	1783.08   	841.544   	600.113   	485.971   	593.321   
136.250000	72099     	71601.6   	72841.3   	72884.3   	1788.65   	844.086   	601.991   	487.459   	595.218   
136.500000	72330.3   	71831.9   	73075.4   	73118.5   	1794.21   	846.627   	603.869   	488.947   	597.116   
136.750000	72561.6   	72062.2   	73309.5   	73352.8   	1799.78   	849.169   	605.747   	490.434   	599.013   
137.000000	72793     	72292.6   	73543.7   	73587.1   	1805.35   	851.711   	607.625   	491.922   	600.91    
137.250000	73024.3   	72522.9   	73777.8   	73821.4   	1810.91   	854.252   	609.503   	493.41    	602.807   
137.500000	73255.6   	72753.2   	74011.9   	74055.7   	1816.48   	856.794   	611.38    	494.898   	604.705   
137.750000	73487     	72983.6   	74246     	74289.9   	1822.04   	859.336   	613.258   	496.386   	606.602   
138.000000	73718.3   	73213.9   	74480.1   	74524.2   	1827.61   	861.877   	615.136   	497.873   	608.499   
138.250000	73949.6   	73444.2   	74714.2   	74758.5   	1833.18   	864.419   	617.014   	499.361   	610.396   
138.500000	74180.9   	73674.6   	74948.4   	74992.8   	1838.74   	866.961   	618.892   	500.849   	612.294   
138.750000	74412.3   	73904.9   	75182.5   	75227     	1844.31   	869.502   	620.77    	502.337   	614.191   
139.000000	74643.6   	74135.2   	75416.6   	75461.3   	1849.88   	872.044   	622.648   	503.824   	616.088   
139.250000	74874.9   	74365.6   	75650.7   	75695.6   	1855.44   	874.586   	624.526   	505.312   	617.985   
139.500000	75106.3   	74595.9   	75884.8   	75929.9   	1861.01   	877.127   	626.404   	506.8     	619.883   
139.750000	75337.6   	74826.2   	76118.9   	76164.2   	1866.58   	879.669   	628.282   	508.288   	621.78    
140.000000	75568.9   	75056.6   	76353.1   	76398.4   	1872.14   	882.211   	630.16    	509.776   	623.677   
140.250000	75806.1   	75292.6   	76593     	76638.6   	1877.82   	884.804   	632.078   	511.295   	625.62    
140.500000	76043.3   	75528.7   	76832.9   	76878.7   	1883.51   	887.397   	633.997   	512.815   	627.562   
140.750000	76280.4   	75764.7   	77072.9   	77118.8   	1889.19   	889.99    	635.915   	514.334   	629.505   
141.000000	76517.6   	76000.8   	77312.8   	77358.9   	1894.87   	892.584   	637.834   	515.854   	631.447   
141.250000	76754.8   	76236.8   	77552.7   	77599.1   	1900.55   	895.177   	639.753   	517.373   	633.39    
141.500000	76992     	76472.9   	77792.6   	77839.2   	1906.23   	897.77    	641.671   	518.893   	635.332   
141.750000	77229.1   	76708.9   	78032.6   	78079.3   	1911.92   	900.363   	643.59    	520.413   	637.275   
142.000000	77466.3   	76945     	78272.5   	78319.4   	1917.6    	902.956   	645.508   	521.932   	639.217   
142.250000	77703.5   	77181     	78512.4   	78559.5   	1923.28   	905.55    	647.427   	523.452   	641.16    
142.500000	77940.6   	77417.1   	78752.4   	78799.7   	1928.96   	908.143   	649.346   	524.971   	643.102   
142.750000	78177.8   	77653.2   	78992.3   	79039.8   	1934.65   	910.736   	651.264   	526.491   	645.045   
143.000000	78415     	77889.2   	79232.2   	79279.9   	1940.33   	913.329   	653.183   	528.01    	646.987   
143.250000	78652.2   	78125.3   	79472.2   	79520     	1946.01   	915.923   	655.102   	529.53    	648.93    
143.500000	78889.3   	78361.3   	79712.1   	79760.1   	1951.69   	918.516   	657.02    	531.05    	650.873   
