Energy (MeV/u)	0 - [He-base] F.Hubert et al, AD&ND Tables 46(1990)1	1 - [H -base] J.F.Ziegler et al, Pergamon Press, NY (low energy)	2 - ATIMA 1.2  LS-theory (recommended for high energy)	3 - ATIMA 1.2  without LS-correction	4 - Range straggling - method [0] - LISE	5 - Range straggling - method [1] - Atima	6 - Lateral range - method [0] - LISE	7 - Lateral range - method [1] - Atima	8 - Lateral range - method [2] - PDG
10.000000	630.577   	634.345   	637.292   	637.292   	15.3085   	9.86483   	5.4041    	5.25945   	5.13381   
10.250000	659.106   	662.809   	666.25    	666.25    	16.0234   	10.2796   	5.64632   	5.48261   	5.36534   
10.500000	687.634   	691.272   	695.209   	695.208   	16.7383   	10.6944   	5.88854   	5.70577   	5.59686   
10.750000	716.162   	719.736   	724.167   	724.167   	17.4532   	11.1092   	6.13076   	5.92893   	5.82838   
11.000000	744.691   	748.2     	753.126   	753.125   	18.1681   	11.524    	6.37298   	6.15209   	6.05991   
11.250000	775.322   	778.663   	784.221   	784.22    	18.938    	11.9648   	6.63287   	6.3896    	6.30848   
11.500000	805.953   	809.126   	815.316   	815.314   	19.7078   	12.4055   	6.89276   	6.62711   	6.55704   
11.750000	836.584   	839.589   	846.411   	846.409   	20.4777   	12.8463   	7.15265   	6.86462   	6.80561   
12.000000	867.215   	870.052   	877.506   	877.503   	21.2475   	13.287    	7.41255   	7.10213   	7.05418   
12.250000	899.916   	902.495   	910.7     	910.697   	22.0713   	13.753    	7.68978   	7.3538    	7.31948   
12.500000	932.616   	934.938   	943.894   	943.891   	22.895    	14.219    	7.96701   	7.60548   	7.58477   
12.750000	965.317   	967.381   	977.089   	977.084   	23.7188   	14.685    	8.24425   	7.85715   	7.85007   
13.000000	998.018   	999.824   	1010.28   	1010.28   	24.5425   	15.151    	8.52148   	8.10883   	8.11537   
13.250000	1032.76   	1034.23   	1045.54   	1045.54   	25.4192   	15.6414   	8.81573   	8.37432   	8.3971    
13.500000	1067.5    	1068.63   	1080.8    	1080.8    	26.2959   	16.1318   	9.10998   	8.63982   	8.67883   
13.750000	1102.24   	1103.04   	1116.06   	1116.05   	27.1725   	16.6222   	9.40423   	8.90531   	8.96056   
14.000000	1136.98   	1137.44   	1151.32   	1151.31   	28.0492   	17.1126   	9.69848   	9.1708    	9.24229   
14.250000	1173.73   	1173.79   	1188.61   	1188.6    	28.9779   	17.6271   	10.0095   	9.4498    	9.54017   
14.500000	1210.48   	1210.13   	1225.9    	1225.9    	29.9066   	18.1415   	10.3204   	9.72881   	9.83806   
14.750000	1247.23   	1246.48   	1263.19   	1263.19   	30.8353   	18.656    	10.6314   	10.0078   	10.1359   
15.000000	1283.98   	1282.82   	1300.48   	1300.48   	31.764    	19.1704   	10.9424   	10.2868   	10.4338   
15.250000	1322.72   	1321.09   	1339.78   	1339.77   	32.7438   	19.7085   	11.2698   	10.579    	10.7476   
15.500000	1361.45   	1359.36   	1379.07   	1379.07   	33.7237   	20.2465   	11.5972   	10.8713   	11.0614   
15.750000	1400.19   	1397.63   	1418.37   	1418.36   	34.7035   	20.7846   	11.9246   	11.1635   	11.3752   
16.000000	1438.93   	1435.9    	1457.66   	1457.65   	35.6834   	21.3226   	12.252    	11.4557   	11.689    
16.250000	1479.62   	1476.08   	1498.93   	1498.92   	36.7134   	21.8835   	12.5956   	11.7609   	12.0184   
16.500000	1520.32   	1516.26   	1540.19   	1540.19   	37.7435   	22.4443   	12.9392   	12.066    	12.3478   
16.750000	1561.01   	1556.43   	1581.46   	1581.46   	38.7735   	23.0052   	13.2828   	12.3712   	12.6772   
17.000000	1601.71   	1596.61   	1622.72   	1622.72   	39.8036   	23.566    	13.6263   	12.6763   	13.0066   
17.250000	1644.34   	1638.68   	1665.93   	1665.94   	40.883    	24.1491   	13.9858   	12.9942   	13.3514   
17.500000	1686.97   	1680.74   	1709.14   	1709.15   	41.9624   	24.7321   	14.3453   	13.312    	13.6962   
17.750000	1729.6    	1722.81   	1752.35   	1752.36   	43.0418   	25.3152   	14.7047   	13.6298   	14.041    
18.000000	1772.24   	1764.88   	1795.56   	1795.58   	44.1212   	25.8982   	15.0642   	13.9476   	14.3858   
18.250000	1816.78   	1808.82   	1840.69   	1840.71   	45.2493   	26.5031   	15.4393   	14.2779   	14.7457   
18.500000	1861.33   	1852.75   	1885.82   	1885.84   	46.3773   	27.108    	15.8144   	14.6081   	15.1057   
18.750000	1905.88   	1896.69   	1930.95   	1930.98   	47.5053   	27.7129   	16.1895   	14.9384   	15.4657   
19.000000	1950.42   	1940.63   	1976.08   	1976.11   	48.6334   	28.3177   	16.5646   	15.2687   	15.8256   
19.250000	1996.86   	1986.43   	2023.1    	2023.14   	49.8092   	28.944    	16.9551   	15.6111   	16.2005   
19.500000	2043.3    	2032.23   	2070.13   	2070.16   	50.9851   	29.5703   	17.3456   	15.9535   	16.5754   
19.750000	2089.74   	2078.02   	2117.15   	2117.19   	52.1609   	30.1966   	17.7362   	16.296    	16.9503   
20.000000	2136.18   	2123.82   	2164.17   	2164.22   	53.3368   	30.8229   	18.1267   	16.6384   	17.3252   
20.250000	2184.5    	2171.46   	2213.07   	2213.11   	54.5596   	31.4701   	18.5323   	16.9928   	17.7147   
20.500000	2232.81   	2219.1    	2261.96   	2262.01   	55.7825   	32.1173   	18.938    	17.3472   	18.1043   
20.750000	2281.12   	2266.73   	2310.85   	2310.91   	57.0053   	32.7645   	19.3436   	17.7016   	18.4939   
21.000000	2329.43   	2314.37   	2359.74   	2359.8    	58.2282   	33.4117   	19.7493   	18.056    	18.8835   
21.250000	2379.6    	2363.84   	2410.48   	2410.54   	59.4972   	34.0794   	20.1698   	18.4221   	19.2876   
21.500000	2429.77   	2413.3    	2461.21   	2461.29   	60.7663   	34.7471   	20.5904   	18.7882   	19.6916   
21.750000	2479.94   	2462.77   	2511.95   	2512.03   	62.0353   	35.4149   	21.011    	19.1543   	20.0957   
22.000000	2530.1    	2512.23   	2562.68   	2562.77   	63.3044   	36.0826   	21.4315   	19.5204   	20.4998   
22.250000	2582.11   	2563.51   	2615.24   	2615.33   	64.6188   	36.7704   	21.8668   	19.898    	20.9181   
22.500000	2634.11   	2614.79   	2667.8    	2667.89   	65.9333   	37.4583   	22.302    	20.2757   	21.3364   
22.750000	2686.11   	2666.06   	2720.35   	2720.46   	67.2478   	38.1461   	22.7373   	20.6533   	21.7548   
23.000000	2738.12   	2717.34   	2772.91   	2773.02   	68.5622   	38.834    	23.1725   	21.0309   	22.1731   
23.250000	2791.94   	2770.42   	2827.27   	2827.38   	69.9212   	39.5413   	23.6222   	21.4198   	22.6055   
23.500000	2845.76   	2823.49   	2881.62   	2881.74   	71.2801   	40.2487   	24.0718   	21.8087   	23.0378   
23.750000	2899.58   	2876.57   	2935.97   	2936.1    	72.6391   	40.956    	24.5215   	22.1976   	23.4702   
24.000000	2953.4    	2929.64   	2990.32   	2990.46   	73.9981   	41.6634   	24.9711   	22.5865   	23.9026   
24.250000	3009.03   	2984.5    	3046.45   	3046.59   	75.4005   	42.3896   	25.4349   	22.9864   	24.3487   
24.500000	3064.65   	3039.36   	3102.57   	3102.73   	76.803    	43.1157   	25.8987   	23.3863   	24.7948   
24.750000	3120.27   	3094.22   	3158.7    	3158.86   	78.2055   	43.8419   	26.3625   	23.7862   	25.241    
25.000000	3175.89   	3149.08   	3214.82   	3215      	79.608    	44.568    	26.8263   	24.1862   	25.6871   
25.250000	3234.19   	3206.59   	3273.56   	3273.75   	81.0741   	45.3216   	27.3109   	24.6022   	26.1535   
25.500000	3292.48   	3264.1    	3332.29   	3332.5    	82.5403   	46.0752   	27.7954   	25.0183   	26.6199   
25.750000	3350.77   	3321.61   	3391.03   	3391.25   	84.0064   	46.8288   	28.28     	25.4343   	27.0863   
26.000000	3409.06   	3379.12   	3449.76   	3450      	85.4726   	47.5824   	28.7645   	25.8504   	27.5526   
26.250000	3467.35   	3436.62   	3508.5    	3508.75   	86.9387   	48.336    	29.2491   	26.2664   	28.019    
26.500000	3525.65   	3494.13   	3567.23   	3567.51   	88.4049   	49.0896   	29.7336   	26.6825   	28.4854   
26.750000	3583.94   	3551.64   	3625.97   	3626.26   	89.871    	49.8432   	30.2182   	27.0985   	28.9517   
27.000000	3642.23   	3609.15   	3684.7    	3685.01   	91.3372   	50.5968   	30.7027   	27.5145   	29.4181   
27.250000	3704.03   	3670.15   	3746.85   	3747.17   	92.8858   	51.3864   	31.2142   	27.9514   	29.9108   
27.500000	3765.83   	3731.15   	3808.99   	3809.34   	94.4345   	52.1759   	31.7257   	28.3883   	30.4034   
27.750000	3827.63   	3792.15   	3871.14   	3871.51   	95.9832   	52.9655   	32.2371   	28.8252   	30.8961   
28.000000	3889.43   	3853.15   	3933.29   	3933.67   	97.5318   	53.755    	32.7486   	29.2621   	31.3888   
28.250000	3951.23   	3914.15   	3995.43   	3995.84   	99.0805   	54.5446   	33.26     	29.699    	31.8814   
28.500000	4013.03   	3975.15   	4057.58   	4058      	100.629   	55.3341   	33.7715   	30.1358   	32.3741   
28.750000	4074.84   	4036.15   	4119.73   	4120.17   	102.178   	56.1236   	34.283    	30.5727   	32.8667   
29.000000	4136.64   	4097.15   	4181.87   	4182.33   	103.726   	56.9132   	34.7944   	31.0096   	33.3594   
29.250000	4201.89   	4161.59   	4247.36   	4247.84   	105.356   	57.7377   	35.3321   	31.4667   	33.8777   
29.500000	4267.14   	4226.03   	4312.85   	4313.36   	106.985   	58.5623   	35.8697   	31.9238   	34.396    
29.750000	4332.39   	4290.47   	4378.34   	4378.87   	108.614   	59.3869   	36.4074   	32.3809   	34.9143   
30.000000	4397.64   	4354.92   	4443.83   	4444.38   	110.243   	60.2114   	36.945    	32.838    	35.4326   
30.250000	4462.89   	4419.36   	4509.32   	4509.89   	111.873   	61.036    	37.4827   	33.295    	35.9509   
30.500000	4528.14   	4483.8    	4574.8    	4575.4    	113.502   	61.8605   	38.0203   	33.7521   	36.4692   
30.750000	4593.39   	4548.24   	4640.29   	4640.91   	115.131   	62.6851   	38.558    	34.2092   	36.9875   
31.000000	4658.64   	4612.68   	4705.78   	4706.42   	116.761   	63.5097   	39.0956   	34.6663   	37.5058   
31.250000	4727.29   	4680.52   	4774.66   	4775.32   	118.476   	64.3718   	39.6602   	35.1441   	38.0504   
31.500000	4795.94   	4748.35   	4843.54   	4844.22   	120.192   	65.2339   	40.2247   	35.6219   	38.5951   
31.750000	4864.58   	4816.19   	4912.42   	4913.13   	121.908   	66.096    	40.7893   	36.0997   	39.1397   
32.000000	4933.23   	4884.02   	4981.3    	4982.03   	123.624   	66.9581   	41.3538   	36.5775   	39.6844   
32.250000	5001.88   	4951.86   	5050.18   	5050.93   	125.34    	67.8202   	41.9184   	37.0553   	40.229    
32.500000	5070.52   	5019.7    	5119.06   	5119.83   	127.056   	68.6823   	42.4829   	37.5331   	40.7737   
32.750000	5139.17   	5087.53   	5187.94   	5188.74   	128.772   	69.5444   	43.0475   	38.0109   	41.3183   
33.000000	5207.82   	5155.37   	5256.82   	5257.64   	130.488   	70.4065   	43.6121   	38.4887   	41.863    
33.250000	5279.81   	5226.55   	5329.06   	5329.91   	132.29    	71.3062   	44.2034   	38.9871   	42.4339   
33.500000	5351.8    	5297.74   	5401.3    	5402.17   	134.092   	72.206    	44.7948   	39.4855   	43.0049   
33.750000	5423.79   	5368.92   	5473.54   	5474.44   	135.895   	73.1057   	45.3861   	39.9839   	43.5758   
34.000000	5495.78   	5440.11   	5545.78   	5546.7    	137.697   	74.0054   	45.9775   	40.4823   	44.1468   
34.250000	5567.77   	5511.3    	5618.03   	5618.97   	139.499   	74.9051   	46.5688   	40.9807   	44.7177   
34.500000	5639.76   	5582.48   	5690.27   	5691.23   	141.301   	75.8049   	47.1602   	41.4791   	45.2887   
34.750000	5711.75   	5653.67   	5762.51   	5763.5    	143.104   	76.7046   	47.7515   	41.9775   	45.8596   
35.000000	5783.75   	5724.85   	5834.75   	5835.76   	144.906   	77.6043   	48.3429   	42.4759   	46.4306   
35.250000	5859.85   	5800.16   	5911.13   	5912.16   	146.813   	78.55     	48.9672   	42.9996   	47.034    
35.500000	5935.95   	5875.47   	5987.5    	5988.57   	148.721   	79.4958   	49.5915   	43.5233   	47.6373   
35.750000	6012.05   	5950.78   	6063.88   	6064.97   	150.628   	80.4415   	50.2158   	44.047    	48.2407   
36.000000	6088.15   	6026.09   	6140.25   	6141.37   	152.536   	81.3872   	50.8401   	44.5707   	48.8441   
36.250000	6164.25   	6101.4    	6216.63   	6217.78   	154.443   	82.333    	51.4645   	45.0943   	49.4474   
36.500000	6240.35   	6176.71   	6293      	6294.18   	156.351   	83.2787   	52.0888   	45.618    	50.0508   
36.750000	6316.45   	6252.02   	6369.38   	6370.58   	158.258   	84.2244   	52.7131   	46.1417   	50.6542   
37.000000	6392.55   	6327.34   	6445.75   	6446.98   	160.166   	85.1702   	53.3374   	46.6654   	51.2575   
37.250000	6468.65   	6402.65   	6522.13   	6523.39   	162.073   	86.1159   	53.9617   	47.1891   	51.8609   
37.500000	6544.75   	6477.96   	6598.5    	6599.79   	163.981   	87.0616   	54.5861   	47.7128   	52.4643   
37.750000	6620.85   	6553.27   	6674.87   	6676.19   	165.888   	88.0073   	55.2104   	48.2365   	53.0676   
38.000000	6696.96   	6628.58   	6751.25   	6752.59   	167.796   	88.9531   	55.8347   	48.7602   	53.671    
38.250000	6777.9    	6708.75   	6832.49   	6833.88   	169.826   	89.9516   	56.4978   	49.3135   	54.3126   
38.500000	6858.84   	6788.93   	6913.73   	6915.16   	171.856   	90.9501   	57.161    	49.8669   	54.9543   
38.750000	6939.78   	6869.11   	6994.98   	6996.44   	173.887   	91.9486   	57.8241   	50.4203   	55.5959   
39.000000	7020.72   	6949.29   	7076.22   	7077.72   	175.917   	92.9471   	58.4872   	50.9737   	56.2375   
39.250000	7101.66   	7029.47   	7157.46   	7159.01   	177.947   	93.9456   	59.1504   	51.5271   	56.8792   
39.500000	7182.6    	7109.65   	7238.71   	7240.29   	179.977   	94.9441   	59.8135   	52.0805   	57.5208   
39.750000	7263.55   	7189.82   	7319.95   	7321.57   	182.008   	95.9427   	60.4766   	52.6339   	58.1624   
40.000000	7344.49   	7270      	7401.19   	7402.85   	184.038   	96.9412   	61.1398   	53.1873   	58.8041   
40.250000	7425.43   	7350.18   	7482.43   	7484.14   	186.068   	97.9397   	61.8029   	53.7407   	59.4457   
40.500000	7506.37   	7430.36   	7563.68   	7565.42   	188.099   	98.9382   	62.466    	54.2941   	60.0873   
40.750000	7587.31   	7510.54   	7644.92   	7646.7    	190.129   	99.9367   	63.1292   	54.8475   	60.729    
41.000000	7668.25   	7590.71   	7726.16   	7727.98   	192.159   	100.935   	63.7923   	55.4009   	61.3706   
41.250000	7753.94   	7675.67   	7812.19   	7814.06   	194.31    	101.986   	64.4936   	55.9834   	62.0499   
41.500000	7839.62   	7760.63   	7898.22   	7900.13   	196.461   	103.036   	65.1949   	56.5659   	62.7293   
41.750000	7925.31   	7845.59   	7984.25   	7986.2    	198.612   	104.086   	65.8961   	57.1484   	63.4086   
42.000000	8011      	7930.55   	8070.29   	8072.27   	200.762   	105.136   	66.5974   	57.731    	64.088    
42.250000	8096.68   	8015.51   	8156.32   	8158.34   	202.913   	106.187   	67.2987   	58.3135   	64.7673   
42.500000	8182.37   	8100.46   	8242.35   	8244.42   	205.064   	107.237   	68        	58.896    	65.4467   
42.750000	8268.05   	8185.42   	8328.38   	8330.49   	207.215   	108.287   	68.7013   	59.4786   	66.126    
43.000000	8353.74   	8270.38   	8414.41   	8416.56   	209.366   	109.338   	69.4026   	60.0611   	66.8054   
43.250000	8439.43   	8355.34   	8500.44   	8502.63   	211.517   	110.388   	70.1038   	60.6436   	67.4847   
43.500000	8525.11   	8440.3    	8586.47   	8588.71   	213.667   	111.438   	70.8051   	61.2261   	68.1641   
43.750000	8610.8    	8525.26   	8672.5    	8674.78   	215.818   	112.489   	71.5064   	61.8087   	68.8434   
44.000000	8696.48   	8610.21   	8758.53   	8760.85   	217.969   	113.539   	72.2077   	62.3912   	69.5228   
44.250000	8786.82   	8699.87   	8849.27   	8851.63   	220.237   	114.64    	72.9464   	63.0022   	70.2392   
44.500000	8877.16   	8789.52   	8940      	8942.4    	222.506   	115.741   	73.685    	63.6132   	70.9556   
44.750000	8967.5    	8879.18   	9030.74   	9033.18   	224.774   	116.841   	74.4237   	64.2243   	71.672    
45.000000	9057.84   	8968.84   	9121.47   	9123.96   	227.042   	117.942   	75.1624   	64.8353   	72.3885   
45.250000	9148.18   	9058.49   	9212.2    	9214.74   	229.311   	119.043   	75.901    	65.4463   	73.1049   
45.500000	9238.52   	9148.15   	9302.94   	9305.51   	231.579   	120.144   	76.6397   	66.0573   	73.8213   
45.750000	9328.87   	9237.8    	9393.67   	9396.29   	233.847   	121.244   	77.3784   	66.6684   	74.5377   
46.000000	9419.21   	9327.46   	9484.41   	9487.07   	236.116   	122.345   	78.117    	67.2794   	75.2541   
46.250000	9509.55   	9417.11   	9575.14   	9577.85   	238.384   	123.446   	78.8557   	67.8904   	75.9706   
46.500000	9599.89   	9506.77   	9665.87   	9668.62   	240.652   	124.547   	79.5944   	68.5015   	76.687    
46.750000	9690.23   	9596.42   	9756.61   	9759.4    	242.921   	125.648   	80.333    	69.1125   	77.4034   
47.000000	9780.57   	9686.08   	9847.34   	9850.18   	245.189   	126.748   	81.0717   	69.7235   	78.1198   
47.250000	9875.48   	9780.35   	9942.7    	9945.58   	247.572   	127.898   	81.847    	70.3624   	78.8727   
47.500000	9970.39   	9874.62   	10038.1   	10041     	249.955   	129.048   	82.6224   	71.0013   	79.6256   
47.750000	10065.3   	9968.89   	10133.4   	10136.4   	252.338   	130.199   	83.3977   	71.6403   	80.3784   
48.000000	10160.2   	10063.2   	10228.8   	10231.8   	254.721   	131.349   	84.173    	72.2792   	81.1313   
48.250000	10255.1   	10157.4   	10324.1   	10327.2   	257.104   	132.499   	84.9483   	72.9181   	81.8842   
48.500000	10350     	10251.7   	10419.5   	10422.6   	259.488   	133.649   	85.7236   	73.557    	82.6371   
48.750000	10444.9   	10346     	10514.8   	10518     	261.871   	134.799   	86.499    	74.196    	83.3899   
49.000000	10539.8   	10440.3   	10610.2   	10613.4   	264.254   	135.949   	87.2743   	74.8349   	84.1428   
49.250000	10634.8   	10534.5   	10705.6   	10708.8   	266.637   	137.099   	88.0496   	75.4738   	84.8957   
49.500000	10729.7   	10628.8   	10800.9   	10804.2   	269.02    	138.249   	88.8249   	76.1127   	85.6485   
49.750000	10824.6   	10723.1   	10896.3   	10899.6   	271.403   	139.399   	89.6003   	76.7516   	86.4014   
50.000000	10919.5   	10817.3   	10991.6   	10995     	273.786   	140.549   	90.3756   	77.3906   	87.1543   
50.250000	11020.4   	10917.6   	11093     	11096.4   	276.318   	141.763   	91.1986   	78.0657   	87.9548   
50.500000	11121.2   	11018     	11194.4   	11197.9   	278.85    	142.977   	92.0216   	78.7409   	88.7552   
50.750000	11222.1   	11118.3   	11295.8   	11299.3   	281.382   	144.191   	92.8446   	79.416    	89.5557   
51.000000	11323     	11218.6   	11397.2   	11400.8   	283.914   	145.405   	93.6676   	80.0912   	90.3562   
51.250000	11423.9   	11318.9   	11498.6   	11502.2   	286.446   	146.618   	94.4906   	80.7664   	91.1566   
51.500000	11524.7   	11419.2   	11600     	11603.7   	288.978   	147.832   	95.3136   	81.4415   	91.9571   
51.750000	11625.6   	11519.5   	11701.4   	11705.1   	291.51    	149.046   	96.1366   	82.1167   	92.7576   
52.000000	11726.5   	11619.8   	11802.8   	11806.6   	294.042   	150.26    	96.9596   	82.7918   	93.5581   
52.250000	11827.3   	11720.1   	11904.2   	11908     	296.574   	151.474   	97.7826   	83.467    	94.3585   
52.500000	11928.2   	11820.4   	12005.6   	12009.4   	299.106   	152.688   	98.6056   	84.1421   	95.159    
52.750000	12029.1   	11920.7   	12107     	12110.9   	301.638   	153.902   	99.4286   	84.8173   	95.9595   
53.000000	12130     	12021     	12208.4   	12212.3   	304.17    	155.116   	100.252   	85.4925   	96.7599   
53.250000	12230.8   	12121.3   	12309.8   	12313.8   	306.702   	156.33    	101.075   	86.1676   	97.5604   
53.500000	12331.7   	12221.6   	12411.2   	12415.2   	309.234   	157.544   	101.898   	86.8428   	98.3609   
53.750000	12432.6   	12321.9   	12512.6   	12516.7   	311.766   	158.758   	102.721   	87.5179   	99.1614   
54.000000	12533.5   	12422.2   	12614     	12618.1   	314.298   	159.971   	103.544   	88.1931   	99.9618   
54.250000	12634.3   	12522.5   	12715.4   	12719.6   	316.83    	161.185   	104.367   	88.8682   	100.762   
54.500000	12735.2   	12622.8   	12816.8   	12821     	319.361   	162.399   	105.19    	89.5434   	101.563   
54.750000	12836.1   	12723.1   	12918.2   	12922.5   	321.893   	163.613   	106.013   	90.2186   	102.363   
55.000000	12937     	12823.4   	13019.6   	13023.9   	324.425   	164.827   	106.836   	90.8937   	103.164   
55.250000	13045.1   	12931.1   	13128.4   	13132.7   	327.138   	166.118   	107.717   	91.6128   	104.022   
55.500000	13153.3   	13038.8   	13237.1   	13241.5   	329.85    	167.41    	108.598   	92.3319   	104.881   
55.750000	13261.4   	13146.5   	13345.9   	13350.4   	332.562   	168.701   	109.478   	93.0511   	105.739   
56.000000	13369.6   	13254.1   	13454.7   	13459.2   	335.274   	169.993   	110.359   	93.7702   	106.598   
56.250000	13477.7   	13361.8   	13563.5   	13568     	337.986   	171.284   	111.24    	94.4893   	107.457   
56.500000	13585.9   	13469.5   	13672.2   	13676.9   	340.699   	172.575   	112.121   	95.2084   	108.315   
56.750000	13694     	13577.2   	13781     	13785.7   	343.411   	173.867   	113.002   	95.9275   	109.174   
57.000000	13802.1   	13684.8   	13889.8   	13894.5   	346.123   	175.158   	113.883   	96.6466   	110.032   
57.250000	13910.3   	13792.5   	13998.6   	14003.3   	348.835   	176.45    	114.764   	97.3657   	110.891   
57.500000	14018.4   	13900.2   	14107.4   	14112.2   	351.548   	177.741   	115.645   	98.0849   	111.749   
57.750000	14126.6   	14007.9   	14216.1   	14221     	354.26    	179.032   	116.526   	98.804    	112.608   
58.000000	14234.7   	14115.5   	14324.9   	14329.8   	356.972   	180.324   	117.407   	99.5231   	113.466   
58.250000	14342.9   	14223.2   	14433.7   	14438.6   	359.684   	181.615   	118.288   	100.242   	114.325   
58.500000	14451     	14330.9   	14542.5   	14547.5   	362.396   	182.907   	119.169   	100.961   	115.184   
58.750000	14559.2   	14438.5   	14651.2   	14656.3   	365.109   	184.198   	120.05    	101.68    	116.042   
59.000000	14667.3   	14546.2   	14760     	14765.1   	367.821   	185.489   	120.93    	102.4     	116.901   
59.250000	14775.5   	14653.9   	14868.8   	14874     	370.533   	186.781   	121.811   	103.119   	117.759   
59.500000	14883.6   	14761.6   	14977.6   	14982.8   	373.245   	188.072   	122.692   	103.838   	118.618   
59.750000	14991.8   	14869.2   	15086.3   	15091.6   	375.957   	189.363   	123.573   	104.557   	119.476   
60.000000	15099.9   	14976.9   	15195.1   	15200.4   	378.67    	190.655   	124.454   	105.276   	120.335   
60.250000	15215.2   	15091.8   	15311.1   	15316.5   	381.555   	192.019   	125.391   	106.037   	121.25    
60.500000	15330.4   	15206.6   	15427     	15432.5   	384.44    	193.384   	126.328   	106.799   	122.165   
60.750000	15445.7   	15321.5   	15543     	15548.5   	387.325   	194.749   	127.265   	107.56    	123.08    
61.000000	15560.9   	15436.3   	15659     	15664.5   	390.21    	196.113   	128.202   	108.322   	123.995   
61.250000	15676.1   	15551.2   	15774.9   	15780.6   	393.095   	197.478   	129.138   	109.083   	124.91    
61.500000	15791.4   	15666     	15890.9   	15896.6   	395.98    	198.842   	130.075   	109.845   	125.824   
61.750000	15906.6   	15780.9   	16006.8   	16012.6   	398.865   	200.207   	131.012   	110.606   	126.739   
62.000000	16021.8   	15895.7   	16122.8   	16128.6   	401.75    	201.571   	131.949   	111.368   	127.654   
62.250000	16137.1   	16010.6   	16238.7   	16244.6   	404.635   	202.936   	132.886   	112.129   	128.569   
62.500000	16252.3   	16125.4   	16354.7   	16360.7   	407.52    	204.3     	133.823   	112.891   	129.484   
62.750000	16367.5   	16240.3   	16470.6   	16476.7   	410.405   	205.665   	134.759   	113.652   	130.399   
63.000000	16482.8   	16355.2   	16586.6   	16592.7   	413.29    	207.03    	135.696   	114.414   	131.314   
63.250000	16598     	16470     	16702.6   	16708.7   	416.175   	208.394   	136.633   	115.175   	132.229   
63.500000	16713.2   	16584.9   	16818.5   	16824.8   	419.06    	209.759   	137.57    	115.937   	133.144   
63.750000	16828.5   	16699.7   	16934.5   	16940.8   	421.945   	211.123   	138.507   	116.698   	134.059   
64.000000	16943.7   	16814.6   	17050.4   	17056.8   	424.83    	212.488   	139.443   	117.46    	134.974   
64.250000	17058.9   	16929.4   	17166.4   	17172.8   	427.715   	213.852   	140.38    	118.221   	135.889   
64.500000	17174.2   	17044.3   	17282.3   	17288.9   	430.6     	215.217   	141.317   	118.983   	136.804   
64.750000	17289.4   	17159.1   	17398.3   	17404.9   	433.485   	216.582   	142.254   	119.744   	137.719   
65.000000	17404.6   	17274     	17514.3   	17520.9   	436.37    	217.946   	143.191   	120.506   	138.633   
65.250000	17526.8   	17395.8   	17637.2   	17644     	439.423   	219.383   	144.182   	121.308   	139.603   
65.500000	17648.9   	17517.7   	17760.2   	17767     	442.476   	220.819   	145.173   	122.111   	140.573   
65.750000	17771.1   	17639.5   	17883.2   	17890     	445.529   	222.256   	146.164   	122.914   	141.543   
66.000000	17893.2   	17761.4   	18006.1   	18013.1   	448.582   	223.692   	147.155   	123.716   	142.513   
66.250000	18015.4   	17883.3   	18129.1   	18136.1   	451.635   	225.129   	148.146   	124.519   	143.483   
66.500000	18137.5   	18005.1   	18252.1   	18259.2   	454.687   	226.565   	149.137   	125.321   	144.453   
66.750000	18259.6   	18127     	18375.1   	18382.2   	457.74    	228.002   	150.128   	126.124   	145.423   
67.000000	18381.8   	18248.8   	18498     	18505.3   	460.793   	229.438   	151.119   	126.927   	146.393   
67.250000	18503.9   	18370.7   	18621     	18628.3   	463.846   	230.875   	152.11    	127.729   	147.363   
67.500000	18626.1   	18492.5   	18744     	18751.4   	466.899   	232.311   	153.102   	128.532   	148.333   
67.750000	18748.2   	18614.4   	18866.9   	18874.4   	469.951   	233.748   	154.093   	129.334   	149.303   
68.000000	18870.4   	18736.2   	18989.9   	18997.5   	473.004   	235.184   	155.084   	130.137   	150.273   
68.250000	18992.5   	18858.1   	19112.9   	19120.5   	476.057   	236.621   	156.075   	130.94    	151.242   
68.500000	19114.6   	18979.9   	19235.9   	19243.5   	479.11    	238.057   	157.066   	131.742   	152.212   
68.750000	19236.8   	19101.8   	19358.8   	19366.6   	482.163   	239.494   	158.057   	132.545   	153.182   
69.000000	19358.9   	19223.7   	19481.8   	19489.6   	485.216   	240.931   	159.048   	133.347   	154.152   
69.250000	19481.1   	19345.5   	19604.8   	19612.7   	488.268   	242.367   	160.039   	134.15    	155.122   
69.500000	19603.2   	19467.4   	19727.7   	19735.7   	491.321   	243.804   	161.03    	134.953   	156.092   
69.750000	19725.4   	19589.2   	19850.7   	19858.8   	494.374   	245.24    	162.021   	135.755   	157.062   
70.000000	19847.5   	19711.1   	19973.7   	19981.8   	497.427   	246.677   	163.012   	136.558   	158.032   
70.250000	19976.4   	19839.8   	20103.5   	20111.7   	500.642   	248.182   	164.056   	137.4     	159.055   
70.500000	20105.3   	19968.5   	20233.3   	20241.6   	503.857   	249.687   	165.1     	138.243   	160.079   
70.750000	20234.2   	20097.1   	20363.2   	20371.5   	507.072   	251.192   	166.143   	139.085   	161.103   
71.000000	20363.1   	20225.8   	20493     	20501.4   	510.287   	252.697   	167.187   	139.928   	162.126   
71.250000	20491.9   	20354.5   	20622.8   	20631.3   	513.503   	254.202   	168.231   	140.77    	163.15    
71.500000	20620.8   	20483.2   	20752.7   	20761.2   	516.718   	255.707   	169.274   	141.613   	164.173   
71.750000	20749.7   	20611.9   	20882.5   	20891.1   	519.933   	257.212   	170.318   	142.455   	165.197   
72.000000	20878.6   	20740.6   	21012.3   	21021     	523.148   	258.717   	171.362   	143.297   	166.22    
72.250000	21007.5   	20869.3   	21142.1   	21151     	526.363   	260.222   	172.405   	144.14    	167.244   
72.500000	21136.4   	20998     	21272     	21280.9   	529.578   	261.727   	173.449   	144.982   	168.267   
72.750000	21265.3   	21126.6   	21401.8   	21410.8   	532.793   	263.232   	174.493   	145.825   	169.291   
73.000000	21394.1   	21255.3   	21531.6   	21540.7   	536.009   	264.737   	175.536   	146.667   	170.314   
73.250000	21523     	21384     	21661.4   	21670.6   	539.224   	266.242   	176.58    	147.51    	171.338   
73.500000	21651.9   	21512.7   	21791.3   	21800.5   	542.439   	267.747   	177.624   	148.352   	172.361   
73.750000	21780.8   	21641.4   	21921.1   	21930.4   	545.654   	269.252   	178.668   	149.195   	173.385   
74.000000	21909.7   	21770.1   	22050.9   	22060.3   	548.869   	270.757   	179.711   	150.037   	174.409   
74.250000	22038.6   	21898.8   	22180.7   	22190.2   	552.084   	272.262   	180.755   	150.88    	175.432   
74.500000	22167.5   	22027.5   	22310.6   	22320.1   	555.3     	273.768   	181.799   	151.722   	176.456   
74.750000	22296.4   	22156.2   	22440.4   	22450     	558.515   	275.273   	182.842   	152.565   	177.479   
75.000000	22425.2   	22284.8   	22570.2   	22579.9   	561.73    	276.778   	183.886   	153.407   	178.503   
75.250000	22560.7   	22420.2   	22706.8   	22716.5   	565.102   	278.35    	184.981   	154.288   	179.579   
75.500000	22696.2   	22555.6   	22843.3   	22853.1   	568.474   	279.923   	186.075   	155.169   	180.654   
75.750000	22831.7   	22690.9   	22979.8   	22989.7   	571.846   	281.495   	187.17    	156.05    	181.73    
76.000000	22967.1   	22826.3   	23116.3   	23126.3   	575.218   	283.067   	188.265   	156.932   	182.806   
76.250000	23102.6   	22961.7   	23252.9   	23262.9   	578.59    	284.64    	189.36    	157.813   	183.882   
76.500000	23238.1   	23097     	23389.4   	23399.5   	581.962   	286.212   	190.454   	158.694   	184.958   
76.750000	23373.6   	23232.4   	23525.9   	23536.1   	585.335   	287.785   	191.549   	159.575   	186.034   
77.000000	23509     	23367.7   	23662.4   	23672.7   	588.707   	289.357   	192.644   	160.456   	187.11    
77.250000	23644.5   	23503.1   	23799     	23809.3   	592.079   	290.93    	193.738   	161.337   	188.186   
77.500000	23780     	23638.5   	23935.5   	23946     	595.451   	292.502   	194.833   	162.218   	189.261   
77.750000	23915.5   	23773.8   	24072     	24082.6   	598.823   	294.075   	195.928   	163.1     	190.337   
78.000000	24050.9   	23909.2   	24208.5   	24219.2   	602.195   	295.647   	197.023   	163.981   	191.413   
78.250000	24186.4   	24044.6   	24345.1   	24355.8   	605.567   	297.22    	198.117   	164.862   	192.489   
78.500000	24321.9   	24179.9   	24481.6   	24492.4   	608.939   	298.792   	199.212   	165.743   	193.565   
78.750000	24457.4   	24315.3   	24618.1   	24629     	612.311   	300.364   	200.307   	166.624   	194.641   
79.000000	24592.8   	24450.6   	24754.6   	24765.6   	615.684   	301.937   	201.401   	167.505   	195.717   
79.250000	24728.3   	24586     	24891.2   	24902.2   	619.056   	303.509   	202.496   	168.387   	196.792   
79.500000	24863.8   	24721.4   	25027.7   	25038.8   	622.428   	305.082   	203.591   	169.268   	197.868   
79.750000	24999.3   	24856.7   	25164.2   	25175.4   	625.8     	306.654   	204.686   	170.149   	198.944   
80.000000	25134.7   	24992.1   	25300.7   	25312     	629.172   	308.227   	205.78    	171.03    	200.02    
80.250000	25276.7   	25134     	25443.8   	25455.2   	632.696   	309.865   	206.925   	171.949   	201.147   
80.500000	25418.6   	25275.8   	25586.9   	25598.3   	636.22    	311.503   	208.069   	172.867   	202.274   
80.750000	25560.5   	25417.7   	25730     	25741.5   	639.744   	313.141   	209.213   	173.786   	203.401   
81.000000	25702.4   	25559.6   	25873.1   	25884.7   	643.267   	314.779   	210.357   	174.705   	204.528   
81.250000	25844.3   	25701.5   	26016.1   	26027.8   	646.791   	316.417   	211.501   	175.624   	205.655   
81.500000	25986.3   	25843.4   	26159.2   	26171     	650.315   	318.055   	212.646   	176.542   	206.781   
81.750000	26128.2   	25985.3   	26302.3   	26314.1   	653.839   	319.693   	213.79    	177.461   	207.908   
82.000000	26270.1   	26127.1   	26445.4   	26457.3   	657.363   	321.331   	214.934   	178.38    	209.035   
82.250000	26412     	26269     	26588.4   	26600.5   	660.887   	322.969   	216.078   	179.299   	210.162   
82.500000	26553.9   	26410.9   	26731.5   	26743.6   	664.411   	324.607   	217.223   	180.217   	211.289   
82.750000	26695.9   	26552.8   	26874.6   	26886.8   	667.935   	326.245   	218.367   	181.136   	212.416   
83.000000	26837.8   	26694.7   	27017.7   	27029.9   	671.458   	327.883   	219.511   	182.055   	213.543   
83.250000	26979.7   	26836.6   	27160.7   	27173.1   	674.982   	329.521   	220.655   	182.973   	214.67    
83.500000	27121.6   	26978.4   	27303.8   	27316.3   	678.506   	331.159   	221.8     	183.892   	215.797   
83.750000	27263.5   	27120.3   	27446.9   	27459.4   	682.03    	332.797   	222.944   	184.811   	216.924   
84.000000	27405.5   	27262.2   	27590     	27602.6   	685.554   	334.435   	224.088   	185.73    	218.05    
84.250000	27547.4   	27404.1   	27733     	27745.7   	689.078   	336.073   	225.232   	186.648   	219.177   
84.500000	27689.3   	27546     	27876.1   	27888.9   	692.602   	337.711   	226.376   	187.567   	220.304   
84.750000	27831.2   	27687.9   	28019.2   	28032.1   	696.126   	339.35    	227.521   	188.486   	221.431   
85.000000	27973.1   	27829.7   	28162.3   	28175.2   	699.649   	340.988   	228.665   	189.405   	222.558   
85.250000	28121.4   	27978     	28311.8   	28324.8   	703.32    	342.689   	229.857   	190.36    	223.735   
85.500000	28269.6   	28126.3   	28461.3   	28474.4   	706.991   	344.389   	231.049   	191.315   	224.912   
85.750000	28417.8   	28274.5   	28610.7   	28623.9   	710.662   	346.09    	232.242   	192.27    	226.088   
86.000000	28566     	28422.8   	28760.2   	28773.5   	714.333   	347.791   	233.434   	193.225   	227.265   
86.250000	28714.3   	28571     	28909.7   	28923.1   	718.004   	349.492   	234.626   	194.181   	228.442   
86.500000	28862.5   	28719.3   	29059.2   	29072.7   	721.675   	351.193   	235.819   	195.136   	229.619   
86.750000	29010.7   	28867.5   	29208.7   	29222.2   	725.346   	352.894   	237.011   	196.091   	230.795   
87.000000	29158.9   	29015.8   	29358.2   	29371.8   	729.017   	354.595   	238.203   	197.046   	231.972   
87.250000	29307.2   	29164.1   	29507.7   	29521.4   	732.687   	356.296   	239.396   	198.002   	233.149   
87.500000	29455.4   	29312.3   	29657.2   	29670.9   	736.358   	357.997   	240.588   	198.957   	234.326   
87.750000	29603.6   	29460.6   	29806.6   	29820.5   	740.029   	359.698   	241.78    	199.912   	235.502   
88.000000	29751.8   	29608.8   	29956.1   	29970.1   	743.7     	361.399   	242.972   	200.867   	236.679   
88.250000	29900.1   	29757.1   	30105.6   	30119.7   	747.371   	363.1     	244.165   	201.823   	237.856   
88.500000	30048.3   	29905.3   	30255.1   	30269.2   	751.042   	364.801   	245.357   	202.778   	239.033   
88.750000	30196.5   	30053.6   	30404.6   	30418.8   	754.713   	366.502   	246.549   	203.733   	240.209   
89.000000	30344.7   	30201.9   	30554.1   	30568.4   	758.384   	368.202   	247.742   	204.688   	241.386   
89.250000	30493     	30350.1   	30703.6   	30718     	762.055   	369.903   	248.934   	205.644   	242.563   
89.500000	30641.2   	30498.4   	30853.1   	30867.5   	765.725   	371.604   	250.126   	206.599   	243.74    
89.750000	30789.4   	30646.6   	31002.6   	31017.1   	769.396   	373.305   	251.319   	207.554   	244.916   
90.000000	30937.7   	30794.9   	31152     	31166.7   	773.067   	375.006   	252.511   	208.509   	246.093   
90.250000	31092.1   	30949.4   	31307.8   	31322.5   	776.879   	376.767   	253.75    	209.5     	247.318   
90.500000	31246.5   	31103.9   	31463.5   	31478.4   	780.691   	378.527   	254.988   	210.491   	248.544   
90.750000	31400.9   	31258.4   	31619.3   	31634.2   	784.503   	380.288   	256.227   	211.481   	249.769   
91.000000	31555.3   	31412.9   	31775     	31790.1   	788.316   	382.048   	257.466   	212.472   	250.994   
91.250000	31709.7   	31567.4   	31930.8   	31945.9   	792.128   	383.809   	258.705   	213.463   	252.219   
91.500000	31864.1   	31721.8   	32086.5   	32101.8   	795.94    	385.57    	259.944   	214.453   	253.445   
91.750000	32018.5   	31876.3   	32242.3   	32257.6   	799.752   	387.33    	261.182   	215.444   	254.67    
92.000000	32172.9   	32030.8   	32398     	32413.5   	803.564   	389.091   	262.421   	216.434   	255.895   
92.250000	32327.3   	32185.3   	32553.8   	32569.3   	807.376   	390.851   	263.66    	217.425   	257.12    
92.500000	32481.7   	32339.8   	32709.5   	32725.2   	811.188   	392.612   	264.899   	218.416   	258.346   
92.750000	32636.1   	32494.3   	32865.3   	32881     	815       	394.372   	266.138   	219.406   	259.571   
93.000000	32790.5   	32648.8   	33021     	33036.9   	818.812   	396.133   	267.376   	220.397   	260.796   
93.250000	32944.9   	32803.3   	33176.8   	33192.7   	822.625   	397.894   	268.615   	221.388   	262.021   
93.500000	33099.3   	32957.8   	33332.5   	33348.6   	826.437   	399.654   	269.854   	222.378   	263.247   
93.750000	33253.7   	33112.3   	33488.3   	33504.4   	830.249   	401.415   	271.093   	223.369   	264.472   
94.000000	33408.1   	33266.8   	33644     	33660.3   	834.061   	403.175   	272.332   	224.359   	265.697   
94.250000	33562.5   	33421.3   	33799.8   	33816.1   	837.873   	404.936   	273.57    	225.35    	266.922   
94.500000	33716.9   	33575.8   	33955.5   	33972     	841.685   	406.696   	274.809   	226.341   	268.148   
94.750000	33871.3   	33730.3   	34111.3   	34127.8   	845.497   	408.457   	276.048   	227.331   	269.373   
95.000000	34025.7   	33884.7   	34267     	34283.7   	849.309   	410.217   	277.287   	228.322   	270.598   
95.250000	34186.2   	34045.3   	34428.9   	34445.7   	853.258   	412.036   	278.571   	229.347   	271.871   
95.500000	34346.6   	34205.9   	34590.8   	34607.7   	857.207   	413.855   	279.855   	230.372   	273.143   
95.750000	34507.1   	34366.5   	34752.7   	34769.7   	861.156   	415.674   	281.139   	231.397   	274.416   
96.000000	34667.6   	34527.1   	34914.6   	34931.7   	865.105   	417.493   	282.423   	232.422   	275.689   
96.250000	34828     	34687.7   	35076.4   	35093.7   	869.054   	419.311   	283.706   	233.447   	276.961   
96.500000	34988.5   	34848.3   	35238.3   	35255.7   	873.003   	421.13    	284.99    	234.472   	278.234   
96.750000	35148.9   	35008.9   	35400.2   	35417.7   	876.952   	422.949   	286.274   	235.497   	279.506   
97.000000	35309.4   	35169.5   	35562.1   	35579.7   	880.901   	424.768   	287.558   	236.522   	280.779   
97.250000	35469.8   	35330.1   	35724     	35741.7   	884.85    	426.586   	288.842   	237.547   	282.052   
97.500000	35630.3   	35490.7   	35885.8   	35903.7   	888.799   	428.405   	290.126   	238.572   	283.324   
97.750000	35790.8   	35651.3   	36047.7   	36065.7   	892.748   	430.224   	291.41    	239.597   	284.597   
98.000000	35951.2   	35811.9   	36209.6   	36227.7   	896.697   	432.043   	292.694   	240.622   	285.87    
98.250000	36111.7   	35972.5   	36371.5   	36389.7   	900.646   	433.862   	293.978   	241.647   	287.142   
98.500000	36272.1   	36133.1   	36533.4   	36551.7   	904.595   	435.68    	295.262   	242.672   	288.415   
98.750000	36432.6   	36293.7   	36695.3   	36713.7   	908.544   	437.499   	296.546   	243.698   	289.688   
99.000000	36593.1   	36454.3   	36857.1   	36875.7   	912.492   	439.318   	297.83    	244.723   	290.96    
99.250000	36753.5   	36614.9   	37019     	37037.7   	916.441   	441.137   	299.114   	245.748   	292.233   
99.500000	36914     	36775.4   	37180.9   	37199.7   	920.39    	442.955   	300.398   	246.773   	293.505   
99.750000	37074.4   	36936     	37342.8   	37361.7   	924.339   	444.774   	301.682   	247.798   	294.778   
100.000000	37234.9   	37096.6   	37504.7   	37523.7   	928.288   	446.593   	302.966   	248.823   	296.051   
100.250000	37401.3   	37263.2   	37672.6   	37691.7   	932.371   	448.47    	304.294   	249.881   	297.37    
100.500000	37567.7   	37429.8   	37840.5   	37859.7   	936.453   	450.347   	305.622   	250.94    	298.689   
100.750000	37734.1   	37596.3   	38008.4   	38027.7   	940.536   	452.224   	306.949   	251.999   	300.008   
101.000000	37900.5   	37762.9   	38176.3   	38195.8   	944.618   	454.101   	308.277   	253.057   	301.327   
101.250000	38066.9   	37929.5   	38344.2   	38363.8   	948.701   	455.979   	309.605   	254.116   	302.646   
101.500000	38233.3   	38096     	38512.1   	38531.8   	952.783   	457.856   	310.933   	255.174   	303.965   
101.750000	38399.7   	38262.6   	38680     	38699.8   	956.866   	459.733   	312.261   	256.233   	305.284   
102.000000	38566.1   	38429.2   	38847.9   	38867.8   	960.948   	461.61    	313.589   	257.292   	306.603   
102.250000	38732.5   	38595.7   	39015.8   	39035.9   	965.031   	463.487   	314.917   	258.35    	307.922   
102.500000	38898.9   	38762.3   	39183.7   	39203.9   	969.113   	465.364   	316.245   	259.409   	309.241   
102.750000	39065.2   	38928.9   	39351.6   	39371.9   	973.196   	467.241   	317.573   	260.468   	310.56    
103.000000	39231.6   	39095.4   	39519.5   	39539.9   	977.278   	469.118   	318.901   	261.526   	311.879   
103.250000	39398     	39262     	39687.4   	39708     	981.361   	470.995   	320.229   	262.585   	313.198   
103.500000	39564.4   	39428.6   	39855.3   	39876     	985.443   	472.872   	321.557   	263.643   	314.517   
103.750000	39730.8   	39595.1   	40023.2   	40044     	989.526   	474.75    	322.885   	264.702   	315.836   
104.000000	39897.2   	39761.7   	40191.1   	40212     	993.608   	476.627   	324.212   	265.761   	317.155   
104.250000	40063.6   	39928.3   	40359     	40380     	997.691   	478.504   	325.54    	266.819   	318.474   
104.500000	40230     	40094.9   	40526.9   	40548.1   	1001.77   	480.381   	326.868   	267.878   	319.793   
104.750000	40396.4   	40261.4   	40694.8   	40716.1   	1005.86   	482.258   	328.196   	268.937   	321.112   
105.000000	40562.8   	40428     	40862.7   	40884.1   	1009.94   	484.135   	329.524   	269.995   	322.431   
105.250000	40735     	40600.4   	41036.5   	41058     	1014.15   	486.069   	330.895   	271.087   	323.796   
105.500000	40907.3   	40772.8   	41210.3   	41232     	1018.36   	488.003   	332.266   	272.178   	325.16    
105.750000	41079.5   	40945.2   	41384.1   	41405.9   	1022.57   	489.936   	333.636   	273.269   	326.525   
106.000000	41251.7   	41117.7   	41557.9   	41579.8   	1026.78   	491.87    	335.007   	274.361   	327.889   
106.250000	41423.9   	41290.1   	41731.7   	41753.7   	1031      	493.804   	336.377   	275.452   	329.254   
106.500000	41596.2   	41462.5   	41905.5   	41927.7   	1035.21   	495.738   	337.748   	276.543   	330.618   
106.750000	41768.4   	41634.9   	42079.4   	42101.6   	1039.42   	497.671   	339.119   	277.635   	331.982   
107.000000	41940.6   	41807.3   	42253.2   	42275.5   	1043.63   	499.605   	340.489   	278.726   	333.347   
107.250000	42112.8   	41979.7   	42427     	42449.4   	1047.84   	501.539   	341.86    	279.817   	334.711   
107.500000	42285     	42152.2   	42600.8   	42623.4   	1052.05   	503.473   	343.231   	280.909   	336.076   
107.750000	42457.3   	42324.6   	42774.6   	42797.3   	1056.27   	505.406   	344.601   	282       	337.44    
108.000000	42629.5   	42497     	42948.4   	42971.2   	1060.48   	507.34    	345.972   	283.091   	338.804   
108.250000	42801.7   	42669.4   	43122.2   	43145.1   	1064.69   	509.274   	347.343   	284.183   	340.169   
108.500000	42973.9   	42841.8   	43296     	43319.1   	1068.9    	511.208   	348.713   	285.274   	341.533   
108.750000	43146.2   	43014.2   	43469.8   	43493     	1073.11   	513.141   	350.084   	286.365   	342.898   
109.000000	43318.4   	43186.7   	43643.6   	43666.9   	1077.32   	515.075   	351.455   	287.457   	344.262   
109.250000	43490.6   	43359.1   	43817.4   	43840.8   	1081.54   	517.009   	352.825   	288.548   	345.627   
109.500000	43662.8   	43531.5   	43991.2   	44014.8   	1085.75   	518.943   	354.196   	289.639   	346.991   
109.750000	43835.1   	43703.9   	44165     	44188.7   	1089.96   	520.876   	355.567   	290.731   	348.355   
110.000000	44007.3   	43876.3   	44338.8   	44362.6   	1094.17   	522.81    	356.937   	291.822   	349.72    
110.250000	44185.2   	44054.5   	44518.4   	44542.3   	1098.51   	524.799   	358.35    	292.945   	351.129   
110.500000	44363.2   	44232.6   	44698     	44722     	1102.84   	526.787   	359.762   	294.068   	352.537   
110.750000	44541.1   	44410.8   	44877.5   	44901.7   	1107.18   	528.776   	361.174   	295.192   	353.946   
111.000000	44719     	44588.9   	45057.1   	45081.5   	1111.52   	530.765   	362.586   	296.315   	355.355   
111.250000	44897     	44767     	45236.7   	45261.2   	1115.85   	532.753   	363.998   	297.438   	356.764   
111.500000	45074.9   	44945.2   	45416.3   	45440.9   	1120.19   	534.742   	365.411   	298.561   	358.172   
111.750000	45252.9   	45123.3   	45595.9   	45620.6   	1124.53   	536.73    	366.823   	299.684   	359.581   
112.000000	45430.8   	45301.5   	45775.5   	45800.3   	1128.86   	538.719   	368.235   	300.808   	360.99    
112.250000	45608.8   	45479.6   	45955.1   	45980     	1133.2    	540.708   	369.647   	301.931   	362.399   
112.500000	45786.7   	45657.8   	46134.7   	46159.7   	1137.54   	542.696   	371.059   	303.054   	363.808   
112.750000	45964.7   	45835.9   	46314.2   	46339.4   	1141.87   	544.685   	372.472   	304.177   	365.216   
113.000000	46142.6   	46014.1   	46493.8   	46519.2   	1146.21   	546.673   	373.884   	305.3     	366.625   
113.250000	46320.5   	46192.2   	46673.4   	46698.9   	1150.55   	548.662   	375.296   	306.424   	368.034   
113.500000	46498.5   	46370.4   	46853     	46878.6   	1154.89   	550.651   	376.708   	307.547   	369.443   
113.750000	46676.4   	46548.5   	47032.6   	47058.3   	1159.22   	552.639   	378.12    	308.67    	370.851   
114.000000	46854.4   	46726.7   	47212.2   	47238     	1163.56   	554.628   	379.532   	309.793   	372.26    
114.250000	47032.3   	46904.8   	47391.8   	47417.7   	1167.9    	556.617   	380.945   	310.916   	373.669   
114.500000	47210.3   	47083     	47571.4   	47597.4   	1172.23   	558.605   	382.357   	312.04    	375.078   
114.750000	47388.2   	47261.1   	47750.9   	47777.1   	1176.57   	560.594   	383.769   	313.163   	376.487   
115.000000	47566.1   	47439.2   	47930.5   	47956.9   	1180.91   	562.582   	385.181   	314.286   	377.895   
115.250000	47749.7   	47623     	48115.8   	48142.3   	1185.36   	564.623   	386.634   	315.44    	379.347   
115.500000	47933.3   	47806.8   	48301     	48327.6   	1189.82   	566.664   	388.086   	316.594   	380.8     
115.750000	48116.8   	47990.5   	48486.3   	48513     	1194.28   	568.704   	389.539   	317.749   	382.252   
116.000000	48300.4   	48174.3   	48671.6   	48698.4   	1198.74   	570.745   	390.991   	318.903   	383.704   
116.250000	48484     	48358     	48856.8   	48883.8   	1203.2    	572.785   	392.444   	320.057   	385.156   
116.500000	48667.5   	48541.8   	49042.1   	49069.2   	1207.65   	574.826   	393.896   	321.211   	386.608   
116.750000	48851.1   	48725.6   	49227.3   	49254.6   	1212.11   	576.867   	395.349   	322.366   	388.06    
117.000000	49034.6   	48909.3   	49412.6   	49440     	1216.57   	578.907   	396.802   	323.52    	389.512   
117.250000	49218.2   	49093.1   	49597.9   	49625.4   	1221.03   	580.948   	398.254   	324.674   	390.965   
117.500000	49401.8   	49276.9   	49783.1   	49810.7   	1225.49   	582.989   	399.707   	325.828   	392.417   
117.750000	49585.3   	49460.6   	49968.4   	49996.1   	1229.94   	585.029   	401.159   	326.983   	393.869   
118.000000	49768.9   	49644.4   	50153.6   	50181.5   	1234.4    	587.07    	402.612   	328.137   	395.321   
118.250000	49952.5   	49828.1   	50338.9   	50366.9   	1238.86   	589.11    	404.064   	329.291   	396.773   
118.500000	50136     	50011.9   	50524.2   	50552.3   	1243.32   	591.151   	405.517   	330.445   	398.225   
118.750000	50319.6   	50195.7   	50709.4   	50737.7   	1247.78   	593.192   	406.969   	331.6     	399.677   
119.000000	50503.1   	50379.4   	50894.7   	50923.1   	1252.23   	595.232   	408.422   	332.754   	401.13    
119.250000	50686.7   	50563.2   	51079.9   	51108.5   	1256.69   	597.273   	409.874   	333.908   	402.582   
119.500000	50870.3   	50746.9   	51265.2   	51293.9   	1261.15   	599.314   	411.327   	335.062   	404.034   
119.750000	51053.8   	50930.7   	51450.5   	51479.2   	1265.61   	601.354   	412.779   	336.217   	405.486   
120.000000	51237.4   	51114.5   	51635.7   	51664.6   	1270.07   	603.395   	414.232   	337.371   	406.938   
120.250000	51426.5   	51303.7   	51826.5   	51855.6   	1274.64   	605.486   	415.724   	338.555   	408.433   
120.500000	51615.6   	51493     	52017.4   	52046.5   	1279.22   	607.577   	417.216   	339.74    	409.927   
120.750000	51804.6   	51682.3   	52208.2   	52237.5   	1283.79   	609.669   	418.707   	340.924   	411.422   
121.000000	51993.7   	51871.5   	52399     	52428.5   	1288.37   	611.76    	420.199   	342.109   	412.916   
121.250000	52182.8   	52060.8   	52589.8   	52619.4   	1292.94   	613.851   	421.691   	343.294   	414.411   
121.500000	52371.9   	52250.1   	52780.7   	52810.4   	1297.52   	615.943   	423.183   	344.478   	415.906   
121.750000	52561     	52439.3   	52971.5   	53001.3   	1302.09   	618.034   	424.675   	345.663   	417.4     
122.000000	52750.1   	52628.6   	53162.3   	53192.3   	1306.67   	620.125   	426.166   	346.847   	418.895   
122.250000	52939.1   	52817.8   	53353.1   	53383.2   	1311.24   	622.217   	427.658   	348.032   	420.389   
122.500000	53128.2   	53007.1   	53544     	53574.2   	1315.82   	624.308   	429.15    	349.216   	421.884   
122.750000	53317.3   	53196.4   	53734.8   	53765.1   	1320.4    	626.4     	430.642   	350.401   	423.379   
123.000000	53506.4   	53385.6   	53925.6   	53956.1   	1324.97   	628.491   	432.134   	351.585   	424.873   
123.250000	53695.5   	53574.9   	54116.4   	54147.1   	1329.55   	630.582   	433.625   	352.77    	426.368   
123.500000	53884.6   	53764.2   	54307.3   	54338     	1334.12   	632.674   	435.117   	353.954   	427.862   
123.750000	54073.6   	53953.4   	54498.1   	54529     	1338.7    	634.765   	436.609   	355.139   	429.357   
124.000000	54262.7   	54142.7   	54688.9   	54719.9   	1343.27   	636.856   	438.101   	356.323   	430.852   
124.250000	54451.8   	54332     	54879.7   	54910.9   	1347.85   	638.948   	439.593   	357.508   	432.346   
124.500000	54640.9   	54521.2   	55070.5   	55101.8   	1352.42   	641.039   	441.085   	358.693   	433.841   
124.750000	54830     	54710.5   	55261.4   	55292.8   	1357      	643.13    	442.576   	359.877   	435.335   
125.000000	55019.1   	54899.8   	55452.2   	55483.7   	1361.58   	645.222   	444.068   	361.062   	436.83    
125.250000	55213.6   	55094.4   	55648.5   	55680.2   	1366.26   	647.364   	445.598   	362.276   	438.366   
125.500000	55408.1   	55289.1   	55844.8   	55876.6   	1370.95   	649.507   	447.128   	363.49    	439.902   
125.750000	55602.6   	55483.7   	56041     	56073     	1375.64   	651.649   	448.658   	364.704   	441.438   
126.000000	55797.1   	55678.4   	56237.3   	56269.4   	1380.33   	653.791   	450.188   	365.918   	442.974   
126.250000	55991.6   	55873.1   	56433.6   	56465.8   	1385.02   	655.934   	451.718   	367.132   	444.51    
126.500000	56186.1   	56067.7   	56629.9   	56662.3   	1389.71   	658.076   	453.248   	368.346   	446.046   
126.750000	56380.7   	56262.4   	56826.2   	56858.7   	1394.4    	660.219   	454.778   	369.56    	447.582   
127.000000	56575.2   	56457     	57022.5   	57055.1   	1399.09   	662.361   	456.307   	370.774   	449.119   
127.250000	56769.7   	56651.7   	57218.7   	57251.5   	1403.78   	664.504   	457.837   	371.988   	450.655   
127.500000	56964.2   	56846.4   	57415     	57447.9   	1408.47   	666.646   	459.367   	373.202   	452.191   
127.750000	57158.7   	57041     	57611.3   	57644.4   	1413.16   	668.788   	460.897   	374.416   	453.727   
128.000000	57353.2   	57235.7   	57807.6   	57840.8   	1417.85   	670.931   	462.427   	375.63    	455.263   
128.250000	57547.7   	57430.4   	58003.9   	58037.2   	1422.54   	673.073   	463.957   	376.844   	456.799   
128.500000	57742.2   	57625     	58200.2   	58233.6   	1427.22   	675.216   	465.487   	378.058   	458.335   
128.750000	57936.8   	57819.7   	58396.4   	58430     	1431.91   	677.358   	467.017   	379.272   	459.871   
129.000000	58131.3   	58014.3   	58592.7   	58626.4   	1436.6    	679.501   	468.547   	380.486   	461.407   
129.250000	58325.8   	58209     	58789     	58822.9   	1441.29   	681.643   	470.077   	381.7     	462.943   
129.500000	58520.3   	58403.7   	58985.3   	59019.3   	1445.98   	683.786   	471.607   	382.914   	464.479   
129.750000	58714.8   	58598.3   	59181.6   	59215.7   	1450.67   	685.928   	473.136   	384.128   	466.015   
130.000000	58909.3   	58793     	59377.9   	59412.1   	1455.36   	688.07    	474.666   	385.342   	467.551   
130.250000	59109.2   	58992.9   	59579.5   	59613.9   	1460.16   	690.263   	476.233   	386.585   	469.128   
130.500000	59309     	59192.9   	59781.1   	59815.7   	1464.96   	692.455   	477.801   	387.828   	470.705   
130.750000	59508.9   	59392.8   	59982.8   	60017.5   	1469.76   	694.647   	479.368   	389.071   	472.281   
131.000000	59708.7   	59592.8   	60184.4   	60219.2   	1474.56   	696.839   	480.935   	390.314   	473.858   
131.250000	59908.6   	59792.7   	60386.1   	60421     	1479.36   	699.031   	482.502   	391.556   	475.435   
131.500000	60108.4   	59992.7   	60587.7   	60622.8   	1484.16   	701.223   	484.069   	392.799   	477.012   
131.750000	60308.3   	60192.7   	60789.4   	60824.6   	1488.96   	703.415   	485.636   	394.042   	478.588   
132.000000	60508.1   	60392.6   	60991     	61026.4   	1493.76   	705.608   	487.203   	395.285   	480.165   
132.250000	60708     	60592.6   	61192.6   	61228.1   	1498.56   	707.8     	488.77    	396.528   	481.742   
132.500000	60907.8   	60792.5   	61394.3   	61429.9   	1503.36   	709.992   	490.337   	397.771   	483.319   
132.750000	61107.7   	60992.5   	61595.9   	61631.7   	1508.16   	712.184   	491.904   	399.014   	484.895   
133.000000	61307.5   	61192.4   	61797.6   	61833.5   	1512.96   	714.376   	493.471   	400.257   	486.472   
133.250000	61507.4   	61392.4   	61999.2   	62035.3   	1517.76   	716.568   	495.038   	401.499   	488.049   
133.500000	61707.2   	61592.3   	62200.9   	62237     	1522.56   	718.76    	496.605   	402.742   	489.626   
133.750000	61907.1   	61792.3   	62402.5   	62438.8   	1527.36   	720.952   	498.173   	403.985   	491.202   
134.000000	62106.9   	61992.2   	62604.2   	62640.6   	1532.16   	723.145   	499.74    	405.228   	492.779   
134.250000	62306.8   	62192.2   	62805.8   	62842.4   	1536.96   	725.337   	501.307   	406.471   	494.356   
134.500000	62506.6   	62392.1   	63007.4   	63044.2   	1541.76   	727.529   	502.874   	407.714   	495.933   
134.750000	62706.5   	62592.1   	63209.1   	63245.9   	1546.55   	729.721   	504.441   	408.957   	497.509   
135.000000	62906.3   	62792.1   	63410.7   	63447.7   	1551.35   	731.913   	506.008   	410.2     	499.086   
135.250000	63111.4   	62997.2   	63617.6   	63654.8   	1556.26   	734.152   	507.611   	411.47    	500.703   
135.500000	63316.5   	63202.3   	63824.5   	63861.8   	1561.17   	736.391   	509.214   	412.741   	502.319   
135.750000	63521.6   	63407.5   	64031.4   	64068.9   	1566.07   	738.63    	510.817   	414.012   	503.935   
136.000000	63726.7   	63612.6   	64238.3   	64275.9   	1570.98   	740.87    	512.42    	415.283   	505.552   
136.250000	63931.8   	63817.8   	64445.2   	64482.9   	1575.89   	743.109   	514.023   	416.554   	507.168   
136.500000	64136.9   	64022.9   	64652.1   	64690     	1580.79   	745.348   	515.626   	417.825   	508.785   
136.750000	64342     	64228.1   	64859     	64897     	1585.7    	747.587   	517.229   	419.096   	510.401   
137.000000	64547.1   	64433.2   	65065.9   	65104.1   	1590.61   	749.826   	518.832   	420.367   	512.017   
137.250000	64752.2   	64638.4   	65272.8   	65311.1   	1595.51   	752.065   	520.436   	421.638   	513.634   
137.500000	64957.4   	64843.5   	65479.7   	65518.2   	1600.42   	754.304   	522.039   	422.908   	515.25    
137.750000	65162.5   	65048.6   	65686.6   	65725.2   	1605.32   	756.543   	523.642   	424.179   	516.867   
138.000000	65367.6   	65253.8   	65893.5   	65932.2   	1610.23   	758.783   	525.245   	425.45    	518.483   
138.250000	65572.7   	65458.9   	66100.4   	66139.3   	1615.14   	761.022   	526.848   	426.721   	520.099   
138.500000	65777.8   	65664.1   	66307.3   	66346.3   	1620.04   	763.261   	528.451   	427.992   	521.716   
138.750000	65982.9   	65869.2   	66514.2   	66553.4   	1624.95   	765.5     	530.054   	429.263   	523.332   
139.000000	66188     	66074.4   	66721.1   	66760.4   	1629.86   	767.739   	531.657   	430.534   	524.948   
139.250000	66393.1   	66279.5   	66928     	66967.5   	1634.76   	769.978   	533.26    	431.805   	526.565   
139.500000	66598.2   	66484.7   	67134.9   	67174.5   	1639.67   	772.217   	534.863   	433.076   	528.181   
139.750000	66803.3   	66689.8   	67341.8   	67381.5   	1644.58   	774.456   	536.466   	434.346   	529.798   
140.000000	67008.4   	66895     	67548.7   	67588.6   	1649.48   	776.696   	538.069   	435.617   	531.414   
140.250000	67218.7   	67105.2   	67760.8   	67800.8   	1654.49   	778.98    	539.707   	436.916   	533.069   
140.500000	67428.9   	67315.4   	67972.8   	68013     	1659.5    	781.265   	541.345   	438.214   	534.724   
140.750000	67639.2   	67525.7   	68184.9   	68225.2   	1664.51   	783.55    	542.983   	439.512   	536.379   
141.000000	67849.5   	67735.9   	68396.9   	68437.4   	1669.52   	785.834   	544.621   	440.81    	538.034   
141.250000	68059.7   	67946.2   	68608.9   	68649.6   	1674.52   	788.119   	546.259   	442.108   	539.69    
141.500000	68270     	68156.4   	68821     	68861.9   	1679.53   	790.404   	547.897   	443.406   	541.345   
141.750000	68480.3   	68366.6   	69033     	69074.1   	1684.54   	792.689   	549.535   	444.704   	543       
142.000000	68690.6   	68576.9   	69245.1   	69286.3   	1689.55   	794.973   	551.173   	446.003   	544.655   
142.250000	68900.8   	68787.1   	69457.1   	69498.5   	1694.56   	797.258   	552.811   	447.301   	546.31    
142.500000	69111.1   	68997.4   	69669.2   	69710.7   	1699.57   	799.543   	554.449   	448.599   	547.965   
142.750000	69321.4   	69207.6   	69881.2   	69922.9   	1704.58   	801.827   	556.087   	449.897   	549.62    
143.000000	69531.6   	69417.8   	70093.2   	70135.1   	1709.58   	804.112   	557.724   	451.195   	551.275   
143.250000	69741.9   	69628.1   	70305.3   	70347.3   	1714.59   	806.397   	559.362   	452.493   	552.93    
143.500000	69952.2   	69838.3   	70517.3   	70559.5   	1719.6    	808.682   	561       	453.792   	554.585   
