Energy (MeV/u)	0 - [He-base] F.Hubert et al, AD&ND Tables 46(1990)1	1 - [H -base] J.F.Ziegler et al, Pergamon Press, NY (low energy)	2 - ATIMA 1.2  LS-theory (recommended for high energy)	3 - ATIMA 1.2  without LS-correction	4 - Range straggling - method [0] - LISE	5 - Range straggling - method [1] - Atima	6 - Lateral range - method [0] - LISE	7 - Lateral range - method [1] - Atima	8 - Lateral range - method [2] - PDG
0.000000	-	-	-	-	-	-	-	-	-
0.002500	0.101545  	0.100326  	0.0762823 	0.0762823 	0.00806783	0.00806783	0.000242573	0.000378101	0.000184041
0.005000	0.179688  	0.176855  	0.133947  	0.133947  	0.00888404	0.00888404	0.000534175	0.00082092	0.000411697
0.007500	0.239351  	0.235285  	0.177709  	0.177709  	0.00890393	0.00890393	0.000806623	0.00122601	0.000628911
0.010000	0.29267   	0.287503  	0.216755  	0.216755  	0.00898356	0.00898356	0.00107381	0.00162036	0.000843396
0.012500	0.335866  	0.329807  	0.24966   	0.24966   	0.0091606 	0.0091606 	0.00133585	0.00200327	0.00105563
0.015000	0.379061  	0.37211   	0.282566  	0.282566  	0.00933764	0.00933764	0.00159788	0.00238619	0.00126787
0.017500	0.413892  	0.406221  	0.310886  	0.310886  	0.0095637 	0.0095637 	0.00185661	0.00276117	0.00147893
0.020000	0.448722  	0.440332  	0.339205  	0.339205  	0.00978977	0.00978977	0.00211534	0.00313615	0.00168999
0.022500	0.478556  	0.46955   	0.364523  	0.364523  	0.0100227 	0.0100227 	0.00237326	0.00350773	0.00190145
0.025000	0.50839   	0.498768  	0.389841  	0.389841  	0.0102556 	0.0102556 	0.00263117	0.0038793 	0.00211291
0.027500	0.534948  	0.524778  	0.413156  	0.413156  	0.0104849 	0.0104849 	0.00289141	0.00425225	0.00232721
0.030000	0.561506  	0.550787  	0.43647   	0.43647   	0.0107142 	0.0107142 	0.00315165	0.0046252 	0.00254151
0.032500	0.5858    	0.57458   	0.458464  	0.458464  	0.0109404 	0.0109404 	0.00341703	0.00500359	0.00276096
0.035000	0.610094  	0.598372  	0.480458  	0.480458  	0.0111667 	0.0111667 	0.00368241	0.00538198	0.0029804 
0.037500	0.632775  	0.620584  	0.501484  	0.501484  	0.0113893 	0.0113893 	0.00395429	0.00576785	0.00320605
0.040000	0.655455  	0.642796  	0.522509  	0.522509  	0.0116119 	0.0116119 	0.00422618	0.00615373	0.0034317 
0.042500	0.676968  	0.663864  	0.542816  	0.542816  	0.0118316 	0.0118316 	0.00450592	0.00654905	0.00366466
0.045000	0.69848   	0.684932  	0.563123  	0.563123  	0.0120514 	0.0120514 	0.00478566	0.00694437	0.00389763
0.047500	0.719143  	0.705169  	0.582896  	0.582896  	0.0122694 	0.0124297 	0.00507352	0.0073495 	0.0041381 
0.050000	0.739807  	0.725406  	0.60267   	0.60267   	0.0124875 	0.012808  	0.00536137	0.00775462	0.00437857
0.052500	0.75986   	0.745044  	0.622053  	0.622053  	0.0127051 	0.0132488 	0.00565858	0.00817127	0.0046276 
0.055000	0.779913  	0.764683  	0.641437  	0.641437  	0.0129227 	0.0136895 	0.00595579	0.00858791	0.00487663
0.057500	0.799537  	0.783902  	0.660543  	0.660543  	0.0131411 	0.0141028 	0.00626289	0.00901679	0.00513468
0.060000	0.819161  	0.80312   	0.679648  	0.679648  	0.0133595 	0.0145161 	0.00656999	0.00944567	0.00539273
0.062500	0.83841   	0.821972  	0.698512  	0.698512  	0.0135813 	0.0149028 	0.00689312	0.00989446	0.00566534
0.065000	0.857659  	0.840824  	0.717375  	0.717375  	0.0138032 	0.0152895 	0.00721625	0.0103432 	0.00593796
0.067500	0.876909  	0.859676  	0.736238  	0.736238  	0.014025  	0.0156763 	0.00753938	0.010792  	0.00621057
0.070000	0.896158  	0.878528  	0.755101  	0.755101  	0.0142469 	0.016063  	0.00786251	0.0112408 	0.00648319
0.072500	0.915231  	0.897206  	0.773858  	0.773858  	0.0144766 	0.01643   	0.00820904	0.0117187 	0.00677701
0.075000	0.934303  	0.915885  	0.792616  	0.792616  	0.0147063 	0.016797  	0.00855556	0.0121966 	0.00707083
0.077500	0.953376  	0.934563  	0.811373  	0.811373  	0.014936  	0.017164  	0.00890209	0.0126745 	0.00736465
0.080000	0.972448  	0.953242  	0.830131  	0.830131  	0.0151657 	0.017531  	0.00924861	0.0131524 	0.00765847
0.082500	0.991614  	0.972012  	0.848976  	0.848976  	0.0154065 	0.0178903 	0.00961712	0.013657  	0.00797251
0.085000	1.01078   	0.990781  	0.867822  	0.867822  	0.0156474 	0.0182496 	0.00998562	0.0141616 	0.00828654
0.087500	1.02994   	1.00955   	0.886667  	0.886667  	0.0158882 	0.0186089 	0.0103541 	0.0146661 	0.00860057
0.090000	1.04911   	1.02832   	0.905513  	0.905513  	0.0161291 	0.0189682 	0.0107226 	0.0151707 	0.0089146 
0.092500	1.06855   	1.04736   	0.924587  	0.924587  	0.0163837 	0.0193275 	0.0111107 	0.0156981 	0.009247  
0.095000	1.08799   	1.0664    	0.943661  	0.943661  	0.0166384 	0.0196868 	0.0114988 	0.0162255 	0.00957939
0.097500	1.10743   	1.08544   	0.962736  	0.962736  	0.0168931 	0.0200461 	0.0118869 	0.016753  	0.00991179
0.100000	1.12687   	1.10448   	0.98181   	0.98181   	0.0171478 	0.0204054 	0.012275  	0.0172804 	0.0102442 
0.102500	1.14695   	1.12414   	1.00142   	1.00142   	0.0174273 	0.0207744 	0.0126802 	0.017826  	0.0105932 
0.105000	1.16703   	1.14381   	1.02104   	1.02104   	0.0177068 	0.0211434 	0.0130853 	0.0183716 	0.0109422 
0.107500	1.18711   	1.16347   	1.04065   	1.04065   	0.0179863 	0.0215124 	0.0134904 	0.0189172 	0.0112913 
0.110000	1.2072    	1.18314   	1.06026   	1.06026   	0.0182658 	0.0218814 	0.0138956 	0.0194629 	0.0116403 
0.112500	1.22728   	1.20281   	1.07988   	1.07988   	0.0185453 	0.0222504 	0.0143007 	0.0200085 	0.0119893 
0.115000	1.24736   	1.22247   	1.09949   	1.09949   	0.0188248 	0.0226193 	0.0147059 	0.0205541 	0.0123384 
0.117500	1.26744   	1.24214   	1.1191    	1.1191    	0.0191044 	0.0229883 	0.015111  	0.0210997 	0.0126874 
0.120000	1.28752   	1.26181   	1.13872   	1.13872   	0.0193839 	0.0233573 	0.0155162 	0.0216454 	0.0130364 
0.122500	1.30867   	1.28252   	1.15926   	1.15926   	0.0197012 	0.0237488 	0.0158844 	0.0221366 	0.0133556 
0.125000	1.32982   	1.30324   	1.17981   	1.17981   	0.0200186 	0.0241403 	0.0162527 	0.0226278 	0.0136747 
0.127500	1.35097   	1.32395   	1.20036   	1.20036   	0.020336  	0.0245318 	0.0166209 	0.023119  	0.0139938 
0.130000	1.37213   	1.34467   	1.2209    	1.2209    	0.0206533 	0.0249233 	0.0169892 	0.0236102 	0.0143129 
0.132500	1.39328   	1.36538   	1.24145   	1.24145   	0.0209707 	0.0253148 	0.0173574 	0.0241014 	0.014632  
0.135000	1.41443   	1.3861    	1.262     	1.262     	0.0212881 	0.0257063 	0.0177257 	0.0245926 	0.0149511 
0.137500	1.43558   	1.40681   	1.28254   	1.28254   	0.0216054 	0.0260978 	0.0180939 	0.0250838 	0.0152702 
0.140000	1.45673   	1.42753   	1.30309   	1.30309   	0.0219228 	0.0264893 	0.0184622 	0.025575  	0.0155894 
0.142500	1.47908   	1.44941   	1.32473   	1.32473   	0.0222813 	0.0269096 	0.018808  	0.0260316 	0.0158909 
0.145000	1.50143   	1.4713    	1.34637   	1.34637   	0.0226398 	0.0273298 	0.0191539 	0.0264882 	0.0161924 
0.147500	1.52378   	1.49319   	1.368     	1.368     	0.0229983 	0.02775   	0.0194997 	0.0269447 	0.0164939 
0.150000	1.54614   	1.51508   	1.38964   	1.38964   	0.0233568 	0.0281702 	0.0198455 	0.0274013 	0.0167954 
0.152500	1.56849   	1.53697   	1.41128   	1.41128   	0.0237152 	0.0285904 	0.0201913 	0.0278579 	0.0170969 
0.155000	1.59084   	1.55886   	1.43292   	1.43292   	0.0240737 	0.0290106 	0.0205372 	0.0283144 	0.0173984 
0.157500	1.61319   	1.58075   	1.45456   	1.45456   	0.0244322 	0.0294309 	0.020883  	0.028771  	0.0176999 
0.160000	1.63554   	1.60264   	1.47619   	1.47619   	0.0247907 	0.0298511 	0.0212288 	0.0292276 	0.0180014 
0.162500	1.65913   	1.62574   	1.499     	1.499     	0.0251915 	0.0303025 	0.0215642 	0.0296658 	0.0182955 
0.165000	1.68272   	1.64885   	1.52182   	1.52182   	0.0255922 	0.030754  	0.0218995 	0.0301041 	0.0185895 
0.167500	1.70632   	1.67195   	1.54463   	1.54463   	0.025993  	0.0312054 	0.0222349 	0.0305423 	0.0188836 
0.170000	1.72991   	1.69506   	1.56744   	1.56744   	0.0263937 	0.0316569 	0.0225703 	0.0309806 	0.0191777 
0.172500	1.7535    	1.71816   	1.59025   	1.59025   	0.0267945 	0.0321084 	0.0229056 	0.0314188 	0.0194718 
0.175000	1.7771    	1.74127   	1.61306   	1.61306   	0.0271952 	0.0325598 	0.023241  	0.0318571 	0.0197658 
0.177500	1.80069   	1.76438   	1.63587   	1.63587   	0.027596  	0.0330113 	0.0235763 	0.0322953 	0.0200599 
0.180000	1.82428   	1.78748   	1.65869   	1.65869   	0.0279967 	0.0334627 	0.0239117 	0.0327336 	0.020354  
0.182500	1.84912   	1.81181   	1.68271   	1.68271   	0.0284394 	0.0339458 	0.0242377 	0.0331374 	0.0206415 
0.185000	1.87396   	1.83613   	1.70673   	1.70673   	0.028882  	0.0344288 	0.0245638 	0.0335411 	0.0209291 
0.187500	1.89879   	1.86046   	1.73076   	1.73076   	0.0293246 	0.0349118 	0.0248898 	0.0339449 	0.0212166 
0.190000	1.92363   	1.88478   	1.75478   	1.75478   	0.0297673 	0.0353949 	0.0252158 	0.0343487 	0.0215042 
0.192500	1.94847   	1.9091    	1.7788    	1.7788    	0.0302099 	0.0358779 	0.0255419 	0.0347525 	0.0217918 
0.195000	1.97331   	1.93343   	1.80283   	1.80283   	0.0306525 	0.036361  	0.0258679 	0.0351562 	0.0220793 
0.197500	1.99814   	1.95775   	1.82685   	1.82685   	0.0310952 	0.036844  	0.0261939 	0.03556   	0.0223669 
0.200000	2.02298   	1.98208   	1.85087   	1.85087   	0.0315378 	0.037327  	0.02652   	0.0359638 	0.0226544 
0.202500	2.04994   	2.00848   	1.87703   	1.87703   	0.0320498 	0.0378623 	0.0268565 	0.0363591 	0.0229532 
0.205000	2.0769    	2.03488   	1.90318   	1.90318   	0.0325618 	0.0383976 	0.0271931 	0.0367543 	0.023252  
0.207500	2.10386   	2.06129   	1.92933   	1.92933   	0.0330738 	0.0389329 	0.0275296 	0.0371496 	0.0235507 
0.210000	2.13082   	2.08769   	1.95548   	1.95548   	0.0335858 	0.0394682 	0.0278662 	0.0375449 	0.0238495 
0.212500	2.15778   	2.11409   	1.98163   	1.98163   	0.0340978 	0.0400034 	0.0282027 	0.0379402 	0.0241483 
0.215000	2.18474   	2.14049   	2.00778   	2.00778   	0.0346098 	0.0405387 	0.0285393 	0.0383354 	0.0244471 
0.217500	2.2117    	2.1669    	2.03394   	2.03394   	0.0351218 	0.041074  	0.0288758 	0.0387307 	0.0247458 
0.220000	2.23866   	2.1933    	2.06009   	2.06009   	0.0356338 	0.0416093 	0.0292124 	0.039126  	0.0250446 
0.222500	2.26562   	2.2197    	2.08624   	2.08624   	0.0361458 	0.0421445 	0.0295489 	0.0395213 	0.0253434 
0.225000	2.29258   	2.24611   	2.11239   	2.11239   	0.0366578 	0.0426798 	0.0298855 	0.0399165 	0.0256421 
0.227500	2.31954   	2.27251   	2.13854   	2.13854   	0.0371698 	0.0432151 	0.0302221 	0.0403118 	0.0259409 
0.230000	2.3465    	2.29891   	2.16469   	2.16469   	0.0376818 	0.0437504 	0.0305586 	0.0407071 	0.0262397 
0.232500	2.37345   	2.32531   	2.19085   	2.19085   	0.0381938 	0.0442857 	0.0308952 	0.0411023 	0.0265385 
0.235000	2.40041   	2.35172   	2.217     	2.217     	0.0387058 	0.0448209 	0.0312317 	0.0414976 	0.0268372 
0.237500	2.42737   	2.37812   	2.24315   	2.24315   	0.0392178 	0.0453562 	0.0315683 	0.0418929 	0.027136  
0.240000	2.45433   	2.40452   	2.2693    	2.2693    	0.0397298 	0.0458915 	0.0319048 	0.0422882 	0.0274348 
0.242500	2.48129   	2.43092   	2.29545   	2.29545   	0.0402418 	0.0464268 	0.0322414 	0.0426834 	0.0277335 
0.245000	2.50825   	2.45733   	2.32161   	2.32161   	0.0407538 	0.046962  	0.0325779 	0.0430787 	0.0280323 
0.247500	2.53521   	2.48373   	2.34776   	2.34776   	0.0412658 	0.0474973 	0.0329145 	0.043474  	0.0283311 
0.250000	2.56217   	2.51013   	2.37391   	2.37391   	0.0417778 	0.0480326 	0.033251  	0.0438693 	0.0286299 
0.252500	2.59202   	2.53936   	2.40301   	2.40301   	0.042379  	0.0486334 	0.0336014 	0.0442777 	0.0289435 
0.255000	2.62187   	2.56859   	2.43212   	2.43212   	0.0429802 	0.0492343 	0.0339518 	0.0446862 	0.0292572 
0.257500	2.65171   	2.59783   	2.46123   	2.46123   	0.0435814 	0.0498352 	0.0343021 	0.0450946 	0.0295709 
0.260000	2.68156   	2.62706   	2.49033   	2.49033   	0.0441826 	0.050436  	0.0346525 	0.0455031 	0.0298846 
0.262500	2.71141   	2.65629   	2.51944   	2.51944   	0.0447837 	0.0510369 	0.0350028 	0.0459115 	0.0301983 
0.265000	2.74126   	2.68552   	2.54854   	2.54854   	0.0453849 	0.0516377 	0.0353532 	0.04632   	0.030512  
0.267500	2.77111   	2.71475   	2.57765   	2.57765   	0.0459861 	0.0522386 	0.0357035 	0.0467285 	0.0308257 
0.270000	2.80095   	2.74398   	2.60675   	2.60675   	0.0465873 	0.0528394 	0.0360539 	0.0471369 	0.0311393 
0.272500	2.8308    	2.77321   	2.63586   	2.63586   	0.0471885 	0.0534403 	0.0364043 	0.0475454 	0.031453  
0.275000	2.86065   	2.80245   	2.66497   	2.66497   	0.0477897 	0.0540411 	0.0367546 	0.0479538 	0.0317667 
0.277500	2.8905    	2.83168   	2.69407   	2.69407   	0.0483909 	0.054642  	0.037105  	0.0483623 	0.0320804 
0.280000	2.92034   	2.86091   	2.72318   	2.72318   	0.048992  	0.0552428 	0.0374553 	0.0487707 	0.0323941 
0.282500	2.95019   	2.89014   	2.75228   	2.75228   	0.0495932 	0.0558437 	0.0378057 	0.0491792 	0.0327078 
0.285000	2.98004   	2.91937   	2.78139   	2.78139   	0.0501944 	0.0564445 	0.0381561 	0.0495876 	0.0330215 
0.287500	3.00989   	2.9486    	2.81049   	2.81049   	0.0507956 	0.0570454 	0.0385064 	0.0499961 	0.0333351 
0.290000	3.03974   	2.97783   	2.8396    	2.8396    	0.0513968 	0.0576462 	0.0388568 	0.0504046 	0.0336488 
0.292500	3.06958   	3.00706   	2.86871   	2.86871   	0.051998  	0.0582471 	0.0392071 	0.050813  	0.0339625 
0.295000	3.09943   	3.0363    	2.89781   	2.89781   	0.0525992 	0.0588479 	0.0395575 	0.0512215 	0.0342762 
0.297500	3.12928   	3.06553   	2.92692   	2.92692   	0.0532004 	0.0594488 	0.0399078 	0.0516299 	0.0345899 
0.300000	3.15913   	3.09476   	2.95602   	2.95602   	0.0538015 	0.0600496 	0.0402582 	0.0520384 	0.0349036 
0.302500	3.19169   	3.12665   	2.98792   	2.98792   	0.0544802 	0.0607049 	0.0406206 	0.0524586 	0.0352305 
0.305000	3.22426   	3.15855   	3.01983   	3.01983   	0.0551588 	0.0613602 	0.0409831 	0.0528789 	0.0355575 
0.307500	3.25683   	3.19044   	3.05173   	3.05173   	0.0558375 	0.0620155 	0.0413455 	0.0532991 	0.0358844 
0.310000	3.2894    	3.22234   	3.08363   	3.08363   	0.0565161 	0.0626708 	0.0417079 	0.0537193 	0.0362114 
0.312500	3.32196   	3.25423   	3.11553   	3.11553   	0.0571948 	0.0633261 	0.0420703 	0.0541396 	0.0365383 
0.315000	3.35453   	3.28613   	3.14743   	3.14743   	0.0578734 	0.0639814 	0.0424328 	0.0545598 	0.0368652 
0.317500	3.3871    	3.31802   	3.17933   	3.17933   	0.0585521 	0.0646367 	0.0427952 	0.0549801 	0.0371922 
0.320000	3.41967   	3.34992   	3.21123   	3.21123   	0.0592307 	0.065292  	0.0431576 	0.0554003 	0.0375191 
0.322500	3.45223   	3.38181   	3.24314   	3.24314   	0.0599094 	0.0659473 	0.04352   	0.0558205 	0.0378461 
0.325000	3.4848    	3.41371   	3.27504   	3.27504   	0.060588  	0.0666026 	0.0438825 	0.0562408 	0.038173  
0.327500	3.51737   	3.4456    	3.30694   	3.30694   	0.0612666 	0.0672579 	0.0442449 	0.056661  	0.0385    
0.330000	3.54994   	3.4775    	3.33884   	3.33884   	0.0619453 	0.0679132 	0.0446073 	0.0570813 	0.0388269 
0.332500	3.5825    	3.50939   	3.37074   	3.37074   	0.0626239 	0.0685685 	0.0449698 	0.0575015 	0.0391539 
0.335000	3.61507   	3.54129   	3.40264   	3.40264   	0.0633026 	0.0692238 	0.0453322 	0.0579217 	0.0394808 
0.337500	3.64764   	3.57318   	3.43454   	3.43454   	0.0639812 	0.0698791 	0.0456946 	0.058342  	0.0398077 
0.340000	3.68021   	3.60508   	3.46644   	3.46644   	0.0646599 	0.0705344 	0.046057  	0.0587622 	0.0401347 
0.342500	3.71277   	3.63697   	3.49835   	3.49835   	0.0653385 	0.0711897 	0.0464195 	0.0591825 	0.0404616 
0.345000	3.74534   	3.66887   	3.53025   	3.53025   	0.0660172 	0.071845  	0.0467819 	0.0596027 	0.0407886 
0.347500	3.77791   	3.70076   	3.56215   	3.56215   	0.0666958 	0.0725003 	0.0471443 	0.0600229 	0.0411155 
0.350000	3.81048   	3.73266   	3.59405   	3.59405   	0.0673745 	0.0731555 	0.0475067 	0.0604432 	0.0414425 
0.352500	3.84563   	3.76708   	3.62859   	3.62859   	0.0681214 	0.0738566 	0.0478888 	0.0608846 	0.0417888 
0.355000	3.88078   	3.80151   	3.66313   	3.66313   	0.0688684 	0.0745577 	0.0482708 	0.0613261 	0.0421352 
0.357500	3.91593   	3.83593   	3.69767   	3.69767   	0.0696154 	0.0752587 	0.0486528 	0.0617675 	0.0424816 
0.360000	3.95108   	3.87036   	3.73221   	3.73221   	0.0703623 	0.0759598 	0.0490349 	0.062209  	0.0428279 
0.362500	3.98623   	3.90478   	3.76675   	3.76675   	0.0711093 	0.0766608 	0.0494169 	0.0626504 	0.0431743 
0.365000	4.02138   	3.93921   	3.80128   	3.80128   	0.0718563 	0.0773619 	0.0497989 	0.0630918 	0.0435207 
0.367500	4.05653   	3.97363   	3.83582   	3.83582   	0.0726032 	0.0780629 	0.0501809 	0.0635333 	0.0438671 
0.370000	4.09168   	4.00806   	3.87036   	3.87036   	0.0733502 	0.078764  	0.050563  	0.0639747 	0.0442134 
0.372500	4.12684   	4.04248   	3.9049    	3.9049    	0.0740972 	0.079465  	0.050945  	0.0644162 	0.0445598 
0.375000	4.16199   	4.07691   	3.93944   	3.93944   	0.0748442 	0.0801661 	0.051327  	0.0648576 	0.0449062 
0.377500	4.19714   	4.11133   	3.97398   	3.97398   	0.0755911 	0.0808672 	0.0517091 	0.0652991 	0.0452525 
0.380000	4.23229   	4.14576   	4.00852   	4.00852   	0.0763381 	0.0815682 	0.0520911 	0.0657405 	0.0455989 
0.382500	4.26744   	4.18018   	4.04306   	4.04306   	0.0770851 	0.0822693 	0.0524731 	0.0661819 	0.0459453 
0.385000	4.30259   	4.21461   	4.0776    	4.0776    	0.077832  	0.0829703 	0.0528551 	0.0666234 	0.0462917 
0.387500	4.33774   	4.24903   	4.11214   	4.11214   	0.078579  	0.0836714 	0.0532372 	0.0670648 	0.046638  
0.390000	4.37289   	4.28346   	4.14668   	4.14668   	0.079326  	0.0843724 	0.0536192 	0.0675063 	0.0469844 
0.392500	4.40804   	4.31788   	4.18122   	4.18122   	0.080073  	0.0850735 	0.0540012 	0.0679477 	0.0473308 
0.395000	4.44319   	4.35231   	4.21576   	4.21576   	0.0808199 	0.0857745 	0.0543833 	0.0683892 	0.0476771 
0.397500	4.47835   	4.38673   	4.25029   	4.25029   	0.0815669 	0.0864756 	0.0547653 	0.0688306 	0.0480235 
0.400000	4.5135    	4.42116   	4.28483   	4.28483   	0.0823139 	0.0871767 	0.0551473 	0.069272  	0.0483699 
0.402500	4.55112   	4.45801   	4.32188   	4.32188   	0.0831226 	0.0879173 	0.0555461 	0.0697311 	0.0487331 
0.405000	4.58875   	4.49486   	4.35892   	4.35892   	0.0839314 	0.088658  	0.0559449 	0.0701902 	0.0490963 
0.407500	4.62638   	4.53171   	4.39596   	4.39596   	0.0847401 	0.0893987 	0.0563437 	0.0706493 	0.0494595 
0.410000	4.664     	4.56856   	4.433     	4.433     	0.0855488 	0.0901393 	0.0567425 	0.0711084 	0.0498227 
0.412500	4.70163   	4.60541   	4.47004   	4.47004   	0.0863576 	0.09088   	0.0571412 	0.0715675 	0.0501859 
0.415000	4.73926   	4.64226   	4.50708   	4.50708   	0.0871663 	0.0916207 	0.05754   	0.0720266 	0.0505491 
0.417500	4.77689   	4.6791    	4.54412   	4.54412   	0.0879751 	0.0923613 	0.0579388 	0.0724857 	0.0509123 
0.420000	4.81451   	4.71595   	4.58116   	4.58116   	0.0887838 	0.093102  	0.0583376 	0.0729448 	0.0512755 
0.422500	4.85214   	4.7528    	4.61821   	4.61821   	0.0895925 	0.0938427 	0.0587364 	0.0734039 	0.0516387 
0.425000	4.88977   	4.78965   	4.65525   	4.65525   	0.0904013 	0.0945833 	0.0591351 	0.073863  	0.0520019 
0.427500	4.92739   	4.8265    	4.69229   	4.69229   	0.09121   	0.095324  	0.0595339 	0.074322  	0.0523651 
0.430000	4.96502   	4.86335   	4.72933   	4.72933   	0.0920188 	0.0960647 	0.0599327 	0.0747811 	0.0527283 
0.432500	5.00265   	4.9002    	4.76637   	4.76637   	0.0928275 	0.0968053 	0.0603315 	0.0752402 	0.0530915 
0.435000	5.04027   	4.93705   	4.80341   	4.80341   	0.0936362 	0.097546  	0.0607303 	0.0756993 	0.0534546 
0.437500	5.0779    	4.9739    	4.84045   	4.84045   	0.094445  	0.0982867 	0.0611291 	0.0761584 	0.0538178 
0.440000	5.11553   	5.01075   	4.87749   	4.87749   	0.0952537 	0.0990273 	0.0615278 	0.0766175 	0.054181  
0.442500	5.15316   	5.0476    	4.91454   	4.91454   	0.0960625 	0.099768  	0.0619266 	0.0770766 	0.0545442 
0.445000	5.19078   	5.08445   	4.95158   	4.95158   	0.0968712 	0.100509  	0.0623254 	0.0775357 	0.0549074 
0.447500	5.22841   	5.1213    	4.98862   	4.98862   	0.0976799 	0.101249  	0.0627242 	0.0779948 	0.0552706 
0.450000	5.26604   	5.15815   	5.02566   	5.02566   	0.0984887 	0.10199   	0.063123  	0.0784539 	0.0556338 
0.452500	5.30605   	5.19735   	5.06509   	5.06509   	0.0993546 	0.102766  	0.0635387 	0.0789312 	0.0560139 
0.455000	5.34607   	5.23654   	5.10452   	5.10452   	0.10022   	0.103542  	0.0639545 	0.0794085 	0.056394  
0.457500	5.38609   	5.27573   	5.14395   	5.14395   	0.101086  	0.104318  	0.0643702 	0.0798858 	0.0567741 
0.460000	5.42611   	5.31492   	5.18338   	5.18338   	0.101952  	0.105094  	0.064786  	0.0803631 	0.0571541 
0.462500	5.46613   	5.35411   	5.22282   	5.22282   	0.102818  	0.10587   	0.0652017 	0.0808404 	0.0575342 
0.465000	5.50614   	5.3933    	5.26225   	5.26225   	0.103684  	0.106646  	0.0656175 	0.0813177 	0.0579143 
0.467500	5.54616   	5.43249   	5.30168   	5.30168   	0.10455   	0.107422  	0.0660333 	0.081795  	0.0582944 
0.470000	5.58618   	5.47168   	5.34111   	5.34111   	0.105416  	0.108198  	0.066449  	0.0822723 	0.0586744 
0.472500	5.6262    	5.51087   	5.38054   	5.38054   	0.106282  	0.108974  	0.0668648 	0.0827496 	0.0590545 
0.475000	5.66621   	5.55007   	5.41997   	5.41997   	0.107148  	0.10975   	0.0672805 	0.083227  	0.0594346 
0.477500	5.70623   	5.58926   	5.4594    	5.4594    	0.108013  	0.110526  	0.0676963 	0.0837043 	0.0598146 
0.480000	5.74625   	5.62845   	5.49883   	5.49883   	0.108879  	0.111303  	0.068112  	0.0841816 	0.0601947 
0.482500	5.78627   	5.66764   	5.53827   	5.53827   	0.109745  	0.112079  	0.0685278 	0.0846589 	0.0605748 
0.485000	5.82628   	5.70683   	5.5777    	5.5777    	0.110611  	0.112855  	0.0689435 	0.0851362 	0.0609549 
0.487500	5.8663    	5.74602   	5.61713   	5.61713   	0.111477  	0.113631  	0.0693593 	0.0856135 	0.0613349 
0.490000	5.90632   	5.78521   	5.65656   	5.65656   	0.112343  	0.114407  	0.0697751 	0.0860908 	0.061715  
0.492500	5.94634   	5.8244    	5.69599   	5.69599   	0.113209  	0.115183  	0.0701908 	0.0865681 	0.0620951 
0.495000	5.98635   	5.86359   	5.73542   	5.73542   	0.114075  	0.115959  	0.0706066 	0.0870454 	0.0624752 
0.497500	6.02637   	5.90278   	5.77485   	5.77485   	0.114941  	0.116735  	0.0710223 	0.0875227 	0.0628552 
0.500000	6.06639   	5.94198   	5.81428   	5.81428   	0.115807  	0.117511  	0.0714381 	0.0880001 	0.0632353 
0.502500	6.10986   	5.98455   	5.85712   	5.85712   	0.116752  	0.118335  	0.0718778 	0.0885023 	0.0636391 
0.505000	6.15333   	6.02712   	5.89997   	5.89997   	0.117698  	0.119158  	0.0723174 	0.0890045 	0.0640429 
0.507500	6.1968    	6.06969   	5.94281   	5.94281   	0.118643  	0.119982  	0.0727571 	0.0895067 	0.0644468 
0.510000	6.24026   	6.11226   	5.98565   	5.98565   	0.119589  	0.120806  	0.0731968 	0.0900089 	0.0648506 
0.512500	6.28373   	6.15483   	6.02849   	6.02849   	0.120534  	0.12163   	0.0736364 	0.0905111 	0.0652544 
0.515000	6.3272    	6.1974    	6.07133   	6.07133   	0.12148   	0.122453  	0.0740761 	0.0910134 	0.0656582 
0.517500	6.37067   	6.23997   	6.11417   	6.11417   	0.122425  	0.123277  	0.0745158 	0.0915156 	0.066062  
0.520000	6.41414   	6.28254   	6.15701   	6.15701   	0.123371  	0.124101  	0.0749555 	0.0920178 	0.0664658 
0.522500	6.45761   	6.32512   	6.19985   	6.19985   	0.124316  	0.124924  	0.0753951 	0.09252   	0.0668697 
0.525000	6.50108   	6.36769   	6.24269   	6.24269   	0.125262  	0.125748  	0.0758348 	0.0930222 	0.0672735 
0.527500	6.54455   	6.41026   	6.28553   	6.28553   	0.126207  	0.126572  	0.0762745 	0.0935245 	0.0676773 
0.530000	6.58802   	6.45283   	6.32837   	6.32837   	0.127153  	0.127396  	0.0767142 	0.0940267 	0.0680811 
0.532500	6.63148   	6.4954    	6.37121   	6.37121   	0.128098  	0.128219  	0.0771538 	0.0945289 	0.0684849 
0.535000	6.67495   	6.53797   	6.41405   	6.41405   	0.129044  	0.129043  	0.0775935 	0.0950311 	0.0688887 
0.537500	6.71842   	6.58054   	6.45689   	6.45689   	0.129989  	0.129867  	0.0780332 	0.0955333 	0.0692925 
0.540000	6.76189   	6.62311   	6.49973   	6.49973   	0.130935  	0.130691  	0.0784729 	0.0960355 	0.0696964 
0.542500	6.80536   	6.66568   	6.54258   	6.54258   	0.13188   	0.131514  	0.0789125 	0.0965378 	0.0701002 
0.545000	6.84883   	6.70826   	6.58542   	6.58542   	0.132826  	0.132338  	0.0793522 	0.09704   	0.070504  
0.547500	6.8923    	6.75083   	6.62826   	6.62826   	0.133771  	0.133162  	0.0797919 	0.0975422 	0.0709078 
0.550000	6.93577   	6.7934    	6.6711    	6.6711    	0.134717  	0.133986  	0.0802315 	0.0980444 	0.0713116 
0.552500	6.97924   	6.83597   	6.71394   	6.71394   	0.135663  	0.134809  	0.0806712 	0.0985466 	0.0717154 
0.555000	7.0227    	6.87854   	6.75678   	6.75678   	0.136608  	0.135633  	0.0811109 	0.0990489 	0.0721192 
0.557500	7.06617   	6.92111   	6.79962   	6.79962   	0.137554  	0.136457  	0.0815506 	0.0995511 	0.0725231 
0.560000	7.10964   	6.96368   	6.84246   	6.84246   	0.138499  	0.13728   	0.0819902 	0.100053  	0.0729269 
0.562500	7.15311   	7.00625   	6.8853    	6.8853    	0.139445  	0.138104  	0.0824299 	0.100556  	0.0733307 
0.565000	7.19658   	7.04882   	6.92814   	6.92814   	0.14039   	0.138928  	0.0828696 	0.101058  	0.0737345 
0.567500	7.24005   	7.0914    	6.97098   	6.97098   	0.141336  	0.139752  	0.0833093 	0.10156   	0.0741383 
0.570000	7.28352   	7.13397   	7.01382   	7.01382   	0.142281  	0.140575  	0.0837489 	0.102062  	0.0745421 
0.572500	7.32699   	7.17654   	7.05666   	7.05666   	0.143227  	0.141399  	0.0841886 	0.102564  	0.074946  
0.575000	7.37045   	7.21911   	7.0995    	7.0995    	0.144172  	0.142223  	0.0846283 	0.103067  	0.0753498 
0.577500	7.41392   	7.26168   	7.14234   	7.14234   	0.145118  	0.143047  	0.085068  	0.103569  	0.0757536 
0.580000	7.45739   	7.30425   	7.18519   	7.18519   	0.146063  	0.14387   	0.0855076 	0.104071  	0.0761574 
0.582500	7.50086   	7.34682   	7.22803   	7.22803   	0.147009  	0.144694  	0.0859473 	0.104573  	0.0765612 
0.585000	7.54433   	7.38939   	7.27087   	7.27087   	0.147954  	0.145518  	0.086387  	0.105075  	0.076965  
0.587500	7.5878    	7.43196   	7.31371   	7.31371   	0.1489    	0.146342  	0.0868267 	0.105578  	0.0773688 
0.590000	7.63127   	7.47454   	7.35655   	7.35655   	0.149845  	0.147165  	0.0872663 	0.10608   	0.0777727 
0.592500	7.67474   	7.51711   	7.39939   	7.39939   	0.150791  	0.147989  	0.087706  	0.106582  	0.0781765 
0.595000	7.71821   	7.55968   	7.44223   	7.44223   	0.151736  	0.148813  	0.0881457 	0.107084  	0.0785803 
0.597500	7.76167   	7.60225   	7.48507   	7.48507   	0.152682  	0.149637  	0.0885853 	0.107587  	0.0789841 
0.600000	7.80514   	7.64482   	7.52791   	7.52791   	0.153627  	0.15046   	0.089025  	0.108089  	0.0793879 
0.602500	7.85304   	7.69172   	7.57507   	7.57507   	0.154673  	0.151342  	0.0894965 	0.108624  	0.079823  
0.605000	7.90093   	7.73863   	7.62224   	7.62224   	0.155718  	0.152224  	0.0899679 	0.109158  	0.080258  
0.607500	7.94883   	7.78554   	7.6694    	7.6694    	0.156763  	0.153106  	0.0904393 	0.109693  	0.0806931 
0.610000	7.99672   	7.83244   	7.71657   	7.71657   	0.157808  	0.153988  	0.0909108 	0.110228  	0.0811282 
0.612500	8.04462   	7.87935   	7.76373   	7.76373   	0.158854  	0.15487   	0.0913822 	0.110763  	0.0815632 
0.615000	8.09251   	7.92625   	7.8109    	7.8109    	0.159899  	0.155752  	0.0918537 	0.111297  	0.0819983 
0.617500	8.1404    	7.97316   	7.85806   	7.85806   	0.160944  	0.156634  	0.0923251 	0.111832  	0.0824334 
0.620000	8.1883    	8.02006   	7.90522   	7.90522   	0.161989  	0.157516  	0.0927965 	0.112367  	0.0828684 
0.622500	8.23619   	8.06697   	7.95239   	7.95239   	0.163034  	0.158398  	0.093268  	0.112902  	0.0833035 
0.625000	8.28409   	8.11387   	7.99955   	7.99955   	0.16408   	0.159279  	0.0937394 	0.113437  	0.0837386 
0.627500	8.33198   	8.16078   	8.04672   	8.04672   	0.165125  	0.160161  	0.0942108 	0.113971  	0.0841736 
0.630000	8.37988   	8.20768   	8.09388   	8.09388   	0.16617   	0.161043  	0.0946823 	0.114506  	0.0846087 
0.632500	8.42777   	8.25459   	8.14104   	8.14104   	0.167215  	0.161925  	0.0951537 	0.115041  	0.0850437 
0.635000	8.47566   	8.30149   	8.18821   	8.18821   	0.168261  	0.162807  	0.0956252 	0.115576  	0.0854788 
0.637500	8.52356   	8.3484    	8.23537   	8.23537   	0.169306  	0.163689  	0.0960966 	0.116111  	0.0859139 
0.640000	8.57145   	8.3953    	8.28254   	8.28254   	0.170351  	0.164571  	0.096568  	0.116645  	0.0863489 
0.642500	8.61935   	8.44221   	8.3297    	8.3297    	0.171396  	0.165453  	0.0970395 	0.11718   	0.086784  
0.645000	8.66724   	8.48911   	8.37687   	8.37687   	0.172441  	0.166335  	0.0975109 	0.117715  	0.0872191 
0.647500	8.71514   	8.53602   	8.42403   	8.42403   	0.173487  	0.167217  	0.0979824 	0.11825   	0.0876541 
0.650000	8.76303   	8.58292   	8.47119   	8.47119   	0.174532  	0.168099  	0.0984538 	0.118784  	0.0880892 
0.652500	8.81092   	8.62983   	8.51836   	8.51836   	0.175577  	0.168981  	0.0989252 	0.119319  	0.0885243 
0.655000	8.85882   	8.67673   	8.56552   	8.56552   	0.176622  	0.169862  	0.0993967 	0.119854  	0.0889593 
0.657500	8.90671   	8.72364   	8.61269   	8.61269   	0.177668  	0.170744  	0.0998681 	0.120389  	0.0893944 
0.660000	8.95461   	8.77054   	8.65985   	8.65985   	0.178713  	0.171626  	0.10034   	0.120924  	0.0898294 
0.662500	9.0025    	8.81745   	8.70701   	8.70701   	0.179758  	0.172508  	0.100811  	0.121458  	0.0902645 
0.665000	9.0504    	8.86435   	8.75418   	8.75418   	0.180803  	0.17339   	0.101282  	0.121993  	0.0906996 
0.667500	9.09829   	8.91126   	8.80134   	8.80134   	0.181848  	0.174272  	0.101754  	0.122528  	0.0911346 
0.670000	9.14619   	8.95816   	8.84851   	8.84851   	0.182894  	0.175154  	0.102225  	0.123063  	0.0915697 
0.672500	9.19408   	9.00507   	8.89567   	8.89567   	0.183939  	0.176036  	0.102697  	0.123598  	0.0920048 
0.675000	9.24197   	9.05197   	8.94283   	8.94283   	0.184984  	0.176918  	0.103168  	0.124132  	0.0924398 
0.677500	9.28987   	9.09888   	8.99      	8.99      	0.186029  	0.1778    	0.10364   	0.124667  	0.0928749 
0.680000	9.33776   	9.14578   	9.03716   	9.03716   	0.187075  	0.178682  	0.104111  	0.125202  	0.0933099 
0.682500	9.38566   	9.19269   	9.08433   	9.08433   	0.18812   	0.179564  	0.104583  	0.125737  	0.093745  
0.685000	9.43355   	9.2396    	9.13149   	9.13149   	0.189165  	0.180445  	0.105054  	0.126271  	0.0941801 
0.687500	9.48145   	9.2865    	9.17866   	9.17866   	0.19021   	0.181327  	0.105525  	0.126806  	0.0946151 
0.690000	9.52934   	9.33341   	9.22582   	9.22582   	0.191255  	0.182209  	0.105997  	0.127341  	0.0950502 
0.692500	9.57723   	9.38031   	9.27298   	9.27298   	0.192301  	0.183091  	0.106468  	0.127876  	0.0954853 
0.695000	9.62513   	9.42722   	9.32015   	9.32015   	0.193346  	0.183973  	0.10694   	0.128411  	0.0959203 
0.697500	9.67302   	9.47412   	9.36731   	9.36731   	0.194391  	0.184855  	0.107411  	0.128945  	0.0963554 
0.700000	9.72092   	9.52103   	9.41448   	9.41448   	0.195436  	0.185737  	0.107883  	0.12948   	0.0967905 
0.702500	9.77307   	9.5721    	9.46576   	9.46576   	0.196576  	0.186673  	0.108385  	0.130046  	0.0972561 
0.705000	9.82522   	9.62318   	9.51705   	9.51705   	0.197716  	0.18761   	0.108888  	0.130613  	0.0977216 
0.707500	9.87737   	9.67425   	9.56834   	9.56834   	0.198856  	0.188546  	0.109391  	0.131179  	0.0981872 
0.710000	9.92952   	9.72533   	9.61962   	9.61962   	0.199996  	0.189482  	0.109893  	0.131745  	0.0986528 
0.712500	9.98168   	9.7764    	9.67091   	9.67091   	0.201136  	0.190418  	0.110396  	0.132311  	0.0991184 
0.715000	10.0338   	9.82747   	9.7222    	9.7222    	0.202276  	0.191355  	0.110899  	0.132877  	0.099584  
0.717500	10.086    	9.87855   	9.77348   	9.77348   	0.203416  	0.192291  	0.111401  	0.133443  	0.10005   
0.720000	10.1381   	9.92962   	9.82477   	9.82477   	0.204556  	0.193227  	0.111904  	0.13401   	0.100515  
0.722500	10.1903   	9.9807    	9.87605   	9.87605   	0.205696  	0.194164  	0.112407  	0.134576  	0.100981  
0.725000	10.2424   	10.0318   	9.92734   	9.92734   	0.206836  	0.1951    	0.112909  	0.135142  	0.101446  
0.727500	10.2946   	10.0828   	9.97863   	9.97863   	0.207976  	0.196036  	0.113412  	0.135708  	0.101912  
0.730000	10.3467   	10.1339   	10.0299   	10.0299   	0.209116  	0.196972  	0.113915  	0.136274  	0.102378  
0.732500	10.3989   	10.185    	10.0812   	10.0812   	0.210256  	0.197909  	0.114417  	0.136841  	0.102843  
0.735000	10.451    	10.2361   	10.1325   	10.1325   	0.211396  	0.198845  	0.11492   	0.137407  	0.103309  
0.737500	10.5032   	10.2871   	10.1838   	10.1838   	0.212536  	0.199781  	0.115423  	0.137973  	0.103774  
0.740000	10.5553   	10.3382   	10.2351   	10.2351   	0.213676  	0.200717  	0.115925  	0.138539  	0.10424   
0.742500	10.6075   	10.3893   	10.2863   	10.2863   	0.214816  	0.201654  	0.116428  	0.139105  	0.104706  
0.745000	10.6597   	10.4404   	10.3376   	10.3376   	0.215956  	0.20259   	0.116931  	0.139672  	0.105171  
0.747500	10.7118   	10.4914   	10.3889   	10.3889   	0.217096  	0.203526  	0.117433  	0.140238  	0.105637  
0.750000	10.764    	10.5425   	10.4402   	10.4402   	0.218236  	0.204463  	0.117936  	0.140804  	0.106102  
0.752500	10.8161   	10.5936   	10.4915   	10.4915   	0.219376  	0.205399  	0.118439  	0.14137   	0.106568  
0.755000	10.8683   	10.6447   	10.5428   	10.5428   	0.220516  	0.206335  	0.118941  	0.141936  	0.107034  
0.757500	10.9204   	10.6957   	10.5941   	10.5941   	0.221656  	0.207271  	0.119444  	0.142503  	0.107499  
0.760000	10.9726   	10.7468   	10.6454   	10.6454   	0.222796  	0.208208  	0.119947  	0.143069  	0.107965  
0.762500	11.0247   	10.7979   	10.6966   	10.6966   	0.223936  	0.209144  	0.120449  	0.143635  	0.10843   
0.765000	11.0769   	10.849    	10.7479   	10.7479   	0.225076  	0.21008   	0.120952  	0.144201  	0.108896  
0.767500	11.129    	10.9      	10.7992   	10.7992   	0.226216  	0.211017  	0.121455  	0.144767  	0.109362  
0.770000	11.1812   	10.9511   	10.8505   	10.8505   	0.227356  	0.211953  	0.121957  	0.145334  	0.109827  
0.772500	11.2333   	11.0022   	10.9018   	10.9018   	0.228496  	0.212889  	0.12246   	0.1459    	0.110293  
0.775000	11.2855   	11.0533   	10.9531   	10.9531   	0.229636  	0.213825  	0.122963  	0.146466  	0.110758  
0.777500	11.3376   	11.1043   	11.0044   	11.0044   	0.230776  	0.214762  	0.123465  	0.147032  	0.111224  
0.780000	11.3898   	11.1554   	11.0556   	11.0556   	0.231916  	0.215698  	0.123968  	0.147598  	0.11169   
0.782500	11.4419   	11.2065   	11.1069   	11.1069   	0.233056  	0.216634  	0.124471  	0.148164  	0.112155  
0.785000	11.4941   	11.2576   	11.1582   	11.1582   	0.234196  	0.217571  	0.124973  	0.148731  	0.112621  
0.787500	11.5462   	11.3086   	11.2095   	11.2095   	0.235336  	0.218507  	0.125476  	0.149297  	0.113086  
0.790000	11.5984   	11.3597   	11.2608   	11.2608   	0.236476  	0.219443  	0.125979  	0.149863  	0.113552  
0.792500	11.6505   	11.4108   	11.3121   	11.3121   	0.237616  	0.220379  	0.126481  	0.150429  	0.114018  
0.795000	11.7027   	11.4619   	11.3634   	11.3634   	0.238756  	0.221316  	0.126984  	0.150995  	0.114483  
0.797500	11.7548   	11.5129   	11.4147   	11.4147   	0.239896  	0.222252  	0.127487  	0.151562  	0.114949  
0.800000	11.807    	11.564    	11.4659   	11.4659   	0.241036  	0.223188  	0.127989  	0.152128  	0.115414  
0.802500	11.8633   	11.6191   	11.5212   	11.5212   	0.242267  	0.224177  	0.128522  	0.152724  	0.115909  
0.805000	11.9195   	11.6742   	11.5765   	11.5765   	0.243499  	0.225165  	0.129055  	0.15332   	0.116404  
0.807500	11.9758   	11.7294   	11.6317   	11.6317   	0.244731  	0.226153  	0.129588  	0.153916  	0.116899  
0.810000	12.0321   	11.7845   	11.687    	11.687    	0.245962  	0.227142  	0.13012   	0.154512  	0.117394  
0.812500	12.0884   	11.8396   	11.7422   	11.7422   	0.247194  	0.22813   	0.130653  	0.155108  	0.117889  
0.815000	12.1446   	11.8947   	11.7975   	11.7975   	0.248425  	0.229118  	0.131186  	0.155704  	0.118384  
0.817500	12.2009   	11.9498   	11.8527   	11.8527   	0.249657  	0.230107  	0.131718  	0.1563    	0.118879  
0.820000	12.2572   	12.0049   	11.908    	11.908    	0.250888  	0.231095  	0.132251  	0.156896  	0.119374  
0.822500	12.3135   	12.06     	11.9632   	11.9632   	0.25212   	0.232083  	0.132784  	0.157492  	0.119868  
0.825000	12.3697   	12.1151   	12.0185   	12.0185   	0.253351  	0.233072  	0.133316  	0.158088  	0.120363  
0.827500	12.426    	12.1702   	12.0738   	12.0738   	0.254583  	0.23406   	0.133849  	0.158684  	0.120858  
0.830000	12.4823   	12.2254   	12.129    	12.129    	0.255814  	0.235048  	0.134382  	0.15928   	0.121353  
0.832500	12.5386   	12.2805   	12.1843   	12.1843   	0.257046  	0.236037  	0.134914  	0.159876  	0.121848  
0.835000	12.5948   	12.3356   	12.2395   	12.2395   	0.258277  	0.237025  	0.135447  	0.160472  	0.122343  
0.837500	12.6511   	12.3907   	12.2948   	12.2948   	0.259509  	0.238013  	0.13598   	0.161068  	0.122838  
0.840000	12.7074   	12.4458   	12.35     	12.35     	0.260741  	0.239002  	0.136512  	0.161664  	0.123333  
0.842500	12.7637   	12.5009   	12.4053   	12.4053   	0.261972  	0.23999   	0.137045  	0.16226   	0.123828  
0.845000	12.8199   	12.556    	12.4606   	12.4606   	0.263204  	0.240978  	0.137578  	0.162856  	0.124323  
0.847500	12.8762   	12.6111   	12.5158   	12.5158   	0.264435  	0.241967  	0.13811   	0.163452  	0.124817  
0.850000	12.9325   	12.6663   	12.5711   	12.5711   	0.265667  	0.242955  	0.138643  	0.164048  	0.125312  
0.852500	12.9888   	12.7214   	12.6263   	12.6263   	0.266898  	0.243944  	0.139176  	0.164644  	0.125807  
0.855000	13.045    	12.7765   	12.6816   	12.6816   	0.26813   	0.244932  	0.139708  	0.16524   	0.126302  
0.857500	13.1013   	12.8316   	12.7368   	12.7368   	0.269361  	0.24592   	0.140241  	0.165836  	0.126797  
0.860000	13.1576   	12.8867   	12.7921   	12.7921   	0.270593  	0.246909  	0.140774  	0.166432  	0.127292  
0.862500	13.2138   	12.9418   	12.8474   	12.8474   	0.271824  	0.247897  	0.141307  	0.167028  	0.127787  
0.865000	13.2701   	12.9969   	12.9026   	12.9026   	0.273056  	0.248885  	0.141839  	0.167624  	0.128282  
0.867500	13.3264   	13.052    	12.9579   	12.9579   	0.274287  	0.249874  	0.142372  	0.16822   	0.128777  
0.870000	13.3827   	13.1072   	13.0131   	13.0131   	0.275519  	0.250862  	0.142905  	0.168816  	0.129272  
0.872500	13.4389   	13.1623   	13.0684   	13.0684   	0.276751  	0.25185   	0.143437  	0.169412  	0.129767  
0.875000	13.4952   	13.2174   	13.1236   	13.1236   	0.277982  	0.252839  	0.14397   	0.170008  	0.130261  
0.877500	13.5515   	13.2725   	13.1789   	13.1789   	0.279214  	0.253827  	0.144503  	0.170604  	0.130756  
0.880000	13.6078   	13.3276   	13.2342   	13.2342   	0.280445  	0.254815  	0.145035  	0.1712    	0.131251  
0.882500	13.664    	13.3827   	13.2894   	13.2894   	0.281677  	0.255804  	0.145568  	0.171796  	0.131746  
0.885000	13.7203   	13.4378   	13.3447   	13.3447   	0.282908  	0.256792  	0.146101  	0.172392  	0.132241  
0.887500	13.7766   	13.4929   	13.3999   	13.3999   	0.28414   	0.25778   	0.146633  	0.172988  	0.132736  
0.890000	13.8329   	13.548    	13.4552   	13.4552   	0.285371  	0.258769  	0.147166  	0.173584  	0.133231  
0.892500	13.8891   	13.6032   	13.5104   	13.5104   	0.286603  	0.259757  	0.147699  	0.17418   	0.133726  
0.895000	13.9454   	13.6583   	13.5657   	13.5657   	0.287834  	0.260745  	0.148231  	0.174776  	0.134221  
0.897500	14.0017   	13.7134   	13.6209   	13.6209   	0.289066  	0.261734  	0.148764  	0.175372  	0.134716  
0.900000	14.058    	13.7685   	13.6762   	13.6762   	0.290297  	0.262722  	0.149297  	0.175968  	0.13521   
0.902500	14.1182   	13.8275   	13.7353   	13.7353   	0.291618  	0.263761  	0.14986   	0.176593  	0.135735  
0.905000	14.1785   	13.8866   	13.7944   	13.7944   	0.292939  	0.2648    	0.150422  	0.177219  	0.136259  
0.907500	14.2388   	13.9456   	13.8535   	13.8535   	0.29426   	0.265839  	0.150985  	0.177844  	0.136783  
0.910000	14.2991   	14.0046   	13.9126   	13.9126   	0.29558   	0.266877  	0.151548  	0.17847   	0.137307  
0.912500	14.3594   	14.0637   	13.9717   	13.9717   	0.296901  	0.267916  	0.152111  	0.179095  	0.137832  
0.915000	14.4197   	14.1227   	14.0308   	14.0308   	0.298222  	0.268955  	0.152674  	0.179721  	0.138356  
0.917500	14.4799   	14.1818   	14.0899   	14.0899   	0.299543  	0.269994  	0.153237  	0.180346  	0.13888   
0.920000	14.5402   	14.2408   	14.1491   	14.1491   	0.300863  	0.271033  	0.1538    	0.180972  	0.139404  
0.922500	14.6005   	14.2998   	14.2082   	14.2082   	0.302184  	0.272071  	0.154363  	0.181597  	0.139928  
0.925000	14.6608   	14.3589   	14.2673   	14.2673   	0.303505  	0.27311   	0.154925  	0.182223  	0.140453  
0.927500	14.7211   	14.4179   	14.3264   	14.3264   	0.304826  	0.274149  	0.155488  	0.182848  	0.140977  
0.930000	14.7814   	14.477    	14.3855   	14.3855   	0.306147  	0.275188  	0.156051  	0.183474  	0.141501  
0.932500	14.8416   	14.536    	14.4446   	14.4446   	0.307467  	0.276227  	0.156614  	0.184099  	0.142025  
0.935000	14.9019   	14.595    	14.5037   	14.5037   	0.308788  	0.277265  	0.157177  	0.184725  	0.14255   
0.937500	14.9622   	14.6541   	14.5628   	14.5628   	0.310109  	0.278304  	0.15774   	0.18535   	0.143074  
0.940000	15.0225   	14.7131   	14.6219   	14.6219   	0.31143   	0.279343  	0.158303  	0.185976  	0.143598  
0.942500	15.0828   	14.7721   	14.681    	14.681    	0.31275   	0.280382  	0.158865  	0.186601  	0.144122  
0.945000	15.1431   	14.8312   	14.7401   	14.7401   	0.314071  	0.281421  	0.159428  	0.187227  	0.144646  
0.947500	15.2033   	14.8902   	14.7992   	14.7992   	0.315392  	0.28246   	0.159991  	0.187852  	0.145171  
0.950000	15.2636   	14.9493   	14.8583   	14.8583   	0.316713  	0.283498  	0.160554  	0.188478  	0.145695  
0.952500	15.3239   	15.0083   	14.9174   	14.9174   	0.318033  	0.284537  	0.161117  	0.189103  	0.146219  
0.955000	15.3842   	15.0673   	14.9765   	14.9765   	0.319354  	0.285576  	0.16168   	0.189729  	0.146743  
0.957500	15.4445   	15.1264   	15.0356   	15.0356   	0.320675  	0.286615  	0.162243  	0.190354  	0.147267  
0.960000	15.5048   	15.1854   	15.0947   	15.0947   	0.321996  	0.287654  	0.162806  	0.19098   	0.147792  
0.962500	15.565    	15.2445   	15.1539   	15.1539   	0.323316  	0.288692  	0.163368  	0.191605  	0.148316  
0.965000	15.6253   	15.3035   	15.213    	15.213    	0.324637  	0.289731  	0.163931  	0.192231  	0.14884   
0.967500	15.6856   	15.3625   	15.2721   	15.2721   	0.325958  	0.29077   	0.164494  	0.192856  	0.149364  
0.970000	15.7459   	15.4216   	15.3312   	15.3312   	0.327279  	0.291809  	0.165057  	0.193482  	0.149889  
0.972500	15.8062   	15.4806   	15.3903   	15.3903   	0.328599  	0.292848  	0.16562   	0.194107  	0.150413  
0.975000	15.8665   	15.5396   	15.4494   	15.4494   	0.32992   	0.293887  	0.166183  	0.194733  	0.150937  
0.977500	15.9267   	15.5987   	15.5085   	15.5085   	0.331241  	0.294925  	0.166746  	0.195358  	0.151461  
0.980000	15.987    	15.6577   	15.5676   	15.5676   	0.332562  	0.295964  	0.167308  	0.195984  	0.151985  
0.982500	16.0473   	15.7168   	15.6267   	15.6267   	0.333882  	0.297003  	0.167871  	0.196609  	0.15251   
0.985000	16.1076   	15.7758   	15.6858   	15.6858   	0.335203  	0.298042  	0.168434  	0.197235  	0.153034  
0.987500	16.1679   	15.8348   	15.7449   	15.7449   	0.336524  	0.299081  	0.168997  	0.19786   	0.153558  
0.990000	16.2282   	15.8939   	15.804    	15.804    	0.337845  	0.300119  	0.16956   	0.198486  	0.154082  
0.992500	16.2884   	15.9529   	15.8631   	15.8631   	0.339165  	0.301158  	0.170123  	0.199111  	0.154606  
0.995000	16.3487   	16.0119   	15.9222   	15.9222   	0.340486  	0.302197  	0.170686  	0.199737  	0.155131  
0.997500	16.409    	16.071    	15.9813   	15.9813   	0.341807  	0.303236  	0.171248  	0.200362  	0.155655  
1.000000	16.4693   	16.13     	16.0404   	16.0404   	0.343128  	0.304275  	0.171811  	0.200988  	0.156179  
1.002500	16.5363   	16.1957   	16.106    	16.106    	0.3446    	0.305411  	0.172425  	0.201662  	0.156753  
1.005000	16.6034   	16.2614   	16.1716   	16.1716   	0.346072  	0.306548  	0.173039  	0.202337  	0.157326  
1.007500	16.6705   	16.327    	16.2372   	16.2372   	0.347545  	0.307684  	0.173653  	0.203012  	0.1579    
1.010000	16.7375   	16.3927   	16.3028   	16.3028   	0.349017  	0.308821  	0.174266  	0.203686  	0.158474  
1.012500	16.8046   	16.4584   	16.3684   	16.3684   	0.350489  	0.309958  	0.17488   	0.204361  	0.159047  
1.015000	16.8716   	16.524    	16.434    	16.434    	0.351962  	0.311094  	0.175494  	0.205036  	0.159621  
1.017500	16.9387   	16.5897   	16.4996   	16.4996   	0.353434  	0.312231  	0.176108  	0.20571   	0.160194  
1.020000	17.0057   	16.6554   	16.5652   	16.5652   	0.354906  	0.313367  	0.176721  	0.206385  	0.160768  
1.022500	17.0728   	16.7211   	16.6308   	16.6308   	0.356379  	0.314504  	0.177335  	0.20706   	0.161342  
1.025000	17.1398   	16.7867   	16.6964   	16.6964   	0.357851  	0.315641  	0.177949  	0.207734  	0.161915  
1.027500	17.2069   	16.8524   	16.762    	16.762    	0.359323  	0.316777  	0.178563  	0.208409  	0.162489  
1.030000	17.274    	16.9181   	16.8276   	16.8276   	0.360796  	0.317914  	0.179176  	0.209084  	0.163062  
1.032500	17.341    	16.9837   	16.8932   	16.8932   	0.362268  	0.31905   	0.17979   	0.209759  	0.163636  
1.035000	17.4081   	17.0494   	16.9588   	16.9588   	0.36374   	0.320187  	0.180404  	0.210433  	0.16421   
1.037500	17.4751   	17.1151   	17.0244   	17.0244   	0.365213  	0.321324  	0.181018  	0.211108  	0.164783  
1.040000	17.5422   	17.1807   	17.09     	17.09     	0.366685  	0.32246   	0.181631  	0.211783  	0.165357  
1.042500	17.6092   	17.2464   	17.1556   	17.1556   	0.368158  	0.323597  	0.182245  	0.212457  	0.16593   
1.045000	17.6763   	17.3121   	17.2211   	17.2211   	0.36963   	0.324733  	0.182859  	0.213132  	0.166504  
1.047500	17.7433   	17.3778   	17.2867   	17.2867   	0.371102  	0.32587   	0.183473  	0.213807  	0.167078  
1.050000	17.8104   	17.4434   	17.3523   	17.3523   	0.372575  	0.327007  	0.184086  	0.214481  	0.167651  
1.052500	17.8774   	17.5091   	17.4179   	17.4179   	0.374047  	0.328143  	0.1847    	0.215156  	0.168225  
1.055000	17.9445   	17.5748   	17.4835   	17.4835   	0.375519  	0.32928   	0.185314  	0.215831  	0.168798  
1.057500	18.0116   	17.6404   	17.5491   	17.5491   	0.376992  	0.330416  	0.185928  	0.216505  	0.169372  
1.060000	18.0786   	17.7061   	17.6147   	17.6147   	0.378464  	0.331553  	0.186542  	0.21718   	0.169946  
1.062500	18.1457   	17.7718   	17.6803   	17.6803   	0.379936  	0.33269   	0.187155  	0.217855  	0.170519  
1.065000	18.2127   	17.8374   	17.7459   	17.7459   	0.381409  	0.333826  	0.187769  	0.218529  	0.171093  
1.067500	18.2798   	17.9031   	17.8115   	17.8115   	0.382881  	0.334963  	0.188383  	0.219204  	0.171666  
1.070000	18.3468   	17.9688   	17.8771   	17.8771   	0.384353  	0.336099  	0.188997  	0.219879  	0.17224   
1.072500	18.4139   	18.0345   	17.9427   	17.9427   	0.385826  	0.337236  	0.18961   	0.220553  	0.172814  
1.075000	18.4809   	18.1001   	18.0083   	18.0083   	0.387298  	0.338373  	0.190224  	0.221228  	0.173387  
1.077500	18.548    	18.1658   	18.0739   	18.0739   	0.38877   	0.339509  	0.190838  	0.221903  	0.173961  
1.080000	18.6151   	18.2315   	18.1395   	18.1395   	0.390243  	0.340646  	0.191452  	0.222577  	0.174535  
1.082500	18.6821   	18.2971   	18.2051   	18.2051   	0.391715  	0.341782  	0.192065  	0.223252  	0.175108  
1.085000	18.7492   	18.3628   	18.2707   	18.2707   	0.393187  	0.342919  	0.192679  	0.223927  	0.175682  
1.087500	18.8162   	18.4285   	18.3363   	18.3363   	0.39466   	0.344056  	0.193293  	0.224601  	0.176255  
1.090000	18.8833   	18.4942   	18.4018   	18.4018   	0.396132  	0.345192  	0.193907  	0.225276  	0.176829  
1.092500	18.9503   	18.5598   	18.4674   	18.4674   	0.397604  	0.346329  	0.19452   	0.225951  	0.177403  
1.095000	19.0174   	18.6255   	18.533    	18.533    	0.399077  	0.347465  	0.195134  	0.226625  	0.177976  
1.097500	19.0844   	18.6912   	18.5986   	18.5986   	0.400549  	0.348602  	0.195748  	0.2273    	0.17855   
1.100000	19.1515   	18.7568   	18.6642   	18.6642   	0.402021  	0.349739  	0.196362  	0.227975  	0.179123  
1.102500	19.2186   	18.8225   	18.7298   	18.7298   	0.403494  	0.350875  	0.196975  	0.22865   	0.179697  
1.105000	19.2856   	18.8882   	18.7954   	18.7954   	0.404966  	0.352012  	0.197589  	0.229324  	0.180271  
1.107500	19.3527   	18.9538   	18.861    	18.861    	0.406439  	0.353148  	0.198203  	0.229999  	0.180844  
1.110000	19.4197   	19.0195   	18.9266   	18.9266   	0.407911  	0.354285  	0.198817  	0.230674  	0.181418  
1.112500	19.4868   	19.0852   	18.9922   	18.9922   	0.409383  	0.355422  	0.19943   	0.231348  	0.181991  
1.115000	19.5538   	19.1509   	19.0578   	19.0578   	0.410856  	0.356558  	0.200044  	0.232023  	0.182565  
1.117500	19.6209   	19.2165   	19.1234   	19.1234   	0.412328  	0.357695  	0.200658  	0.232698  	0.183139  
1.120000	19.6879   	19.2822   	19.189    	19.189    	0.4138    	0.358831  	0.201272  	0.233372  	0.183712  
1.122500	19.755    	19.3479   	19.2546   	19.2546   	0.415273  	0.359968  	0.201885  	0.234047  	0.184286  
1.125000	19.822    	19.4135   	19.3202   	19.3202   	0.416745  	0.361105  	0.202499  	0.234722  	0.184859  
1.127500	19.8891   	19.4792   	19.3858   	19.3858   	0.418217  	0.362241  	0.203113  	0.235396  	0.185433  
1.130000	19.9562   	19.5449   	19.4514   	19.4514   	0.41969   	0.363378  	0.203727  	0.236071  	0.186007  
1.132500	20.0232   	19.6105   	19.517    	19.517    	0.421162  	0.364514  	0.20434   	0.236746  	0.18658   
1.135000	20.0903   	19.6762   	19.5825   	19.5825   	0.422634  	0.365651  	0.204954  	0.23742   	0.187154  
1.137500	20.1573   	19.7419   	19.6481   	19.6481   	0.424107  	0.366788  	0.205568  	0.238095  	0.187727  
1.140000	20.2244   	19.8076   	19.7137   	19.7137   	0.425579  	0.367924  	0.206182  	0.23877   	0.188301  
1.142500	20.2914   	19.8732   	19.7793   	19.7793   	0.427051  	0.369061  	0.206795  	0.239444  	0.188875  
1.145000	20.3585   	19.9389   	19.8449   	19.8449   	0.428524  	0.370197  	0.207409  	0.240119  	0.189448  
1.147500	20.4255   	20.0046   	19.9105   	19.9105   	0.429996  	0.371334  	0.208023  	0.240794  	0.190022  
1.150000	20.4926   	20.0702   	19.9761   	19.9761   	0.431468  	0.37247   	0.208637  	0.241468  	0.190595  
1.152500	20.5597   	20.1359   	20.0417   	20.0417   	0.432941  	0.373607  	0.209251  	0.242143  	0.191169  
1.155000	20.6267   	20.2016   	20.1073   	20.1073   	0.434413  	0.374744  	0.209864  	0.242818  	0.191743  
1.157500	20.6938   	20.2672   	20.1729   	20.1729   	0.435885  	0.37588   	0.210478  	0.243492  	0.192316  
1.160000	20.7608   	20.3329   	20.2385   	20.2385   	0.437358  	0.377017  	0.211092  	0.244167  	0.19289   
1.162500	20.8279   	20.3986   	20.3041   	20.3041   	0.43883   	0.378153  	0.211706  	0.244842  	0.193464  
1.165000	20.8949   	20.4643   	20.3697   	20.3697   	0.440302  	0.37929   	0.212319  	0.245516  	0.194037  
1.167500	20.962    	20.5299   	20.4353   	20.4353   	0.441775  	0.380427  	0.212933  	0.246191  	0.194611  
1.170000	21.029    	20.5956   	20.5009   	20.5009   	0.443247  	0.381563  	0.213547  	0.246866  	0.195184  
1.172500	21.0961   	20.6613   	20.5665   	20.5665   	0.44472   	0.3827    	0.214161  	0.247541  	0.195758  
1.175000	21.1631   	20.7269   	20.6321   	20.6321   	0.446192  	0.383836  	0.214774  	0.248215  	0.196332  
1.177500	21.2302   	20.7926   	20.6977   	20.6977   	0.447664  	0.384973  	0.215388  	0.24889   	0.196905  
1.180000	21.2973   	20.8583   	20.7633   	20.7633   	0.449137  	0.38611   	0.216002  	0.249565  	0.197479  
1.182500	21.3643   	20.9239   	20.8288   	20.8288   	0.450609  	0.387246  	0.216616  	0.250239  	0.198052  
1.185000	21.4314   	20.9896   	20.8944   	20.8944   	0.452081  	0.388383  	0.217229  	0.250914  	0.198626  
1.187500	21.4984   	21.0553   	20.96     	20.96     	0.453554  	0.389519  	0.217843  	0.251589  	0.1992    
1.190000	21.5655   	21.121    	21.0256   	21.0256   	0.455026  	0.390656  	0.218457  	0.252263  	0.199773  
1.192500	21.6325   	21.1866   	21.0912   	21.0912   	0.456498  	0.391793  	0.219071  	0.252938  	0.200347  
1.195000	21.6996   	21.2523   	21.1568   	21.1568   	0.457971  	0.392929  	0.219684  	0.253613  	0.20092   
1.197500	21.7666   	21.318    	21.2224   	21.2224   	0.459443  	0.394066  	0.220298  	0.254287  	0.201494  
1.200000	21.8337   	21.3836   	21.288    	21.288    	0.460915  	0.395202  	0.220912  	0.254962  	0.202068  
1.202500	21.9008   	21.4493   	21.3536   	21.3536   	0.462388  	0.396339  	0.221526  	0.255637  	0.202641  
1.205000	21.9678   	21.515    	21.4192   	21.4192   	0.46386   	0.397476  	0.222139  	0.256311  	0.203215  
1.207500	22.0349   	21.5806   	21.4848   	21.4848   	0.465332  	0.398612  	0.222753  	0.256986  	0.203788  
1.210000	22.1019   	21.6463   	21.5504   	21.5504   	0.466805  	0.399749  	0.223367  	0.257661  	0.204362  
1.212500	22.169    	21.712    	21.616    	21.616    	0.468277  	0.400885  	0.223981  	0.258335  	0.204936  
1.215000	22.236    	21.7777   	21.6816   	21.6816   	0.469749  	0.402022  	0.224594  	0.25901   	0.205509  
1.217500	22.3031   	21.8433   	21.7472   	21.7472   	0.471222  	0.403159  	0.225208  	0.259685  	0.206083  
1.220000	22.3701   	21.909    	21.8128   	21.8128   	0.472694  	0.404295  	0.225822  	0.260359  	0.206656  
1.222500	22.4372   	21.9747   	21.8784   	21.8784   	0.474166  	0.405432  	0.226436  	0.261034  	0.20723   
1.225000	22.5042   	22.0403   	21.944    	21.944    	0.475639  	0.406568  	0.227049  	0.261709  	0.207804  
1.227500	22.5713   	22.106    	22.0095   	22.0095   	0.477111  	0.407705  	0.227663  	0.262383  	0.208377  
1.230000	22.6384   	22.1717   	22.0751   	22.0751   	0.478583  	0.408842  	0.228277  	0.263058  	0.208951  
1.232500	22.7054   	22.2374   	22.1407   	22.1407   	0.480056  	0.409978  	0.228891  	0.263733  	0.209525  
1.235000	22.7725   	22.303    	22.2063   	22.2063   	0.481528  	0.411115  	0.229504  	0.264407  	0.210098  
1.237500	22.8395   	22.3687   	22.2719   	22.2719   	0.483001  	0.412251  	0.230118  	0.265082  	0.210672  
1.240000	22.9066   	22.4344   	22.3375   	22.3375   	0.484473  	0.413388  	0.230732  	0.265757  	0.211245  
1.242500	22.9736   	22.5      	22.4031   	22.4031   	0.485945  	0.414525  	0.231346  	0.266431  	0.211819  
1.245000	23.0407   	22.5657   	22.4687   	22.4687   	0.487418  	0.415661  	0.23196   	0.267106  	0.212393  
1.247500	23.1077   	22.6314   	22.5343   	22.5343   	0.48889   	0.416798  	0.232573  	0.267781  	0.212966  
1.250000	23.1748   	22.697    	22.5999   	22.5999   	0.490362  	0.417934  	0.233187  	0.268456  	0.21354   
1.252500	23.2512   	22.7718   	22.6744   	22.6744   	0.492044  	0.419262  	0.233872  	0.269198  	0.214182  
1.255000	23.3275   	22.8466   	22.7489   	22.7489   	0.493727  	0.420591  	0.234557  	0.269941  	0.214825  
1.257500	23.4039   	22.9214   	22.8234   	22.8234   	0.495409  	0.421919  	0.235242  	0.270683  	0.215468  
1.260000	23.4802   	22.9961   	22.8979   	22.8979   	0.497091  	0.423247  	0.235927  	0.271426  	0.21611   
1.262500	23.5566   	23.0709   	22.9724   	22.9724   	0.498773  	0.424575  	0.236613  	0.272169  	0.216753  
1.265000	23.6329   	23.1457   	23.0469   	23.0469   	0.500456  	0.425903  	0.237298  	0.272911  	0.217396  
1.267500	23.7093   	23.2205   	23.1214   	23.1214   	0.502138  	0.427231  	0.237983  	0.273654  	0.218038  
1.270000	23.7856   	23.2952   	23.1959   	23.1959   	0.50382   	0.428559  	0.238668  	0.274397  	0.218681  
1.272500	23.862    	23.37     	23.2704   	23.2704   	0.505502  	0.429887  	0.239353  	0.275139  	0.219324  
1.275000	23.9383   	23.4448   	23.3449   	23.3449   	0.507185  	0.431215  	0.240038  	0.275882  	0.219966  
1.277500	24.0147   	23.5196   	23.4194   	23.4194   	0.508867  	0.432543  	0.240723  	0.276624  	0.220609  
1.280000	24.091    	23.5943   	23.4939   	23.4939   	0.510549  	0.433871  	0.241408  	0.277367  	0.221252  
1.282500	24.1674   	23.6691   	23.5684   	23.5684   	0.512231  	0.4352    	0.242093  	0.27811   	0.221894  
1.285000	24.2437   	23.7439   	23.6429   	23.6429   	0.513914  	0.436528  	0.242778  	0.278852  	0.222537  
1.287500	24.3201   	23.8187   	23.7174   	23.7174   	0.515596  	0.437856  	0.243464  	0.279595  	0.223179  
1.290000	24.3964   	23.8934   	23.7918   	23.7918   	0.517278  	0.439184  	0.244149  	0.280338  	0.223822  
1.292500	24.4728   	23.9682   	23.8663   	23.8663   	0.51896   	0.440512  	0.244834  	0.28108   	0.224465  
1.295000	24.5491   	24.043    	23.9408   	23.9408   	0.520643  	0.44184   	0.245519  	0.281823  	0.225107  
1.297500	24.6255   	24.1178   	24.0153   	24.0153   	0.522325  	0.443168  	0.246204  	0.282566  	0.22575   
1.300000	24.7018   	24.1925   	24.0898   	24.0898   	0.524007  	0.444496  	0.246889  	0.283308  	0.226393  
1.302500	24.7782   	24.2673   	24.1643   	24.1643   	0.525689  	0.445824  	0.247574  	0.284051  	0.227035  
1.305000	24.8545   	24.3421   	24.2388   	24.2388   	0.527371  	0.447152  	0.248259  	0.284793  	0.227678  
1.307500	24.9309   	24.4168   	24.3133   	24.3133   	0.529054  	0.44848   	0.248944  	0.285536  	0.228321  
1.310000	25.0072   	24.4916   	24.3878   	24.3878   	0.530736  	0.449809  	0.24963   	0.286279  	0.228963  
1.312500	25.0836   	24.5664   	24.4623   	24.4623   	0.532418  	0.451137  	0.250315  	0.287021  	0.229606  
1.315000	25.1599   	24.6412   	24.5368   	24.5368   	0.5341    	0.452465  	0.251     	0.287764  	0.230249  
1.317500	25.2363   	24.7159   	24.6113   	24.6113   	0.535783  	0.453793  	0.251685  	0.288507  	0.230891  
1.320000	25.3126   	24.7907   	24.6858   	24.6858   	0.537465  	0.455121  	0.25237   	0.289249  	0.231534  
1.322500	25.389    	24.8655   	24.7603   	24.7603   	0.539147  	0.456449  	0.253055  	0.289992  	0.232177  
1.325000	25.4653   	24.9403   	24.8348   	24.8348   	0.540829  	0.457777  	0.25374   	0.290734  	0.232819  
1.327500	25.5417   	25.015    	24.9093   	24.9093   	0.542512  	0.459105  	0.254425  	0.291477  	0.233462  
1.330000	25.618    	25.0898   	24.9838   	24.9838   	0.544194  	0.460433  	0.25511   	0.29222   	0.234104  
1.332500	25.6944   	25.1646   	25.0583   	25.0583   	0.545876  	0.461761  	0.255795  	0.292962  	0.234747  
1.335000	25.7707   	25.2394   	25.1328   	25.1328   	0.547558  	0.463089  	0.256481  	0.293705  	0.23539   
