Energy (MeV/u)	0 - [He-base] F.Hubert et al, AD&ND Tables 46(1990)1	1 - [H -base] J.F.Ziegler et al, Pergamon Press, NY (low energy)	2 - ATIMA 1.2  LS-theory (recommended for high energy)	3 - ATIMA 1.2  without LS-correction	4 - Range straggling - method [0] - LISE	5 - Range straggling - method [1] - Atima	6 - Lateral range - method [0] - LISE	7 - Lateral range - method [1] - Atima	8 - Lateral range - method [2] - PDG
1.000000	16.4693   	16.13     	16.0404   	16.0404   	0.343128  	0.304275  	0.171811  	0.200988  	0.156179  
1.025000	17.1398   	16.7867   	16.6964   	16.6964   	0.357851  	0.315641  	0.177949  	0.207734  	0.161915  
1.050000	17.8104   	17.4434   	17.3523   	17.3523   	0.372575  	0.327007  	0.184086  	0.214481  	0.167651  
1.075000	18.4809   	18.1001   	18.0083   	18.0083   	0.387298  	0.338373  	0.190224  	0.221228  	0.173387  
1.100000	19.1515   	18.7568   	18.6642   	18.6642   	0.402021  	0.349739  	0.196362  	0.227975  	0.179123  
1.125000	19.822    	19.4135   	19.3202   	19.3202   	0.416745  	0.361105  	0.202499  	0.234722  	0.184859  
1.150000	20.4926   	20.0702   	19.9761   	19.9761   	0.431468  	0.37247   	0.208637  	0.241468  	0.190595  
1.175000	21.1631   	20.7269   	20.6321   	20.6321   	0.446192  	0.383836  	0.214774  	0.248215  	0.196332  
1.200000	21.8337   	21.3836   	21.288    	21.288    	0.460915  	0.395202  	0.220912  	0.254962  	0.202068  
1.225000	22.5042   	22.0403   	21.944    	21.944    	0.475639  	0.406568  	0.227049  	0.261709  	0.207804  
1.250000	23.1748   	22.697    	22.5999   	22.5999   	0.490362  	0.417934  	0.233187  	0.268456  	0.21354   
1.275000	23.9383   	23.4448   	23.3449   	23.3449   	0.507185  	0.431215  	0.240038  	0.275882  	0.219966  
1.300000	24.7018   	24.1925   	24.0898   	24.0898   	0.524007  	0.444496  	0.246889  	0.283308  	0.226393  
1.325000	25.4653   	24.9403   	24.8348   	24.8348   	0.540829  	0.457777  	0.25374   	0.290734  	0.232819  
1.350000	26.2288   	25.688    	25.5798   	25.5798   	0.557652  	0.471058  	0.260591  	0.298161  	0.239246  
1.375000	26.9924   	26.4357   	26.3247   	26.3247   	0.574474  	0.484339  	0.267442  	0.305587  	0.245672  
1.400000	27.7559   	27.1835   	27.0697   	27.0697   	0.591297  	0.49762   	0.274293  	0.313013  	0.252099  
1.425000	28.5194   	27.9312   	27.8147   	27.8147   	0.608119  	0.510901  	0.281144  	0.32044   	0.258525  
1.450000	29.2829   	28.679    	28.5597   	28.5597   	0.624941  	0.524182  	0.287995  	0.327866  	0.264952  
1.475000	30.0464   	29.4267   	29.3046   	29.3046   	0.641764  	0.537463  	0.294846  	0.335292  	0.271378  
1.500000	30.8099   	30.1745   	30.0496   	30.0496   	0.658586  	0.550743  	0.301697  	0.342719  	0.277805  
1.525000	31.6625   	31.0095   	30.88     	30.88     	0.67744   	0.565622  	0.309242  	0.350796  	0.284901  
1.550000	32.5152   	31.8445   	31.7104   	31.7104   	0.696295  	0.580501  	0.316788  	0.358874  	0.291998  
1.575000	33.3678   	32.6796   	32.5408   	32.5408   	0.715149  	0.59538   	0.324333  	0.366951  	0.299095  
1.600000	34.2205   	33.5146   	33.3712   	33.3712   	0.734004  	0.610259  	0.331878  	0.375029  	0.306192  
1.625000	35.0731   	34.3496   	34.2016   	34.2016   	0.752858  	0.625138  	0.339423  	0.383106  	0.313289  
1.650000	35.9258   	35.1847   	35.032    	35.032    	0.771712  	0.640017  	0.346968  	0.391184  	0.320386  
1.675000	36.7784   	36.0197   	35.8624   	35.8624   	0.790567  	0.654896  	0.354513  	0.399262  	0.327483  
1.700000	37.6311   	36.8547   	36.6928   	36.6928   	0.809421  	0.669775  	0.362058  	0.407339  	0.33458   
1.725000	38.4837   	37.6898   	37.5232   	37.5232   	0.828275  	0.684654  	0.369604  	0.415417  	0.341677  
1.750000	39.3363   	38.5248   	38.3536   	38.3536   	0.84713   	0.699533  	0.377149  	0.423494  	0.348774  
1.775000	40.275    	39.4441   	39.2666   	39.2666   	0.867961  	0.715752  	0.385368  	0.432198  	0.356522  
1.800000	41.2137   	40.3634   	40.1796   	40.1796   	0.888792  	0.73197   	0.393588  	0.440901  	0.36427   
1.825000	42.1524   	41.2827   	41.0925   	41.0925   	0.909624  	0.748189  	0.401808  	0.449604  	0.372018  
1.850000	43.0911   	42.202    	42.0055   	42.0055   	0.930455  	0.764408  	0.410028  	0.458308  	0.379766  
1.875000	44.0297   	43.1213   	42.9185   	42.9185   	0.951286  	0.780626  	0.418247  	0.467011  	0.387514  
1.900000	44.9684   	44.0406   	43.8315   	43.8315   	0.972118  	0.796845  	0.426467  	0.475715  	0.395262  
1.925000	45.9071   	44.9598   	44.7445   	44.7445   	0.992949  	0.813064  	0.434687  	0.484418  	0.40301   
1.950000	46.8458   	45.8791   	45.6575   	45.6575   	1.01378   	0.829282  	0.442906  	0.493121  	0.410759  
1.975000	47.7845   	46.7984   	46.5705   	46.5705   	1.03461   	0.845501  	0.451126  	0.501825  	0.418507  
2.000000	48.7231   	47.7177   	47.4834   	47.4834   	1.05544   	0.86172   	0.459346  	0.510528  	0.426255  
2.025000	49.7453   	48.7187   	48.4767   	48.4767   	1.0782    	0.879136  	0.468201  	0.519837  	0.434637  
2.050000	50.7674   	49.7198   	49.4699   	49.4699   	1.10097   	0.896551  	0.477056  	0.529146  	0.44302   
2.075000	51.7895   	50.7208   	50.4631   	50.4631   	1.12373   	0.913967  	0.485911  	0.538454  	0.451402  
2.100000	52.8117   	51.7218   	51.4563   	51.4563   	1.14649   	0.931383  	0.494766  	0.547763  	0.459785  
2.125000	53.8338   	52.7228   	52.4496   	52.4496   	1.16925   	0.948799  	0.503621  	0.557072  	0.468167  
2.150000	54.8559   	53.7238   	53.4428   	53.4428   	1.19201   	0.966215  	0.512476  	0.566381  	0.47655   
2.175000	55.8781   	54.7249   	54.436    	54.436    	1.21477   	0.98363   	0.52133   	0.575689  	0.484932  
2.200000	56.9002   	55.7259   	55.4292   	55.4292   	1.23753   	1.00105   	0.530185  	0.584998  	0.493315  
2.225000	57.9223   	56.7269   	56.4224   	56.4224   	1.26029   	1.01846   	0.53904   	0.594307  	0.501697  
2.250000	58.9444   	57.7279   	57.4157   	57.4157   	1.28305   	1.03588   	0.547895  	0.603615  	0.51008   
2.275000	60.0478   	58.8085   	58.4871   	58.4871   	1.3077    	1.0544    	0.557394  	0.613511  	0.519084  
2.300000	61.1512   	59.8891   	59.5586   	59.5586   	1.33235   	1.07293   	0.566892  	0.623407  	0.528087  
2.325000	62.2546   	60.9697   	60.63     	60.63     	1.357     	1.09145   	0.57639   	0.633302  	0.537091  
2.350000	63.3579   	62.0503   	61.7015   	61.7015   	1.38165   	1.10998   	0.585889  	0.643198  	0.546094  
2.375000	64.4613   	63.1308   	62.773    	62.773    	1.4063    	1.1285    	0.595387  	0.653093  	0.555098  
2.400000	65.5647   	64.2114   	63.8444   	63.8444   	1.43095   	1.14703   	0.604885  	0.662989  	0.564102  
2.425000	66.6681   	65.292    	64.9159   	64.9159   	1.4556    	1.16555   	0.614384  	0.672885  	0.573105  
2.450000	67.7715   	66.3726   	65.9873   	65.9873   	1.48025   	1.18408   	0.623882  	0.68278   	0.582109  
2.475000	68.8748   	67.4532   	67.0588   	67.0588   	1.5049    	1.20261   	0.633381  	0.692676  	0.591113  
2.500000	69.9782   	68.5338   	68.1303   	68.1303   	1.52955   	1.22113   	0.642879  	0.702571  	0.600116  
2.525000	71.1759   	69.73     	69.3157   	69.3157   	1.55696   	1.24121   	0.653319  	0.713315  	0.610025  
2.550000	72.3737   	70.9263   	70.5012   	70.5012   	1.58438   	1.26129   	0.663759  	0.724059  	0.619934  
2.575000	73.5714   	72.1226   	71.6866   	71.6866   	1.61179   	1.28136   	0.674199  	0.734803  	0.629843  
2.600000	74.7692   	73.3189   	72.8721   	72.8721   	1.6392    	1.30144   	0.68464   	0.745547  	0.639752  
2.625000	75.9669   	74.5151   	74.0576   	74.0576   	1.66661   	1.32152   	0.69508   	0.75629   	0.649661  
2.650000	77.1647   	75.7114   	75.243    	75.243    	1.69402   	1.3416    	0.70552   	0.767034  	0.65957   
2.675000	78.3624   	76.9077   	76.4285   	76.4285   	1.72143   	1.36168   	0.71596   	0.777778  	0.669478  
2.700000	79.5602   	78.104    	77.6139   	77.6139   	1.74885   	1.38175   	0.7264    	0.788522  	0.679387  
2.725000	80.7579   	79.3002   	78.7994   	78.7994   	1.77626   	1.40183   	0.736841  	0.799266  	0.689296  
2.750000	81.9557   	80.4965   	79.9848   	79.9848   	1.80367   	1.42191   	0.747281  	0.81001   	0.699205  
2.775000	83.1534   	81.6928   	81.1703   	81.1703   	1.83108   	1.44199   	0.757721  	0.820753  	0.709114  
2.800000	84.3512   	82.8891   	82.3558   	82.3558   	1.85849   	1.46206   	0.768161  	0.831497  	0.719023  
2.825000	85.5489   	84.0853   	83.5412   	83.5412   	1.88591   	1.48214   	0.778601  	0.842241  	0.728932  
2.850000	86.7467   	85.2816   	84.7267   	84.7267   	1.91332   	1.50222   	0.789042  	0.852985  	0.738841  
2.875000	87.9444   	86.4779   	85.9121   	85.9121   	1.94073   	1.5223    	0.799482  	0.863729  	0.74875   
2.900000	89.1422   	87.6742   	87.0976   	87.0976   	1.96814   	1.54238   	0.809922  	0.874472  	0.758658  
2.925000	90.3399   	88.8705   	88.283    	88.283    	1.99555   	1.56245   	0.820362  	0.885216  	0.768567  
2.950000	91.5376   	90.0667   	89.4685   	89.4685   	2.02296   	1.58253   	0.830802  	0.89596   	0.778476  
2.975000	92.7354   	91.263    	90.654    	90.654    	2.05038   	1.60261   	0.841242  	0.906704  	0.788385  
3.000000	93.9331   	92.4593   	91.8394   	91.8394   	2.07779   	1.62269   	0.851683  	0.917448  	0.798294  
3.025000	95.2786   	93.8047   	93.1722   	93.1722   	2.10878   	1.64471   	0.863341  	0.929279  	0.809375  
3.050000	96.624    	95.1501   	94.505    	94.505    	2.13977   	1.66673   	0.874999  	0.94111   	0.820456  
3.075000	97.9695   	96.4956   	95.8377   	95.8377   	2.17077   	1.68875   	0.886657  	0.952941  	0.831537  
3.100000	99.3149   	97.841    	97.1705   	97.1705   	2.20176   	1.71077   	0.898315  	0.964772  	0.842618  
3.125000	100.66    	99.1864   	98.5033   	98.5033   	2.23275   	1.73279   	0.909973  	0.976603  	0.853699  
3.150000	102.006   	100.532   	99.836    	99.836    	2.26375   	1.75481   	0.921631  	0.988434  	0.86478   
3.175000	103.351   	101.877   	101.169   	101.169   	2.29474   	1.77684   	0.933289  	1.00027   	0.875861  
3.200000	104.697   	103.223   	102.502   	102.502   	2.32573   	1.79886   	0.944947  	1.0121    	0.886942  
3.225000	106.042   	104.568   	103.834   	103.834   	2.35673   	1.82088   	0.956605  	1.02393   	0.898023  
3.250000	107.388   	105.914   	105.167   	105.167   	2.38772   	1.8429    	0.968264  	1.03576   	0.909104  
3.275000	108.733   	107.259   	106.5     	106.5     	2.41871   	1.86492   	0.979922  	1.04759   	0.920185  
3.300000	110.079   	108.604   	107.833   	107.833   	2.44971   	1.88694   	0.99158   	1.05942   	0.931266  
3.325000	111.424   	109.95    	109.165   	109.165   	2.4807    	1.90896   	1.00324   	1.07125   	0.942347  
3.350000	112.769   	111.295   	110.498   	110.498   	2.51169   	1.93098   	1.0149    	1.08308   	0.953428  
3.375000	114.115   	112.641   	111.831   	111.831   	2.54269   	1.953     	1.02655   	1.09491   	0.964509  
3.400000	115.46    	113.986   	113.164   	113.164   	2.57368   	1.97503   	1.03821   	1.10675   	0.97559   
3.425000	116.806   	115.332   	114.496   	114.496   	2.60467   	1.99705   	1.04987   	1.11858   	0.986672  
3.450000	118.151   	116.677   	115.829   	115.829   	2.63567   	2.01907   	1.06153   	1.13041   	0.997753  
3.475000	119.497   	118.023   	117.162   	117.162   	2.66666   	2.04109   	1.07319   	1.14224   	1.00883   
3.500000	120.842   	119.368   	118.495   	118.495   	2.69765   	2.06311   	1.08484   	1.15407   	1.01991   
3.525000	122.332   	120.857   	119.97    	119.97    	2.73213   	2.08697   	1.09768   	1.16694   	1.03213   
3.550000	123.821   	122.347   	121.446   	121.446   	2.7666    	2.11082   	1.11052   	1.17981   	1.04435   
3.575000	125.31    	123.836   	122.921   	122.921   	2.80107   	2.13468   	1.12335   	1.19269   	1.05656   
3.600000	126.8     	125.326   	124.396   	124.396   	2.83554   	2.15853   	1.13619   	1.20556   	1.06878   
3.625000	128.289   	126.815   	125.872   	125.872   	2.87001   	2.18239   	1.14903   	1.21843   	1.08099   
3.650000	129.779   	128.305   	127.347   	127.347   	2.90449   	2.20624   	1.16186   	1.2313    	1.09321   
3.675000	131.268   	129.794   	128.822   	128.822   	2.93896   	2.2301    	1.1747    	1.24418   	1.10543   
3.700000	132.757   	131.284   	130.298   	130.298   	2.97343   	2.25395   	1.18753   	1.25705   	1.11764   
3.725000	134.247   	132.773   	131.773   	131.773   	3.0079    	2.27781   	1.20037   	1.26992   	1.12986   
3.750000	135.736   	134.263   	133.249   	133.249   	3.04237   	2.30167   	1.21321   	1.2828    	1.14207   
3.775000	137.226   	135.752   	134.724   	134.724   	3.07685   	2.32552   	1.22604   	1.29567   	1.15429   
3.800000	138.715   	137.242   	136.199   	136.199   	3.11132   	2.34938   	1.23888   	1.30854   	1.16651   
3.825000	140.204   	138.731   	137.675   	137.675   	3.14579   	2.37323   	1.25172   	1.32141   	1.17872   
3.850000	141.694   	140.221   	139.15    	139.15    	3.18026   	2.39709   	1.26455   	1.33429   	1.19094   
3.875000	143.183   	141.71    	140.626   	140.626   	3.21473   	2.42094   	1.27739   	1.34716   	1.20315   
3.900000	144.673   	143.2     	142.101   	142.101   	3.24921   	2.4448    	1.29022   	1.36003   	1.21537   
3.925000	146.162   	144.689   	143.576   	143.576   	3.28368   	2.46865   	1.30306   	1.3729    	1.22759   
3.950000	147.651   	146.179   	145.052   	145.052   	3.31815   	2.49251   	1.3159    	1.38578   	1.2398    
3.975000	149.141   	147.668   	146.527   	146.527   	3.35262   	2.51637   	1.32873   	1.39865   	1.25202   
4.000000	150.63    	149.158   	148.002   	148.002   	3.38709   	2.54022   	1.34157   	1.41152   	1.26423   
4.025000	152.26    	150.787   	149.617   	149.617   	3.42496   	2.56583   	1.35555   	1.4254    	1.27755   
4.050000	153.891   	152.416   	151.231   	151.231   	3.46282   	2.59144   	1.36953   	1.43927   	1.29087   
4.075000	155.521   	154.046   	152.845   	152.845   	3.50068   	2.61705   	1.38351   	1.45315   	1.30419   
4.100000	157.151   	155.675   	154.459   	154.459   	3.53855   	2.64266   	1.39749   	1.46703   	1.31751   
4.125000	158.781   	157.304   	156.073   	156.073   	3.57641   	2.66827   	1.41147   	1.4809    	1.33083   
4.150000	160.411   	158.933   	157.687   	157.687   	3.61427   	2.69388   	1.42546   	1.49478   	1.34415   
4.175000	162.042   	160.563   	159.301   	159.301   	3.65214   	2.71948   	1.43944   	1.50865   	1.35747   
4.200000	163.672   	162.192   	160.915   	160.915   	3.69      	2.74509   	1.45342   	1.52253   	1.37079   
4.225000	165.302   	163.821   	162.529   	162.529   	3.72786   	2.7707    	1.4674    	1.53641   	1.38411   
4.250000	166.932   	165.451   	164.143   	164.143   	3.76573   	2.79631   	1.48138   	1.55028   	1.39743   
4.275000	168.562   	167.08    	165.757   	165.757   	3.80359   	2.82192   	1.49536   	1.56416   	1.41075   
4.300000	170.193   	168.709   	167.371   	167.371   	3.84145   	2.84753   	1.50934   	1.57804   	1.42407   
4.325000	171.823   	170.338   	168.985   	168.985   	3.87932   	2.87314   	1.52332   	1.59191   	1.43739   
4.350000	173.453   	171.968   	170.6     	170.6     	3.91718   	2.89875   	1.53731   	1.60579   	1.45071   
4.375000	175.083   	173.597   	172.214   	172.214   	3.95504   	2.92436   	1.55129   	1.61966   	1.46403   
4.400000	176.713   	175.226   	173.828   	173.828   	3.99291   	2.94997   	1.56527   	1.63354   	1.47735   
4.425000	178.344   	176.856   	175.442   	175.442   	4.03077   	2.97558   	1.57925   	1.64742   	1.49067   
4.450000	179.974   	178.485   	177.056   	177.056   	4.06863   	3.00118   	1.59323   	1.66129   	1.50399   
4.475000	181.604   	180.114   	178.67    	178.67    	4.1065    	3.02679   	1.60721   	1.67517   	1.51731   
4.500000	183.234   	181.743   	180.284   	180.284   	4.14436   	3.0524    	1.62119   	1.68904   	1.53063   
4.525000	185.002   	183.509   	182.033   	182.033   	4.18554   	3.0797    	1.63629   	1.70389   	1.54501   
4.550000	186.771   	185.274   	183.783   	183.783   	4.22672   	3.107     	1.65139   	1.71874   	1.55938   
4.575000	188.539   	187.04    	185.532   	185.532   	4.2679    	3.1343    	1.66649   	1.73359   	1.57375   
4.600000	190.307   	188.805   	187.282   	187.282   	4.30908   	3.1616    	1.68158   	1.74843   	1.58812   
4.625000	192.075   	190.571   	189.031   	189.031   	4.35026   	3.18889   	1.69668   	1.76328   	1.6025    
4.650000	193.844   	192.336   	190.781   	190.781   	4.39144   	3.21619   	1.71178   	1.77813   	1.61687   
4.675000	195.612   	194.102   	192.53    	192.53    	4.43262   	3.24349   	1.72688   	1.79297   	1.63124   
4.700000	197.38    	195.867   	194.28    	194.28    	4.4738    	3.27079   	1.74197   	1.80782   	1.64562   
4.725000	199.148   	197.633   	196.029   	196.029   	4.51498   	3.29809   	1.75707   	1.82267   	1.65999   
4.750000	200.917   	199.398   	197.778   	197.778   	4.55616   	3.32538   	1.77217   	1.83751   	1.67436   
4.775000	202.685   	201.163   	199.528   	199.528   	4.59734   	3.35268   	1.78727   	1.85236   	1.68873   
4.800000	204.453   	202.929   	201.277   	201.277   	4.63852   	3.37998   	1.80236   	1.86721   	1.70311   
4.825000	206.221   	204.694   	203.027   	203.027   	4.6797    	3.40728   	1.81746   	1.88205   	1.71748   
4.850000	207.99    	206.46    	204.776   	204.776   	4.72088   	3.43458   	1.83256   	1.8969    	1.73185   
4.875000	209.758   	208.225   	206.526   	206.526   	4.76206   	3.46188   	1.84766   	1.91175   	1.74623   
4.900000	211.526   	209.991   	208.275   	208.275   	4.80324   	3.48917   	1.86275   	1.9266    	1.7606    
4.925000	213.294   	211.756   	210.024   	210.024   	4.84442   	3.51647   	1.87785   	1.94144   	1.77497   
4.950000	215.063   	213.522   	211.774   	211.774   	4.8856    	3.54377   	1.89295   	1.95629   	1.78934   
4.975000	216.831   	215.287   	213.523   	213.523   	4.92678   	3.57107   	1.90805   	1.97114   	1.80372   
5.000000	218.599   	217.053   	215.273   	215.273   	4.96796   	3.59837   	1.92314   	1.98598   	1.81809   
5.025000	220.503   	218.951   	217.155   	217.155   	5.01239   	3.6273    	1.93933   	2.00177   	1.8335    
5.050000	222.407   	220.85    	219.036   	219.036   	5.05682   	3.65623   	1.95552   	2.01756   	1.84891   
5.075000	224.311   	222.748   	220.918   	220.918   	5.10125   	3.68517   	1.97171   	2.03335   	1.86431   
5.100000	226.215   	224.647   	222.8     	222.8     	5.14568   	3.7141    	1.9879    	2.04914   	1.87972   
5.125000	228.119   	226.545   	224.682   	224.682   	5.19011   	3.74304   	2.00409   	2.06493   	1.89513   
5.150000	230.023   	228.444   	226.564   	226.564   	5.23454   	3.77197   	2.02027   	2.08072   	1.91053   
5.175000	231.927   	230.342   	228.446   	228.446   	5.27897   	3.8009    	2.03646   	2.09651   	1.92594   
5.200000	233.831   	232.241   	230.328   	230.328   	5.3234    	3.82984   	2.05265   	2.1123    	1.94135   
5.225000	235.734   	234.139   	232.21    	232.21    	5.36783   	3.85877   	2.06884   	2.12809   	1.95676   
5.250000	237.638   	236.038   	234.091   	234.091   	5.41226   	3.88771   	2.08503   	2.14387   	1.97216   
5.275000	239.542   	237.936   	235.973   	235.973   	5.45669   	3.91664   	2.10122   	2.15966   	1.98757   
5.300000	241.446   	239.835   	237.855   	237.855   	5.50112   	3.94557   	2.11741   	2.17545   	2.00298   
5.325000	243.35    	241.733   	239.737   	239.737   	5.54555   	3.97451   	2.1336    	2.19124   	2.01839   
5.350000	245.254   	243.632   	241.619   	241.619   	5.58998   	4.00344   	2.14978   	2.20703   	2.03379   
5.375000	247.158   	245.53    	243.501   	243.501   	5.63441   	4.03237   	2.16597   	2.22282   	2.0492    
5.400000	249.062   	247.428   	245.383   	245.383   	5.67884   	4.06131   	2.18216   	2.23861   	2.06461   
5.425000	250.966   	249.327   	247.265   	247.265   	5.72327   	4.09024   	2.19835   	2.2544    	2.08002   
5.450000	252.87    	251.225   	249.146   	249.146   	5.7677    	4.11918   	2.21454   	2.27019   	2.09542   
5.475000	254.774   	253.124   	251.028   	251.028   	5.81213   	4.14811   	2.23073   	2.28598   	2.11083   
5.500000	256.677   	255.022   	252.91    	252.91    	5.85656   	4.17704   	2.24692   	2.30177   	2.12624   
5.525000	258.715   	257.051   	254.922   	254.922   	5.90418   	4.20757   	2.26417   	2.31847   	2.14268   
5.550000	260.752   	259.08    	256.934   	256.934   	5.95181   	4.23809   	2.28143   	2.33518   	2.15913   
5.575000	262.79    	261.109   	258.945   	258.945   	5.99943   	4.26862   	2.29869   	2.35189   	2.17557   
5.600000	264.827   	263.137   	260.957   	260.957   	6.04705   	4.29914   	2.31595   	2.36859   	2.19202   
5.625000	266.865   	265.166   	262.969   	262.969   	6.09467   	4.32966   	2.33321   	2.3853    	2.20846   
5.650000	268.902   	267.195   	264.981   	264.981   	6.1423    	4.36019   	2.35046   	2.402     	2.2249    
5.675000	270.939   	269.224   	266.993   	266.993   	6.18992   	4.39071   	2.36772   	2.41871   	2.24135   
5.700000	272.977   	271.252   	269.004   	269.004   	6.23754   	4.42124   	2.38498   	2.43542   	2.25779   
5.725000	275.014   	273.281   	271.016   	271.016   	6.28516   	4.45176   	2.40224   	2.45212   	2.27424   
5.750000	277.052   	275.31    	273.028   	273.028   	6.33279   	4.48228   	2.41949   	2.46883   	2.29068   
5.775000	279.089   	277.339   	275.04    	275.04    	6.38041   	4.51281   	2.43675   	2.48554   	2.30713   
5.800000	281.127   	279.367   	277.051   	277.051   	6.42803   	4.54333   	2.45401   	2.50224   	2.32357   
5.825000	283.164   	281.396   	279.063   	279.063   	6.47566   	4.57385   	2.47127   	2.51895   	2.34001   
5.850000	285.201   	283.425   	281.075   	281.075   	6.52328   	4.60438   	2.48853   	2.53566   	2.35646   
5.875000	287.239   	285.454   	283.087   	283.087   	6.5709    	4.6349    	2.50578   	2.55236   	2.3729    
5.900000	289.276   	287.482   	285.098   	285.098   	6.61852   	4.66543   	2.52304   	2.56907   	2.38935   
5.925000	291.314   	289.511   	287.11    	287.11    	6.66615   	4.69595   	2.5403    	2.58578   	2.40579   
5.950000	293.351   	291.54    	289.122   	289.122   	6.71377   	4.72647   	2.55756   	2.60248   	2.42224   
5.975000	295.389   	293.569   	291.134   	291.134   	6.76139   	4.757     	2.57481   	2.61919   	2.43868   
6.000000	297.426   	295.597   	293.145   	293.145   	6.80901   	4.78752   	2.59207   	2.6359    	2.45512   
6.025000	299.595   	297.754   	295.285   	295.285   	6.85978   	4.8196    	2.61037   	2.6535    	2.47259   
6.050000	301.764   	299.911   	297.424   	297.424   	6.91054   	4.85167   	2.62867   	2.6711    	2.49005   
6.075000	303.933   	302.067   	299.563   	299.563   	6.9613    	4.88375   	2.64697   	2.6887    	2.50751   
6.100000	306.102   	304.224   	301.703   	301.703   	7.01206   	4.91582   	2.66527   	2.7063    	2.52497   
6.125000	308.271   	306.38    	303.842   	303.842   	7.06283   	4.94789   	2.68357   	2.72391   	2.54243   
6.150000	310.44    	308.537   	305.981   	305.981   	7.11359   	4.97997   	2.70187   	2.74151   	2.55989   
6.175000	312.609   	310.693   	308.121   	308.121   	7.16435   	5.01204   	2.72017   	2.75911   	2.57735   
6.200000	314.778   	312.85    	310.26    	310.26    	7.21511   	5.04412   	2.73847   	2.77671   	2.59481   
6.225000	316.947   	315.006   	312.399   	312.399   	7.26588   	5.07619   	2.75677   	2.79431   	2.61227   
6.250000	319.116   	317.163   	314.539   	314.539   	7.31664   	5.10827   	2.77507   	2.81191   	2.62973   
6.275000	321.285   	319.319   	316.678   	316.678   	7.3674    	5.14034   	2.79337   	2.82952   	2.6472    
6.300000	323.454   	321.476   	318.817   	318.817   	7.41817   	5.17241   	2.81167   	2.84712   	2.66466   
6.325000	325.623   	323.633   	320.957   	320.957   	7.46893   	5.20449   	2.82997   	2.86472   	2.68212   
6.350000	327.792   	325.789   	323.096   	323.096   	7.51969   	5.23656   	2.84827   	2.88232   	2.69958   
6.375000	329.961   	327.946   	325.235   	325.235   	7.57045   	5.26864   	2.86657   	2.89992   	2.71704   
6.400000	332.13    	330.102   	327.375   	327.375   	7.62122   	5.30071   	2.88487   	2.91753   	2.7345    
6.425000	334.299   	332.259   	329.514   	329.514   	7.67198   	5.33279   	2.90317   	2.93513   	2.75196   
6.450000	336.468   	334.415   	331.654   	331.654   	7.72274   	5.36486   	2.92147   	2.95273   	2.76942   
6.475000	338.637   	336.572   	333.793   	333.793   	7.7735    	5.39693   	2.93977   	2.97033   	2.78688   
6.500000	340.806   	338.728   	335.932   	335.932   	7.82427   	5.42901   	2.95807   	2.98793   	2.80434   
6.525000	343.105   	341.01    	338.197   	338.197   	7.87812   	5.4626    	2.97739   	3.00641   	2.8228    
6.550000	345.404   	343.293   	340.462   	340.462   	7.93198   	5.49619   	2.99671   	3.02489   	2.84126   
6.575000	347.703   	345.575   	342.727   	342.727   	7.98583   	5.52978   	3.01603   	3.04337   	2.85972   
6.600000	350.001   	347.857   	344.992   	344.992   	8.03969   	5.56337   	3.03535   	3.06184   	2.87818   
6.625000	352.3     	350.139   	347.257   	347.257   	8.09355   	5.59696   	3.05467   	3.08032   	2.89664   
6.650000	354.599   	352.421   	349.521   	349.521   	8.1474    	5.63054   	3.07399   	3.0988    	2.9151    
6.675000	356.898   	354.703   	351.786   	351.786   	8.20126   	5.66413   	3.09331   	3.11727   	2.93356   
6.700000	359.197   	356.985   	354.051   	354.051   	8.25511   	5.69772   	3.11263   	3.13575   	2.95202   
6.725000	361.495   	359.267   	356.316   	356.316   	8.30897   	5.73131   	3.13195   	3.15423   	2.97048   
6.750000	363.794   	361.55    	358.581   	358.581   	8.36282   	5.7649    	3.15127   	3.17271   	2.98894   
6.775000	366.093   	363.832   	360.846   	360.846   	8.41668   	5.79849   	3.17059   	3.19118   	3.0074    
6.800000	368.392   	366.114   	363.111   	363.111   	8.47054   	5.83208   	3.18991   	3.20966   	3.02586   
6.825000	370.691   	368.396   	365.376   	365.376   	8.52439   	5.86567   	3.20923   	3.22814   	3.04432   
6.850000	372.99    	370.678   	367.64    	367.64    	8.57825   	5.89926   	3.22855   	3.24662   	3.06278   
6.875000	375.288   	372.96    	369.905   	369.905   	8.6321    	5.93285   	3.24787   	3.26509   	3.08124   
6.900000	377.587   	375.242   	372.17    	372.17    	8.68596   	5.96644   	3.26719   	3.28357   	3.0997    
6.925000	379.886   	377.524   	374.435   	374.435   	8.73981   	6.00003   	3.28651   	3.30205   	3.11816   
6.950000	382.185   	379.807   	376.7     	376.7     	8.79367   	6.03362   	3.30583   	3.32052   	3.13662   
6.975000	384.484   	382.089   	378.965   	378.965   	8.84753   	6.06721   	3.32515   	3.339     	3.15508   
7.000000	386.782   	384.371   	381.23    	381.23    	8.90138   	6.1008    	3.34447   	3.35748   	3.17354   
7.025000	389.209   	386.776   	383.618   	383.618   	8.95829   	6.13587   	3.36481   	3.37681   	3.19298   
7.050000	391.636   	389.182   	386.007   	386.007   	9.01519   	6.17094   	3.38514   	3.39615   	3.21242   
7.075000	394.063   	391.588   	388.395   	388.395   	9.0721    	6.20601   	3.40548   	3.41548   	3.23186   
7.100000	396.49    	393.993   	390.784   	390.784   	9.129     	6.24109   	3.42582   	3.43482   	3.2513    
7.125000	398.917   	396.399   	393.172   	393.172   	9.18591   	6.27616   	3.44616   	3.45415   	3.27075   
7.150000	401.344   	398.805   	395.561   	395.561   	9.24281   	6.31123   	3.46649   	3.47349   	3.29019   
7.175000	403.772   	401.211   	397.949   	397.949   	9.29972   	6.3463    	3.48683   	3.49282   	3.30963   
7.200000	406.199   	403.616   	400.338   	400.338   	9.35663   	6.38138   	3.50717   	3.51216   	3.32907   
7.225000	408.626   	406.022   	402.727   	402.727   	9.41353   	6.41645   	3.52751   	3.53149   	3.34851   
7.250000	411.053   	408.428   	405.115   	405.115   	9.47044   	6.45152   	3.54785   	3.55083   	3.36796   
7.275000	413.48    	410.833   	407.504   	407.504   	9.52734   	6.48659   	3.56818   	3.57016   	3.3874    
7.300000	415.907   	413.239   	409.892   	409.892   	9.58425   	6.52167   	3.58852   	3.5895    	3.40684   
7.325000	418.334   	415.645   	412.281   	412.281   	9.64115   	6.55674   	3.60886   	3.60883   	3.42628   
7.350000	420.761   	418.05    	414.669   	414.669   	9.69806   	6.59181   	3.6292    	3.62816   	3.44573   
7.375000	423.188   	420.456   	417.058   	417.058   	9.75497   	6.62688   	3.64954   	3.6475    	3.46517   
7.400000	425.615   	422.862   	419.446   	419.446   	9.81187   	6.66196   	3.66987   	3.66683   	3.48461   
7.425000	428.042   	425.267   	421.835   	421.835   	9.86878   	6.69703   	3.69021   	3.68617   	3.50405   
7.450000	430.469   	427.673   	424.223   	424.223   	9.92568   	6.7321    	3.71055   	3.7055    	3.52349   
7.475000	432.896   	430.079   	426.612   	426.612   	9.98259   	6.76717   	3.73089   	3.72484   	3.54294   
7.500000	435.323   	432.484   	429       	429       	10.0395   	6.80225   	3.75123   	3.74417   	3.56238   
7.525000	437.876   	435.012   	431.511   	431.511   	10.0994   	6.83877   	3.77257   	3.76435   	3.58279   
7.550000	440.43    	437.539   	434.021   	434.021   	10.1593   	6.8753    	3.79391   	3.78452   	3.6032    
7.575000	442.984   	440.067   	436.532   	436.532   	10.2192   	6.91183   	3.81525   	3.8047    	3.62361   
7.600000	445.537   	442.594   	439.042   	439.042   	10.2792   	6.94836   	3.83659   	3.82488   	3.64402   
7.625000	448.091   	445.122   	441.553   	441.553   	10.3391   	6.98489   	3.85793   	3.84505   	3.66443   
7.650000	450.645   	447.649   	444.063   	444.063   	10.399    	7.02142   	3.87927   	3.86523   	3.68484   
7.675000	453.198   	450.176   	446.574   	446.574   	10.4589   	7.05795   	3.90061   	3.8854    	3.70525   
7.700000	455.752   	452.704   	449.084   	449.084   	10.5188   	7.09447   	3.92195   	3.90558   	3.72566   
7.725000	458.306   	455.231   	451.595   	451.595   	10.5787   	7.131     	3.9433    	3.92576   	3.74607   
7.750000	460.86    	457.759   	454.105   	454.105   	10.6387   	7.16753   	3.96464   	3.94593   	3.76649   
7.775000	463.413   	460.286   	456.616   	456.616   	10.6986   	7.20406   	3.98598   	3.96611   	3.7869    
7.800000	465.967   	462.813   	459.126   	459.126   	10.7585   	7.24059   	4.00732   	3.98628   	3.80731   
7.825000	468.521   	465.341   	461.637   	461.637   	10.8184   	7.27712   	4.02866   	4.00646   	3.82772   
7.850000	471.074   	467.868   	464.147   	464.147   	10.8783   	7.31365   	4.05      	4.02664   	3.84813   
7.875000	473.628   	470.396   	466.658   	466.658   	10.9382   	7.35017   	4.07134   	4.04681   	3.86854   
7.900000	476.182   	472.923   	469.168   	469.168   	10.9982   	7.3867    	4.09268   	4.06699   	3.88895   
7.925000	478.735   	475.451   	471.679   	471.679   	11.0581   	7.42323   	4.11402   	4.08716   	3.90936   
7.950000	481.289   	477.978   	474.189   	474.189   	11.118    	7.45976   	4.13536   	4.10734   	3.92977   
7.975000	483.843   	480.505   	476.7     	476.7     	11.1779   	7.49629   	4.15671   	4.12752   	3.95018   
8.000000	486.397   	483.033   	479.21    	479.21    	11.2378   	7.53282   	4.17805   	4.14769   	3.97059   
8.025000	489.076   	485.68    	481.841   	481.841   	11.3007   	7.57078   	4.20038   	4.1687    	3.99196   
8.050000	491.754   	488.328   	484.472   	484.472   	11.3636   	7.60874   	4.22271   	4.1897    	4.01332   
8.075000	494.433   	490.975   	487.103   	487.103   	11.4265   	7.6467    	4.24504   	4.2107    	4.03469   
8.100000	497.112   	493.623   	489.734   	489.734   	11.4894   	7.68466   	4.26737   	4.2317    	4.05606   
8.125000	499.791   	496.27    	492.365   	492.365   	11.5523   	7.72262   	4.2897    	4.25271   	4.07742   
8.150000	502.47    	498.918   	494.995   	494.995   	11.6152   	7.76058   	4.31203   	4.27371   	4.09879   
8.175000	505.149   	501.565   	497.626   	497.626   	11.6781   	7.79854   	4.33436   	4.29471   	4.12015   
8.200000	507.828   	504.212   	500.257   	500.257   	11.7409   	7.8365    	4.35669   	4.31571   	4.14152   
8.225000	510.507   	506.86    	502.888   	502.888   	11.8038   	7.87447   	4.37902   	4.33672   	4.16289   
8.250000	513.186   	509.507   	505.519   	505.519   	11.8667   	7.91243   	4.40135   	4.35772   	4.18425   
8.275000	515.865   	512.155   	508.15    	508.15    	11.9296   	7.95039   	4.42368   	4.37872   	4.20562   
8.300000	518.544   	514.802   	510.781   	510.781   	11.9925   	7.98835   	4.44601   	4.39972   	4.22698   
8.325000	521.223   	517.45    	513.412   	513.412   	12.0554   	8.02631   	4.46834   	4.42073   	4.24835   
8.350000	523.902   	520.097   	516.042   	516.042   	12.1183   	8.06427   	4.49067   	4.44173   	4.26972   
8.375000	526.581   	522.745   	518.673   	518.673   	12.1812   	8.10223   	4.513     	4.46273   	4.29108   
8.400000	529.26    	525.392   	521.304   	521.304   	12.2441   	8.14019   	4.53533   	4.48374   	4.31245   
8.425000	531.939   	528.04    	523.935   	523.935   	12.307    	8.17815   	4.55766   	4.50474   	4.33381   
8.450000	534.618   	530.687   	526.566   	526.566   	12.3699   	8.21612   	4.57999   	4.52574   	4.35518   
8.475000	537.297   	533.334   	529.197   	529.197   	12.4327   	8.25408   	4.60233   	4.54674   	4.37655   
8.500000	539.976   	535.982   	531.828   	531.828   	12.4956   	8.29204   	4.62466   	4.56775   	4.39791   
8.525000	542.779   	538.748   	534.577   	534.577   	12.5615   	8.33141   	4.64796   	4.58956   	4.42022   
8.550000	545.582   	541.514   	537.327   	537.327   	12.6273   	8.37078   	4.67127   	4.61138   	4.44253   
8.575000	548.385   	544.28    	540.077   	540.077   	12.6931   	8.41015   	4.69458   	4.63319   	4.46484   
8.600000	551.188   	547.046   	542.827   	542.827   	12.759    	8.44952   	4.71788   	4.65501   	4.48715   
8.625000	553.991   	549.812   	545.577   	545.577   	12.8248   	8.48889   	4.74119   	4.67682   	4.50946   
8.650000	556.794   	552.578   	548.326   	548.326   	12.8906   	8.52826   	4.7645    	4.69864   	4.53177   
8.675000	559.597   	555.344   	551.076   	551.076   	12.9565   	8.56763   	4.7878    	4.72045   	4.55408   
8.700000	562.4     	558.109   	553.826   	553.826   	13.0223   	8.60699   	4.81111   	4.74227   	4.57639   
8.725000	565.203   	560.875   	556.576   	556.576   	13.0881   	8.64636   	4.83442   	4.76409   	4.5987    
8.750000	568.006   	563.641   	559.326   	559.326   	13.154    	8.68573   	4.85773   	4.7859    	4.62101   
8.775000	570.809   	566.407   	562.075   	562.075   	13.2198   	8.7251    	4.88103   	4.80772   	4.64331   
8.800000	573.612   	569.173   	564.825   	564.825   	13.2856   	8.76447   	4.90434   	4.82953   	4.66562   
8.825000	576.415   	571.939   	567.575   	567.575   	13.3514   	8.80384   	4.92765   	4.85135   	4.68793   
8.850000	579.218   	574.705   	570.325   	570.325   	13.4173   	8.84321   	4.95095   	4.87316   	4.71024   
8.875000	582.021   	577.471   	573.075   	573.075   	13.4831   	8.88258   	4.97426   	4.89498   	4.73255   
8.900000	584.824   	580.237   	575.824   	575.824   	13.5489   	8.92195   	4.99757   	4.91679   	4.75486   
8.925000	587.626   	583.003   	578.574   	578.574   	13.6148   	8.96132   	5.02088   	4.93861   	4.77717   
8.950000	590.429   	585.769   	581.324   	581.324   	13.6806   	9.00069   	5.04418   	4.96042   	4.79948   
8.975000	593.232   	588.535   	584.074   	584.074   	13.7464   	9.04006   	5.06749   	4.98224   	4.82179   
9.000000	596.035   	591.301   	586.824   	586.824   	13.8123   	9.07943   	5.0908    	5.00406   	4.8441    
9.025000	598.961   	594.184   	589.691   	589.691   	13.881    	9.12018   	5.11507   	5.02667   	4.86734   
9.050000	601.887   	597.067   	592.558   	592.558   	13.9497   	9.16093   	5.13934   	5.04929   	4.89058   
9.075000	604.812   	599.95    	595.426   	595.426   	14.0185   	9.20168   	5.16361   	5.0719    	4.91382   
9.100000	607.738   	602.833   	598.293   	598.293   	14.0872   	9.24244   	5.18788   	5.09452   	4.93707   
9.125000	610.664   	605.716   	601.16    	601.16    	14.156    	9.28319   	5.21216   	5.11714   	4.96031   
9.150000	613.59    	608.599   	604.028   	604.028   	14.2247   	9.32394   	5.23643   	5.13975   	4.98355   
9.175000	616.515   	611.482   	606.895   	606.895   	14.2935   	9.36469   	5.2607    	5.16237   	5.00679   
9.200000	619.441   	614.365   	609.763   	609.763   	14.3622   	9.40544   	5.28497   	5.18498   	5.03003   
9.225000	622.367   	617.248   	612.63    	612.63    	14.4309   	9.44619   	5.30925   	5.2076    	5.05328   
9.250000	625.292   	620.131   	615.497   	615.497   	14.4997   	9.48694   	5.33352   	5.23021   	5.07652   
9.275000	628.218   	623.014   	618.365   	618.365   	14.5684   	9.52769   	5.35779   	5.25283   	5.09976   
9.300000	631.144   	625.897   	621.232   	621.232   	14.6372   	9.56844   	5.38206   	5.27545   	5.123     
9.325000	634.07    	628.78    	624.099   	624.099   	14.7059   	9.6092    	5.40633   	5.29806   	5.14624   
9.350000	636.995   	631.663   	626.967   	626.967   	14.7746   	9.64995   	5.43061   	5.32068   	5.16948   
9.375000	639.921   	634.546   	629.834   	629.834   	14.8434   	9.6907    	5.45488   	5.34329   	5.19273   
9.400000	642.847   	637.429   	632.701   	632.701   	14.9121   	9.73145   	5.47915   	5.36591   	5.21597   
9.425000	645.772   	640.312   	635.569   	635.569   	14.9809   	9.7722    	5.50342   	5.38853   	5.23921   
9.450000	648.698   	643.195   	638.436   	638.436   	15.0496   	9.81295   	5.5277    	5.41114   	5.26245   
9.475000	651.624   	646.078   	641.304   	641.304   	15.1183   	9.8537    	5.55197   	5.43376   	5.28569   
9.500000	654.549   	648.961   	644.171   	644.171   	15.1871   	9.89445   	5.57624   	5.45637   	5.30893   
9.525000	657.597   	651.959   	647.155   	647.155   	15.2587   	9.93656   	5.60147   	5.47978   	5.3331    
9.550000	660.644   	654.957   	650.138   	650.138   	15.3303   	9.97866   	5.62669   	5.50318   	5.35726   
9.575000	663.691   	657.955   	653.122   	653.122   	15.402    	10.0208   	5.65192   	5.52659   	5.38143   
9.600000	666.739   	660.953   	656.106   	656.106   	15.4736   	10.0629   	5.67715   	5.54999   	5.40559   
9.625000	669.786   	663.952   	659.089   	659.089   	15.5452   	10.105    	5.70237   	5.5734    	5.42976   
9.650000	672.833   	666.95    	662.073   	662.073   	15.6168   	10.1471   	5.7276    	5.5968    	5.45392   
9.675000	675.88    	669.948   	665.057   	665.057   	15.6884   	10.1892   	5.75283   	5.6202    	5.47808   
9.700000	678.928   	672.946   	668.041   	668.041   	15.7601   	10.2313   	5.77805   	5.64361   	5.50225   
9.725000	681.975   	675.945   	671.024   	671.024   	15.8317   	10.2734   	5.80328   	5.66701   	5.52641   
9.750000	685.022   	678.943   	674.008   	674.008   	15.9033   	10.3155   	5.8285    	5.69042   	5.55058   
9.775000	688.07    	681.941   	676.992   	676.992   	15.9749   	10.3576   	5.85373   	5.71382   	5.57474   
9.800000	691.117   	684.939   	679.975   	679.975   	16.0466   	10.3997   	5.87896   	5.73723   	5.5989    
9.825000	694.164   	687.937   	682.959   	682.959   	16.1182   	10.4418   	5.90418   	5.76063   	5.62307   
9.850000	697.211   	690.936   	685.943   	685.943   	16.1898   	10.4839   	5.92941   	5.78404   	5.64723   
9.875000	700.259   	693.934   	688.926   	688.926   	16.2614   	10.526    	5.95464   	5.80744   	5.6714    
9.900000	703.306   	696.932   	691.91    	691.91    	16.333    	10.5681   	5.97986   	5.83085   	5.69556   
9.925000	706.353   	699.93    	694.894   	694.894   	16.4047   	10.6102   	6.00509   	5.85425   	5.71972   
9.950000	709.401   	702.929   	697.877   	697.877   	16.4763   	10.6523   	6.03032   	5.87765   	5.74389   
9.975000	712.448   	705.927   	700.861   	700.861   	16.5479   	10.6944   	6.05554   	5.90106   	5.76805   
10.000000	715.495   	708.925   	703.845   	703.845   	16.6195   	10.7365   	6.08077   	5.92446   	5.79222   
10.025000	718.723   	712.081   	707.004   	707.004   	16.6956   	10.7807   	6.10744   	5.94906   	5.81778   
10.050000	721.95    	715.238   	710.162   	710.162   	16.7717   	10.825    	6.13412   	5.97366   	5.84334   
10.075000	725.178   	718.394   	713.321   	713.321   	16.8478   	10.8692   	6.16079   	5.99825   	5.8689    
10.100000	728.405   	721.55    	716.48    	716.48    	16.9239   	10.9134   	6.18746   	6.02285   	5.89447   
10.125000	731.632   	724.707   	719.638   	719.638   	16.9999   	10.9576   	6.21414   	6.04745   	5.92003   
10.150000	734.86    	727.863   	722.797   	722.797   	17.076    	11.0018   	6.24081   	6.07204   	5.94559   
10.175000	738.087   	731.019   	725.956   	725.956   	17.1521   	11.046    	6.26748   	6.09664   	5.97115   
10.200000	741.315   	734.176   	729.114   	729.114   	17.2282   	11.0902   	6.29416   	6.12123   	5.99672   
10.225000	744.542   	737.332   	732.273   	732.273   	17.3043   	11.1344   	6.32083   	6.14583   	6.02228   
10.250000	747.77    	740.488   	735.432   	735.432   	17.3804   	11.1786   	6.3475    	6.17043   	6.04784   
10.275000	750.997   	743.644   	738.59    	738.59    	17.4564   	11.2228   	6.37418   	6.19502   	6.0734    
10.300000	754.225   	746.801   	741.749   	741.749   	17.5325   	11.2671   	6.40085   	6.21962   	6.09897   
10.325000	757.452   	749.957   	744.908   	744.908   	17.6086   	11.3113   	6.42752   	6.24422   	6.12453   
10.350000	760.68    	753.113   	748.067   	748.066   	17.6847   	11.3555   	6.4542    	6.26881   	6.15009   
10.375000	763.907   	756.27    	751.225   	751.225   	17.7608   	11.3997   	6.48087   	6.29341   	6.17565   
10.400000	767.135   	759.426   	754.384   	754.384   	17.8368   	11.4439   	6.50754   	6.31801   	6.20122   
10.425000	770.362   	762.582   	757.543   	757.542   	17.9129   	11.4881   	6.53422   	6.3426    	6.22678   
10.450000	773.59    	765.739   	760.701   	760.701   	17.989    	11.5323   	6.56089   	6.3672    	6.25234   
10.475000	776.817   	768.895   	763.86    	763.86    	18.0651   	11.5765   	6.58756   	6.3918    	6.2779    
10.500000	780.045   	772.051   	767.019   	767.018   	18.1412   	11.6207   	6.61424   	6.41639   	6.30347   
10.525000	783.272   	775.207   	770.177   	770.177   	18.2173   	11.665    	6.64091   	6.44099   	6.32903   
10.550000	786.499   	778.364   	773.336   	773.336   	18.2933   	11.7092   	6.66758   	6.46558   	6.35459   
10.575000	789.727   	781.52    	776.495   	776.494   	18.3694   	11.7534   	6.69426   	6.49018   	6.38015   
10.600000	792.954   	784.676   	779.653   	779.653   	18.4455   	11.7976   	6.72093   	6.51478   	6.40572   
10.625000	796.182   	787.833   	782.812   	782.812   	18.5216   	11.8418   	6.74761   	6.53937   	6.43128   
10.650000	799.409   	790.989   	785.971   	785.97    	18.5977   	11.886    	6.77428   	6.56397   	6.45684   
10.675000	802.637   	794.145   	789.13    	789.129   	18.6738   	11.9302   	6.80095   	6.58857   	6.4824    
10.700000	805.864   	797.302   	792.288   	792.288   	18.7498   	11.9744   	6.82763   	6.61316   	6.50797   
10.725000	809.092   	800.458   	795.447   	795.446   	18.8259   	12.0186   	6.8543    	6.63776   	6.53353   
10.750000	812.319   	803.614   	798.606   	798.605   	18.902    	12.0629   	6.88097   	6.66236   	6.55909   
10.775000	815.547   	806.771   	801.764   	801.764   	18.9781   	12.1071   	6.90765   	6.68695   	6.58466   
10.800000	818.774   	809.927   	804.923   	804.922   	19.0542   	12.1513   	6.93432   	6.71155   	6.61022   
10.825000	822.002   	813.083   	808.082   	808.081   	19.1303   	12.1955   	6.96099   	6.73614   	6.63578   
10.850000	825.229   	816.239   	811.24    	811.24    	19.2063   	12.2397   	6.98767   	6.76074   	6.66134   
10.875000	828.457   	819.396   	814.399   	814.398   	19.2824   	12.2839   	7.01434   	6.78534   	6.68691   
10.900000	831.684   	822.552   	817.558   	817.557   	19.3585   	12.3281   	7.04101   	6.80993   	6.71247   
10.925000	834.912   	825.708   	820.716   	820.716   	19.4346   	12.3723   	7.06769   	6.83453   	6.73803   
10.950000	838.139   	828.865   	823.875   	823.875   	19.5107   	12.4165   	7.09436   	6.85913   	6.76359   
10.975000	841.366   	832.021   	827.034   	827.033   	19.5867   	12.4607   	7.12103   	6.88372   	6.78916   
11.000000	844.594   	835.177   	830.193   	830.192   	19.6628   	12.505    	7.14771   	6.90832   	6.81472   
11.025000	848.058   	838.56    	833.584   	833.583   	19.7449   	12.552    	7.17632   	6.93449   	6.84215   
11.050000	851.523   	841.942   	836.975   	836.974   	19.827    	12.5991   	7.20493   	6.96066   	6.86959   
11.075000	854.987   	845.325   	840.366   	840.365   	19.9091   	12.6462   	7.23354   	6.98684   	6.89703   
11.100000	858.451   	848.707   	843.757   	843.756   	19.9912   	12.6933   	7.26215   	7.01301   	6.92446   
11.125000	861.916   	852.09    	847.148   	847.147   	20.0733   	12.7403   	7.29076   	7.03918   	6.9519    
11.150000	865.38    	855.472   	850.539   	850.538   	20.1554   	12.7874   	7.31937   	7.06535   	6.97933   
11.175000	868.844   	858.855   	853.931   	853.93    	20.2375   	12.8345   	7.34799   	7.09152   	7.00677   
11.200000	872.309   	862.237   	857.322   	857.321   	20.3196   	12.8815   	7.3766    	7.11769   	7.03421   
11.225000	875.773   	865.62    	860.713   	860.712   	20.4017   	12.9286   	7.40521   	7.14387   	7.06164   
11.250000	879.237   	869.002   	864.104   	864.103   	20.4838   	12.9757   	7.43382   	7.17004   	7.08908   
11.275000	882.702   	872.385   	867.495   	867.494   	20.5659   	13.0228   	7.46243   	7.19621   	7.11652   
11.300000	886.166   	875.767   	870.886   	870.885   	20.648    	13.0698   	7.49104   	7.22238   	7.14395   
11.325000	889.63    	879.15    	874.277   	874.276   	20.7301   	13.1169   	7.51965   	7.24855   	7.17139   
11.350000	893.095   	882.532   	877.669   	877.667   	20.8122   	13.164    	7.54826   	7.27473   	7.19882   
11.375000	896.559   	885.915   	881.06    	881.058   	20.8943   	13.2111   	7.57688   	7.3009    	7.22626   
11.400000	900.024   	889.297   	884.451   	884.449   	20.9764   	13.2581   	7.60549   	7.32707   	7.2537    
11.425000	903.488   	892.68    	887.842   	887.84    	21.0585   	13.3052   	7.6341    	7.35324   	7.28113   
11.450000	906.952   	896.062   	891.233   	891.232   	21.1406   	13.3523   	7.66271   	7.37941   	7.30857   
11.475000	910.417   	899.445   	894.624   	894.623   	21.2227   	13.3994   	7.69132   	7.40558   	7.336     
11.500000	913.881   	902.827   	898.015   	898.014   	21.3048   	13.4464   	7.71993   	7.43176   	7.36344   
11.525000	917.345   	906.21    	901.407   	901.405   	21.3869   	13.4935   	7.74854   	7.45793   	7.39088   
11.550000	920.81    	909.592   	904.798   	904.796   	21.469    	13.5406   	7.77715   	7.4841    	7.41831   
11.575000	924.274   	912.975   	908.189   	908.187   	21.5511   	13.5876   	7.80577   	7.51027   	7.44575   
11.600000	927.738   	916.357   	911.58    	911.578   	21.6332   	13.6347   	7.83438   	7.53644   	7.47318   
11.625000	931.203   	919.74    	914.971   	914.969   	21.7153   	13.6818   	7.86299   	7.56262   	7.50062   
11.650000	934.667   	923.122   	918.362   	918.36    	21.7974   	13.7289   	7.8916    	7.58879   	7.52806   
11.675000	938.131   	926.505   	921.753   	921.751   	21.8795   	13.7759   	7.92021   	7.61496   	7.55549   
11.700000	941.596   	929.887   	925.145   	925.143   	21.9615   	13.823    	7.94882   	7.64113   	7.58293   
11.725000	945.06    	933.27    	928.536   	928.534   	22.0436   	13.8701   	7.97743   	7.6673    	7.61036   
11.750000	948.524   	936.652   	931.927   	931.925   	22.1257   	13.9172   	8.00604   	7.69347   	7.6378    
11.775000	951.989   	940.035   	935.318   	935.316   	22.2078   	13.9642   	8.03466   	7.71965   	7.66524   
11.800000	955.453   	943.417   	938.709   	938.707   	22.2899   	14.0113   	8.06327   	7.74582   	7.69267   
11.825000	958.917   	946.8     	942.1     	942.098   	22.372    	14.0584   	8.09188   	7.77199   	7.72011   
11.850000	962.382   	950.182   	945.491   	945.489   	22.4541   	14.1054   	8.12049   	7.79816   	7.74754   
11.875000	965.846   	953.565   	948.883   	948.88    	22.5362   	14.1525   	8.1491    	7.82433   	7.77498   
11.900000	969.311   	956.947   	952.274   	952.271   	22.6183   	14.1996   	8.17771   	7.85051   	7.80242   
11.925000	972.775   	960.33    	955.665   	955.662   	22.7004   	14.2467   	8.20632   	7.87668   	7.82985   
11.950000	976.239   	963.712   	959.056   	959.053   	22.7825   	14.2937   	8.23494   	7.90285   	7.85729   
11.975000	979.704   	967.095   	962.447   	962.445   	22.8646   	14.3408   	8.26355   	7.92902   	7.88473   
12.000000	983.168   	970.477   	965.838   	965.836   	22.9467   	14.3879   	8.29216   	7.95519   	7.91216   
12.025000	986.865   	974.084   	969.459   	969.456   	23.0348   	14.4378   	8.3227    	7.98294   	7.94146   
12.050000	990.563   	977.69    	973.08    	973.077   	23.1228   	14.4877   	8.35323   	8.01069   	7.97076   
12.075000	994.26    	981.296   	976.701   	976.698   	23.2109   	14.5375   	8.38377   	8.03843   	8.00006   
12.100000	997.958   	984.902   	980.322   	980.319   	23.2989   	14.5874   	8.41431   	8.06618   	8.02936   
12.125000	1001.66   	988.509   	983.943   	983.94    	23.387    	14.6373   	8.44485   	8.09393   	8.05866   
12.150000	1005.35   	992.115   	987.564   	987.56    	23.475    	14.6872   	8.47539   	8.12167   	8.08796   
12.175000	1009.05   	995.721   	991.184   	991.181   	23.5631   	14.7371   	8.50592   	8.14942   	8.11726   
12.200000	1012.75   	999.328   	994.805   	994.802   	23.6511   	14.787    	8.53646   	8.17717   	8.14656   
12.225000	1016.45   	1002.93   	998.426   	998.423   	23.7392   	14.8369   	8.567     	8.20492   	8.17586   
12.250000	1020.14   	1006.54   	1002.05   	1002.04   	23.8273   	14.8867   	8.59754   	8.23266   	8.20516   
12.275000	1023.84   	1010.15   	1005.67   	1005.66   	23.9153   	14.9366   	8.62808   	8.26041   	8.23446   
12.300000	1027.54   	1013.75   	1009.29   	1009.29   	24.0034   	14.9865   	8.65862   	8.28816   	8.26376   
12.325000	1031.24   	1017.36   	1012.91   	1012.91   	24.0914   	15.0364   	8.68915   	8.3159    	8.29306   
12.350000	1034.93   	1020.97   	1016.53   	1016.53   	24.1795   	15.0863   	8.71969   	8.34365   	8.32236   
12.375000	1038.63   	1024.57   	1020.15   	1020.15   	24.2675   	15.1362   	8.75023   	8.3714    	8.35166   
12.400000	1042.33   	1028.18   	1023.77   	1023.77   	24.3556   	15.1861   	8.78077   	8.39914   	8.38096   
12.425000	1046.03   	1031.78   	1027.39   	1027.39   	24.4436   	15.2359   	8.81131   	8.42689   	8.41026   
12.450000	1049.72   	1035.39   	1031.01   	1031.01   	24.5317   	15.2858   	8.84184   	8.45464   	8.43956   
12.475000	1053.42   	1039      	1034.63   	1034.63   	24.6197   	15.3357   	8.87238   	8.48238   	8.46886   
12.500000	1057.12   	1042.6    	1038.26   	1038.25   	24.7078   	15.3856   	8.90292   	8.51013   	8.49816   
12.525000	1060.81   	1046.21   	1041.88   	1041.87   	24.7958   	15.4355   	8.93346   	8.53788   	8.52746   
12.550000	1064.51   	1049.82   	1045.5    	1045.49   	24.8839   	15.4854   	8.964     	8.56562   	8.55676   
12.575000	1068.21   	1053.42   	1049.12   	1049.11   	24.972    	15.5353   	8.99454   	8.59337   	8.58606   
12.600000	1071.91   	1057.03   	1052.74   	1052.73   	25.06     	15.5851   	9.02507   	8.62112   	8.61536   
12.625000	1075.6    	1060.64   	1056.36   	1056.36   	25.1481   	15.635    	9.05561   	8.64887   	8.64466   
12.650000	1079.3    	1064.24   	1059.98   	1059.98   	25.2361   	15.6849   	9.08615   	8.67661   	8.67396   
12.675000	1083      	1067.85   	1063.6    	1063.6    	25.3242   	15.7348   	9.11669   	8.70436   	8.70326   
12.700000	1086.7    	1071.45   	1067.22   	1067.22   	25.4122   	15.7847   	9.14723   	8.73211   	8.73256   
12.725000	1090.39   	1075.06   	1070.84   	1070.84   	25.5003   	15.8346   	9.17776   	8.75985   	8.76186   
12.750000	1094.09   	1078.67   	1074.46   	1074.46   	25.5883   	15.8845   	9.2083    	8.7876    	8.79116   
12.775000	1097.79   	1082.27   	1078.09   	1078.08   	25.6764   	15.9343   	9.23884   	8.81535   	8.82045   
12.800000	1101.49   	1085.88   	1081.71   	1081.7    	25.7644   	15.9842   	9.26938   	8.84309   	8.84975   
12.825000	1105.18   	1089.49   	1085.33   	1085.32   	25.8525   	16.0341   	9.29992   	8.87084   	8.87905   
12.850000	1108.88   	1093.09   	1088.95   	1088.94   	25.9405   	16.084    	9.33046   	8.89859   	8.90835   
12.875000	1112.58   	1096.7    	1092.57   	1092.56   	26.0286   	16.1339   	9.36099   	8.92633   	8.93765   
12.900000	1116.28   	1100.3    	1096.19   	1096.18   	26.1166   	16.1838   	9.39153   	8.95408   	8.96695   
12.925000	1119.97   	1103.91   	1099.81   	1099.81   	26.2047   	16.2337   	9.42207   	8.98183   	8.99625   
12.950000	1123.67   	1107.52   	1103.43   	1103.43   	26.2928   	16.2835   	9.45261   	9.00958   	9.02555   
12.975000	1127.37   	1111.12   	1107.05   	1107.05   	26.3808   	16.3334   	9.48315   	9.03732   	9.05485   
13.000000	1131.07   	1114.73   	1110.67   	1110.67   	26.4689   	16.3833   	9.51368   	9.06507   	9.08415   
13.025000	1134.99   	1118.56   	1114.52   	1114.52   	26.5628   	16.436    	9.54614   	9.09437   	9.11531   
13.050000	1138.92   	1122.39   	1118.37   	1118.36   	26.6568   	16.4886   	9.57859   	9.12368   	9.14646   
13.075000	1142.85   	1126.21   	1122.22   	1122.21   	26.7508   	16.5412   	9.61104   	9.15298   	9.17761   
13.100000	1146.78   	1130.04   	1126.07   	1126.06   	26.8447   	16.5939   	9.6435    	9.18229   	9.20877   
13.125000	1150.7    	1133.87   	1129.91   	1129.91   	26.9387   	16.6465   	9.67595   	9.2116    	9.23992   
13.150000	1154.63   	1137.7    	1133.76   	1133.76   	27.0326   	16.6992   	9.7084    	9.2409    	9.27107   
13.175000	1158.56   	1141.53   	1137.61   	1137.6    	27.1266   	16.7518   	9.74086   	9.27021   	9.30222   
13.200000	1162.48   	1145.35   	1141.46   	1141.45   	27.2206   	16.8044   	9.77331   	9.29951   	9.33338   
13.225000	1166.41   	1149.18   	1145.31   	1145.3    	27.3145   	16.8571   	9.80577   	9.32882   	9.36453   
13.250000	1170.34   	1153.01   	1149.15   	1149.15   	27.4085   	16.9097   	9.83822   	9.35812   	9.39568   
13.275000	1174.27   	1156.84   	1153      	1153      	27.5025   	16.9624   	9.87067   	9.38743   	9.42684   
13.300000	1178.19   	1160.66   	1156.85   	1156.85   	27.5964   	17.015    	9.90313   	9.41673   	9.45799   
13.325000	1182.12   	1164.49   	1160.7    	1160.69   	27.6904   	17.0677   	9.93558   	9.44604   	9.48914   
13.350000	1186.05   	1168.32   	1164.55   	1164.54   	27.7844   	17.1203   	9.96803   	9.47534   	9.5203    
13.375000	1189.97   	1172.15   	1168.4    	1168.39   	27.8783   	17.1729   	10.0005   	9.50465   	9.55145   
13.400000	1193.9    	1175.98   	1172.24   	1172.24   	27.9723   	17.2256   	10.0329   	9.53395   	9.5826    
13.425000	1197.83   	1179.8    	1176.09   	1176.09   	28.0662   	17.2782   	10.0654   	9.56326   	9.61376   
13.450000	1201.76   	1183.63   	1179.94   	1179.93   	28.1602   	17.3309   	10.0978   	9.59256   	9.64491   
13.475000	1205.68   	1187.46   	1183.79   	1183.78   	28.2542   	17.3835   	10.1303   	9.62187   	9.67606   
13.500000	1209.61   	1191.29   	1187.64   	1187.63   	28.3481   	17.4361   	10.1628   	9.65118   	9.70722   
13.525000	1213.54   	1195.12   	1191.48   	1191.48   	28.4421   	17.4888   	10.1952   	9.68048   	9.73837   
13.550000	1217.46   	1198.94   	1195.33   	1195.33   	28.5361   	17.5414   	10.2277   	9.70979   	9.76952   
13.575000	1221.39   	1202.77   	1199.18   	1199.17   	28.63     	17.5941   	10.2601   	9.73909   	9.80067   
13.600000	1225.32   	1206.6    	1203.03   	1203.02   	28.724    	17.6467   	10.2926   	9.7684    	9.83183   
13.625000	1229.25   	1210.43   	1206.88   	1206.87   	28.818    	17.6994   	10.325    	9.7977    	9.86298   
13.650000	1233.17   	1214.25   	1210.73   	1210.72   	28.9119   	17.752    	10.3575   	9.82701   	9.89413   
13.675000	1237.1    	1218.08   	1214.57   	1214.57   	29.0059   	17.8046   	10.3899   	9.85631   	9.92529   
13.700000	1241.03   	1221.91   	1218.42   	1218.42   	29.0998   	17.8573   	10.4224   	9.88562   	9.95644   
13.725000	1244.95   	1225.74   	1222.27   	1222.26   	29.1938   	17.9099   	10.4548   	9.91492   	9.98759   
13.750000	1248.88   	1229.57   	1226.12   	1226.11   	29.2878   	17.9626   	10.4873   	9.94423   	10.0187   
13.775000	1252.81   	1233.39   	1229.97   	1229.96   	29.3817   	18.0152   	10.5197   	9.97353   	10.0499   
13.800000	1256.74   	1237.22   	1233.81   	1233.81   	29.4757   	18.0678   	10.5522   	10.0028   	10.0811   
13.825000	1260.66   	1241.05   	1237.66   	1237.66   	29.5697   	18.1205   	10.5846   	10.0321   	10.1122   
13.850000	1264.59   	1244.88   	1241.51   	1241.5    	29.6636   	18.1731   	10.6171   	10.0614   	10.1434   
13.875000	1268.52   	1248.71   	1245.36   	1245.35   	29.7576   	18.2258   	10.6496   	10.0908   	10.1745   
13.900000	1272.44   	1252.53   	1249.21   	1249.2    	29.8516   	18.2784   	10.682    	10.1201   	10.2057   
13.925000	1276.37   	1256.36   	1253.05   	1253.05   	29.9455   	18.3311   	10.7145   	10.1494   	10.2368   
13.950000	1280.3    	1260.19   	1256.9    	1256.9    	30.0395   	18.3837   	10.7469   	10.1787   	10.268    
13.975000	1284.23   	1264.02   	1260.75   	1260.75   	30.1334   	18.4363   	10.7794   	10.208    	10.2991   
14.000000	1288.15   	1267.84   	1264.6    	1264.59   	30.2274   	18.489    	10.8118   	10.2373   	10.3303   
14.025000	1292.31   	1271.89   	1268.67   	1268.67   	30.3273   	18.5444   	10.8462   	10.2681   	10.3633   
14.050000	1296.46   	1275.94   	1272.75   	1272.74   	30.4271   	18.5998   	10.8805   	10.299    	10.3963   
14.075000	1300.61   	1279.99   	1276.82   	1276.81   	30.5269   	18.6552   	10.9149   	10.3298   	10.4293   
14.100000	1304.77   	1284.03   	1280.89   	1280.89   	30.6268   	18.7106   	10.9493   	10.3607   	10.4623   
14.125000	1308.92   	1288.08   	1284.97   	1284.96   	30.7266   	18.766    	10.9836   	10.3915   	10.4953   
14.150000	1313.08   	1292.13   	1289.04   	1289.03   	30.8265   	18.8213   	11.018    	10.4224   	10.5283   
14.175000	1317.23   	1296.17   	1293.11   	1293.11   	30.9263   	18.8767   	11.0523   	10.4532   	10.5613   
14.200000	1321.38   	1300.22   	1297.19   	1297.18   	31.0262   	18.9321   	11.0867   	10.4841   	10.5943   
14.225000	1325.54   	1304.27   	1301.26   	1301.25   	31.126    	18.9875   	11.1211   	10.5149   	10.6273   
14.250000	1329.69   	1308.32   	1305.33   	1305.33   	31.2259   	19.0429   	11.1554   	10.5458   	10.6603   
14.275000	1333.84   	1312.36   	1309.41   	1309.4    	31.3257   	19.0983   	11.1898   	10.5766   	10.6933   
14.300000	1338      	1316.41   	1313.48   	1313.47   	31.4255   	19.1537   	11.2241   	10.6075   	10.7263   
14.325000	1342.15   	1320.46   	1317.55   	1317.55   	31.5254   	19.2091   	11.2585   	10.6383   	10.7593   
