Energy (MeV/u)	0 - [He-base] F.Hubert et al, AD&ND Tables 46(1990)1	1 - [H -base] J.F.Ziegler et al, Pergamon Press, NY (low energy)	2 - ATIMA 1.2  LS-theory (recommended for high energy)	3 - ATIMA 1.2  without LS-correction	4 - Range straggling - method [0] - LISE	5 - Range straggling - method [1] - Atima	6 - Lateral range - method [0] - LISE	7 - Lateral range - method [1] - Atima	8 - Lateral range - method [2] - PDG
0.000000	-	-	-	-	-	-	-	-	-
0.002500	0.0572999 	0.0589533 	0.035777  	0.035777  	0.00208437	0.00208437	6.97131e-05	0.000119244	4.5646e-05
0.005000	0.10311   	0.107084  	0.0665675 	0.0665675 	0.00237726	0.00237726	0.000168391	0.000282459	0.000113878
0.007500	0.140321  	0.14618   	0.0930541 	0.0930541 	0.00238973	0.00238973	0.000279422	0.000461408	0.00019353
0.010000	0.174409  	0.181996  	0.117919  	0.117919  	0.00244616	0.00244616	0.000396352	0.000647953	0.00027854
0.012500	0.203507  	0.212567  	0.140547  	0.140547  	0.00259257	0.00259257	0.000522665	0.000846611	0.00037202
0.015000	0.232604  	0.243139  	0.163175  	0.163175  	0.00273898	0.00273898	0.000648979	0.00104527	0.000465499
0.017500	0.257451  	0.269244  	0.184001  	0.184001  	0.00294677	0.00294677	0.000783953	0.00125495	0.000566854
0.020000	0.282297  	0.295349  	0.204827  	0.204827  	0.00315456	0.00315456	0.000918928	0.00146463	0.000668209
0.022500	0.304481  	0.318657  	0.224401  	0.224401  	0.00338113	0.00338113	0.00106081	0.00168305	0.000775858
0.025000	0.326665  	0.341965  	0.243975  	0.243975  	0.00360771	0.00360771	0.00120269	0.00190146	0.000883506
0.027500	0.34705   	0.363383  	0.262872  	0.262872  	0.00384427	0.00384427	0.00135302	0.00213092	0.000998631
0.030000	0.367434  	0.3848    	0.281769  	0.281769  	0.00408083	0.00408083	0.00150335	0.00236037	0.00111376
0.032500	0.386555  	0.40489   	0.300426  	0.300426  	0.00432854	0.00432854	0.00166451	0.00260434	0.00123828
0.035000	0.405677  	0.42498   	0.319083  	0.319083  	0.00457625	0.00457625	0.00182567	0.00284831	0.0013628 
0.037500	0.423898  	0.444124  	0.337602  	0.337602  	0.0048307 	0.0048307 	0.00199793	0.00310726	0.00149686
0.040000	0.442119  	0.463268  	0.356121  	0.356121  	0.00508515	0.00508515	0.00217019	0.0033662 	0.00163093
0.042500	0.459701  	0.481741  	0.37458   	0.37458   	0.00534434	0.00534434	0.00235379	0.00364048	0.00177472
0.045000	0.477284  	0.500215  	0.393039  	0.393039  	0.00560352	0.00560352	0.0025374 	0.00391476	0.00191852
0.047500	0.494426  	0.518225  	0.411498  	0.411498  	0.00586663	0.00605425	0.00273251	0.0042046 	0.00207218
0.050000	0.511567  	0.536235  	0.429957  	0.429957  	0.00612975	0.00650497	0.00292763	0.00449444	0.00222584
0.052500	0.528421  	0.553943  	0.448466  	0.448466  	0.0063966 	0.00701852	0.0031346 	0.00480029	0.00238965
0.055000	0.545276  	0.571651  	0.466974  	0.466974  	0.00666346	0.00753206	0.00334157	0.00510614	0.00255345
0.057500	0.561966  	0.589187  	0.485573  	0.485573  	0.00693418	0.00800803	0.00355641	0.00542211	0.00272425
0.060000	0.578655  	0.606722  	0.504171  	0.504171  	0.0072049 	0.00848399	0.00377124	0.00573809	0.00289504
0.062500	0.59529   	0.624199  	0.522968  	0.522968  	0.00748201	0.0089269 	0.00396302	0.00601854	0.00304829
0.065000	0.611925  	0.641677  	0.541765  	0.541765  	0.00775911	0.0093698 	0.00415479	0.006299  	0.00320155
0.067500	0.628559  	0.659154  	0.560562  	0.560562  	0.00803621	0.0098127 	0.00434656	0.00657945	0.0033548 
0.070000	0.645194  	0.676631  	0.579359  	0.579359  	0.00831331	0.0102556 	0.00453833	0.0068599 	0.00350805
0.072500	0.661996  	0.694285  	0.598506  	0.598506  	0.00860009	0.0106747 	0.004711  	0.00711047	0.00364699
0.075000	0.678798  	0.711938  	0.617653  	0.617653  	0.00888687	0.0110938 	0.00488366	0.00736104	0.00378594
0.077500	0.6956    	0.729592  	0.6368    	0.6368    	0.00917365	0.0115129 	0.00505633	0.00761161	0.00392488
0.080000	0.712403  	0.747245  	0.655947  	0.655947  	0.00946043	0.011932  	0.00522899	0.00786218	0.00406382
0.082500	0.729585  	0.765298  	0.675521  	0.675521  	0.00975824	0.0123407 	0.00539062	0.00809494	0.00419475
0.085000	0.746767  	0.783351  	0.695096  	0.695096  	0.0100561 	0.0127493 	0.00555224	0.00832771	0.00432568
0.087500	0.763949  	0.801403  	0.71467   	0.71467   	0.0103539 	0.013158  	0.00571387	0.00856047	0.00445661
0.090000	0.781131  	0.819456  	0.734244  	0.734244  	0.0106517 	0.0135666 	0.00587549	0.00879324	0.00458754
0.092500	0.798841  	0.838063  	0.754302  	0.754302  	0.0109617 	0.0139722 	0.00603054	0.00901492	0.00471392
0.095000	0.816551  	0.85667   	0.77436   	0.77436   	0.0112717 	0.0143779 	0.00618559	0.0092366 	0.0048403 
0.097500	0.834262  	0.875278  	0.794419  	0.794419  	0.0115817 	0.0147835 	0.00634064	0.00945828	0.00496668
0.100000	0.851972  	0.893885  	0.814477  	0.814477  	0.0118917 	0.0151892 	0.00649569	0.00967996	0.00509306
0.102500	0.870659  	0.913519  	0.83534   	0.83534   	0.0122216 	0.0155987 	0.0066461 	0.00989291	0.00521664
0.105000	0.889346  	0.933153  	0.856203  	0.856203  	0.0125515 	0.0160083 	0.0067965 	0.0101059 	0.00534021
0.107500	0.908033  	0.952787  	0.877065  	0.877065  	0.0128814 	0.0164178 	0.00694691	0.0103188 	0.00546378
0.110000	0.92672   	0.97242   	0.897928  	0.897928  	0.0132113 	0.0168274 	0.00709731	0.0105318 	0.00558736
0.112500	0.945407  	0.992054  	0.918791  	0.918791  	0.0135413 	0.0172369 	0.00724771	0.0107447 	0.00571093
0.115000	0.964094  	1.01169   	0.939654  	0.939654  	0.0138712 	0.0176465 	0.00739812	0.0109577 	0.00583451
0.117500	0.982781  	1.03132   	0.960517  	0.960517  	0.0142011 	0.0180561 	0.00754852	0.0111706 	0.00595808
0.120000	1.00147   	1.05096   	0.981379  	0.981379  	0.014531  	0.0184656 	0.00769893	0.0113836 	0.00608165
0.122500	1.02162   	1.07212   	1.00339   	1.00339   	0.0148892 	0.0188878 	0.00784653	0.0115901 	0.0062041 
0.125000	1.04177   	1.09329   	1.02541   	1.02541   	0.0152473 	0.0193101 	0.00799414	0.0117965 	0.00632656
0.127500	1.06191   	1.11446   	1.04743   	1.04743   	0.0156054 	0.0197323 	0.00814175	0.0120029 	0.00644901
0.130000	1.08206   	1.13563   	1.06944   	1.06944   	0.0159635 	0.0201545 	0.00828935	0.0122094 	0.00657146
0.132500	1.10221   	1.1568    	1.09146   	1.09146   	0.0163216 	0.0205768 	0.00843696	0.0124158 	0.00669391
0.135000	1.12236   	1.17797   	1.11347   	1.11347   	0.0166797 	0.020999  	0.00858456	0.0126223 	0.00681636
0.137500	1.14251   	1.19914   	1.13549   	1.13549   	0.0170379 	0.0214212 	0.00873217	0.0128287 	0.00693881
0.140000	1.16266   	1.22031   	1.1575    	1.1575    	0.017396  	0.0218435 	0.00887978	0.0130352 	0.00706126
0.142500	1.18432   	1.24308   	1.18072   	1.18072   	0.017783  	0.0222945 	0.00902738	0.0132393 	0.00718475
0.145000	1.20599   	1.26584   	1.20393   	1.20393   	0.01817   	0.0227456 	0.00917498	0.0134434 	0.00730824
0.147500	1.22766   	1.28861   	1.22715   	1.22715   	0.018557  	0.0231966 	0.00932259	0.0136476 	0.00743174
0.150000	1.24933   	1.31137   	1.25037   	1.25037   	0.018944  	0.0236477 	0.00947019	0.0138517 	0.00755523
0.152500	1.271     	1.33414   	1.27358   	1.27358   	0.019331  	0.0240987 	0.0096178 	0.0140558 	0.00767872
0.155000	1.29266   	1.3569    	1.2968    	1.2968    	0.019718  	0.0245498 	0.0097654 	0.01426   	0.00780221
0.157500	1.31433   	1.37967   	1.32001   	1.32001   	0.020105  	0.0250008 	0.00991301	0.0144641 	0.0079257 
0.160000	1.336     	1.40244   	1.34323   	1.34323   	0.020492  	0.0254519 	0.0100606 	0.0146682 	0.00804919
0.162500	1.35916   	1.42677   	1.36766   	1.36766   	0.0209076 	0.0259564 	0.0102103 	0.0148733 	0.00817535
0.165000	1.38232   	1.4511    	1.39209   	1.39209   	0.0213232 	0.0264609 	0.0103601 	0.0150783 	0.0083015 
0.167500	1.40548   	1.47544   	1.41652   	1.41652   	0.0217388 	0.0269654 	0.0105098 	0.0152834 	0.00842766
0.170000	1.42864   	1.49977   	1.44094   	1.44094   	0.0221543 	0.0274699 	0.0106595 	0.0154884 	0.00855381
0.172500	1.4518    	1.5241    	1.46537   	1.46537   	0.0225699 	0.0279744 	0.0108093 	0.0156934 	0.00867997
0.175000	1.47496   	1.54844   	1.4898    	1.4898    	0.0229855 	0.0284789 	0.010959  	0.0158985 	0.00880612
0.177500	1.49812   	1.57277   	1.51423   	1.51423   	0.0234011 	0.0289834 	0.0111087 	0.0161035 	0.00893228
0.180000	1.52128   	1.5971    	1.53866   	1.53866   	0.0238167 	0.029488  	0.0112584 	0.0163086 	0.00905844
0.182500	1.54587   	1.62293   	1.56429   	1.56429   	0.02426   	0.0300342 	0.0114104 	0.0165146 	0.0091873 
0.185000	1.57045   	1.64876   	1.58992   	1.58992   	0.0247033 	0.0305804 	0.0115623 	0.0167207 	0.00931616
0.187500	1.59504   	1.6746    	1.61556   	1.61556   	0.0251466 	0.0311266 	0.0117142 	0.0169268 	0.00944502
0.190000	1.61962   	1.70043   	1.64119   	1.64119   	0.0255899 	0.0316729 	0.0118662 	0.0171329 	0.00957388
0.192500	1.64421   	1.72626   	1.66682   	1.66682   	0.0260332 	0.0322191 	0.0120181 	0.017339  	0.00970274
0.195000	1.66879   	1.75209   	1.69245   	1.69245   	0.0264765 	0.0327653 	0.01217   	0.017545  	0.0098316 
0.197500	1.69338   	1.77792   	1.71809   	1.71809   	0.0269198 	0.0333116 	0.0123219 	0.0177511 	0.00996046
0.200000	1.71796   	1.80375   	1.74372   	1.74372   	0.0273631 	0.0338578 	0.0124739 	0.0179572 	0.0100893 
0.202500	1.74484   	1.83199   	1.7714    	1.7714    	0.0278519 	0.0344559 	0.0126329 	0.0181701 	0.0102253 
0.205000	1.77172   	1.86023   	1.79908   	1.79908   	0.0283406 	0.0350541 	0.0127919 	0.0183831 	0.0103613 
0.207500	1.79859   	1.88847   	1.82676   	1.82676   	0.0288294 	0.0356522 	0.012951  	0.0185961 	0.0104973 
0.210000	1.82547   	1.9167    	1.85444   	1.85444   	0.0293181 	0.0362504 	0.01311   	0.018809  	0.0106334 
0.212500	1.85235   	1.94494   	1.88212   	1.88212   	0.0298069 	0.0368485 	0.013269  	0.019022  	0.0107694 
0.215000	1.87922   	1.97318   	1.90981   	1.90981   	0.0302957 	0.0374467 	0.0134281 	0.0192349 	0.0109054 
0.217500	1.9061    	2.00142   	1.93749   	1.93749   	0.0307844 	0.0380448 	0.0135871 	0.0194479 	0.0110414 
0.220000	1.93297   	2.02965   	1.96517   	1.96517   	0.0312732 	0.038643  	0.0137461 	0.0196609 	0.0111774 
0.222500	1.95985   	2.05789   	1.99285   	1.99285   	0.0317619 	0.0392411 	0.0139051 	0.0198738 	0.0113134 
0.225000	1.98673   	2.08613   	2.02053   	2.02053   	0.0322507 	0.0398392 	0.0140642 	0.0200868 	0.0114494 
0.227500	2.0136    	2.11437   	2.04821   	2.04821   	0.0327394 	0.0404374 	0.0142232 	0.0202997 	0.0115854 
0.230000	2.04048   	2.14261   	2.07589   	2.07589   	0.0332282 	0.0410355 	0.0143822 	0.0205127 	0.0117214 
0.232500	2.06736   	2.17084   	2.10357   	2.10357   	0.0337169 	0.0416337 	0.0145413 	0.0207256 	0.0118574 
0.235000	2.09423   	2.19908   	2.13125   	2.13125   	0.0342057 	0.0422318 	0.0147003 	0.0209386 	0.0119934 
0.237500	2.12111   	2.22732   	2.15893   	2.15893   	0.0346944 	0.04283   	0.0148593 	0.0211516 	0.0121294 
0.240000	2.14798   	2.25556   	2.18661   	2.18661   	0.0351832 	0.0434281 	0.0150183 	0.0213645 	0.0122654 
0.242500	2.17486   	2.2838    	2.2143    	2.2143    	0.0356719 	0.0440263 	0.0151774 	0.0215775 	0.0124014 
0.245000	2.20174   	2.31203   	2.24198   	2.24198   	0.0361607 	0.0446244 	0.0153364 	0.0217904 	0.0125374 
0.247500	2.22861   	2.34027   	2.26966   	2.26966   	0.0366494 	0.0452225 	0.0154954 	0.0220034 	0.0126734 
0.250000	2.25549   	2.36851   	2.29734   	2.29734   	0.0371382 	0.0458207 	0.0156544 	0.0222163 	0.0128095 
0.252500	2.2853    	2.39983   	2.32781   	2.32781   	0.0376861 	0.046471  	0.0158232 	0.0224386 	0.0129552 
0.255000	2.3151    	2.43114   	2.35828   	2.35828   	0.038234  	0.0471213 	0.0159919 	0.0226609 	0.0131009 
0.257500	2.34491   	2.46246   	2.38875   	2.38875   	0.038782  	0.0477715 	0.0161606 	0.0228832 	0.0132466 
0.260000	2.37472   	2.49378   	2.41922   	2.41922   	0.0393299 	0.0484218 	0.0163293 	0.0231055 	0.0133923 
0.262500	2.40453   	2.5251    	2.44969   	2.44969   	0.0398778 	0.0490721 	0.016498  	0.0233278 	0.013538  
0.265000	2.43433   	2.55641   	2.48016   	2.48016   	0.0404257 	0.0497224 	0.0166667 	0.0235501 	0.0136837 
0.267500	2.46414   	2.58773   	2.51063   	2.51063   	0.0409737 	0.0503727 	0.0168354 	0.0237724 	0.0138295 
0.270000	2.49395   	2.61905   	2.5411    	2.5411    	0.0415216 	0.051023  	0.0170041 	0.0239947 	0.0139752 
0.272500	2.52376   	2.65037   	2.57157   	2.57157   	0.0420695 	0.0516733 	0.0171728 	0.024217  	0.0141209 
0.275000	2.55356   	2.68168   	2.60204   	2.60204   	0.0426174 	0.0523235 	0.0173415 	0.0244393 	0.0142666 
0.277500	2.58337   	2.713     	2.63251   	2.63251   	0.0431654 	0.0529738 	0.0175102 	0.0246616 	0.0144123 
0.280000	2.61318   	2.74432   	2.66298   	2.66298   	0.0437133 	0.0536241 	0.0176789 	0.0248839 	0.014558  
0.282500	2.64299   	2.77564   	2.69345   	2.69345   	0.0442612 	0.0542744 	0.0178476 	0.0251062 	0.0147038 
0.285000	2.67279   	2.80696   	2.72392   	2.72392   	0.0448091 	0.0549247 	0.0180163 	0.0253285 	0.0148495 
0.287500	2.7026    	2.83827   	2.75439   	2.75439   	0.0453571 	0.055575  	0.018185  	0.0255507 	0.0149952 
0.290000	2.73241   	2.86959   	2.78486   	2.78486   	0.045905  	0.0562253 	0.0183538 	0.025773  	0.0151409 
0.292500	2.76222   	2.90091   	2.81533   	2.81533   	0.0464529 	0.0568755 	0.0185225 	0.0259953 	0.0152866 
0.295000	2.79202   	2.93223   	2.8458    	2.8458    	0.0470008 	0.0575258 	0.0186912 	0.0262176 	0.0154323 
0.297500	2.82183   	2.96354   	2.87627   	2.87627   	0.0475488 	0.0581761 	0.0188599 	0.0264399 	0.0155781 
0.300000	2.85164   	2.99486   	2.90674   	2.90674   	0.0480967 	0.0588264 	0.0190286 	0.0266622 	0.0157238 
0.302500	2.88407   	3.02893   	2.93984   	2.93984   	0.048698  	0.0595144 	0.0192063 	0.026893  	0.0158785 
0.305000	2.9165    	3.063     	2.97294   	2.97294   	0.0492993 	0.0602025 	0.0193839 	0.0271239 	0.0160332 
0.307500	2.94892   	3.09707   	3.00604   	3.00604   	0.0499006 	0.0608905 	0.0195616 	0.0273547 	0.0161879 
0.310000	2.98135   	3.13114   	3.03913   	3.03913   	0.0505019 	0.0615785 	0.0197393 	0.0275855 	0.0163426 
0.312500	3.01378   	3.16522   	3.07223   	3.07223   	0.0511031 	0.0622665 	0.019917  	0.0278164 	0.0164973 
0.315000	3.04621   	3.19929   	3.10533   	3.10533   	0.0517044 	0.0629546 	0.0200946 	0.0280472 	0.016652  
0.317500	3.07864   	3.23336   	3.13842   	3.13842   	0.0523057 	0.0636426 	0.0202723 	0.028278  	0.0168067 
0.320000	3.11106   	3.26743   	3.17152   	3.17152   	0.052907  	0.0643306 	0.02045   	0.0285089 	0.0169614 
0.322500	3.14349   	3.3015    	3.20462   	3.20462   	0.0535083 	0.0650187 	0.0206277 	0.0287397 	0.0171161 
0.325000	3.17592   	3.33557   	3.23772   	3.23772   	0.0541096 	0.0657067 	0.0208053 	0.0289705 	0.0172709 
0.327500	3.20835   	3.36964   	3.27081   	3.27081   	0.0547109 	0.0663947 	0.020983  	0.0292013 	0.0174256 
0.330000	3.24078   	3.40371   	3.30391   	3.30391   	0.0553122 	0.0670828 	0.0211607 	0.0294322 	0.0175803 
0.332500	3.2732    	3.43778   	3.33701   	3.33701   	0.0559135 	0.0677708 	0.0213384 	0.029663  	0.017735  
0.335000	3.30563   	3.47185   	3.37011   	3.37011   	0.0565148 	0.0684588 	0.021516  	0.0298938 	0.0178897 
0.337500	3.33806   	3.50593   	3.4032    	3.4032    	0.0571161 	0.0691468 	0.0216937 	0.0301247 	0.0180444 
0.340000	3.37049   	3.54      	3.4363    	3.4363    	0.0577173 	0.0698349 	0.0218714 	0.0303555 	0.0181991 
0.342500	3.40292   	3.57407   	3.4694    	3.4694    	0.0583186 	0.0705229 	0.0220491 	0.0305863 	0.0183538 
0.345000	3.43535   	3.60814   	3.5025    	3.5025    	0.0589199 	0.0712109 	0.0222267 	0.0308172 	0.0185085 
0.347500	3.46777   	3.64221   	3.53559   	3.53559   	0.0595212 	0.071899  	0.0224044 	0.031048  	0.0186632 
0.350000	3.5002    	3.67628   	3.56869   	3.56869   	0.0601225 	0.072587  	0.0225821 	0.0312788 	0.0188179 
0.352500	3.53505   	3.7129    	3.60428   	3.60428   	0.0607731 	0.0733057 	0.0227692 	0.0315192 	0.0189818 
0.355000	3.5699    	3.74951   	3.63987   	3.63987   	0.0614238 	0.0740244 	0.0229563 	0.0317595 	0.0191457 
0.357500	3.60475   	3.78613   	3.67546   	3.67546   	0.0620744 	0.074743  	0.0231434 	0.0319998 	0.0193096 
0.360000	3.6396    	3.82274   	3.71105   	3.71105   	0.062725  	0.0754617 	0.0233305 	0.0322402 	0.0194736 
0.362500	3.67445   	3.85936   	3.74665   	3.74665   	0.0633757 	0.0761804 	0.0235176 	0.0324805 	0.0196375 
0.365000	3.7093    	3.89597   	3.78224   	3.78224   	0.0640263 	0.0768991 	0.0237047 	0.0327208 	0.0198014 
0.367500	3.74415   	3.93259   	3.81783   	3.81783   	0.0646769 	0.0776178 	0.0238918 	0.0329612 	0.0199653 
0.370000	3.779     	3.9692    	3.85342   	3.85342   	0.0653276 	0.0783365 	0.0240789 	0.0332015 	0.0201292 
0.372500	3.81385   	4.00582   	3.88901   	3.88901   	0.0659782 	0.0790552 	0.024266  	0.0334418 	0.0202931 
0.375000	3.8487    	4.04243   	3.9246    	3.9246    	0.0666288 	0.0797739 	0.0244531 	0.0336822 	0.020457  
0.377500	3.88355   	4.07905   	3.96019   	3.96019   	0.0672795 	0.0804925 	0.0246402 	0.0339225 	0.0206209 
0.380000	3.9184    	4.11567   	3.99578   	3.99578   	0.0679301 	0.0812112 	0.0248273 	0.0341628 	0.0207848 
0.382500	3.95325   	4.15228   	4.03137   	4.03137   	0.0685807 	0.0819299 	0.0250144 	0.0344032 	0.0209487 
0.385000	3.9881    	4.1889    	4.06696   	4.06696   	0.0692314 	0.0826486 	0.0252015 	0.0346435 	0.0211126 
0.387500	4.02295   	4.22551   	4.10256   	4.10256   	0.069882  	0.0833673 	0.0253886 	0.0348838 	0.0212765 
0.390000	4.0578    	4.26213   	4.13815   	4.13815   	0.0705326 	0.084086  	0.0255757 	0.0351242 	0.0214404 
0.392500	4.09265   	4.29874   	4.17374   	4.17374   	0.0711833 	0.0848047 	0.0257628 	0.0353645 	0.0216043 
0.395000	4.1275    	4.33536   	4.20933   	4.20933   	0.0718339 	0.0855234 	0.0259499 	0.0356049 	0.0217682 
0.397500	4.16235   	4.37197   	4.24492   	4.24492   	0.0724845 	0.086242  	0.026137  	0.0358452 	0.0219321 
0.400000	4.1972    	4.40859   	4.28051   	4.28051   	0.0731352 	0.0869607 	0.0263241 	0.0360855 	0.0220961 
0.402500	4.23434   	4.44761   	4.31849   	4.31849   	0.0738325 	0.0877064 	0.02652   	0.0363346 	0.0222686 
0.405000	4.27149   	4.48664   	4.35647   	4.35647   	0.0745298 	0.0884521 	0.0267159 	0.0365837 	0.0224411 
0.407500	4.30863   	4.52567   	4.39445   	4.39445   	0.0752271 	0.0891977 	0.0269118 	0.0368328 	0.0226136 
0.410000	4.34577   	4.56469   	4.43243   	4.43243   	0.0759244 	0.0899434 	0.0271077 	0.0370819 	0.0227861 
0.412500	4.38292   	4.60372   	4.47041   	4.47041   	0.0766218 	0.0906891 	0.0273036 	0.037331  	0.0229586 
0.415000	4.42006   	4.64275   	4.50839   	4.50839   	0.0773191 	0.0914347 	0.0274995 	0.0375801 	0.0231311 
0.417500	4.45721   	4.68177   	4.54638   	4.54638   	0.0780164 	0.0921804 	0.0276955 	0.0378292 	0.0233037 
0.420000	4.49435   	4.7208    	4.58436   	4.58436   	0.0787137 	0.0929261 	0.0278914 	0.0380783 	0.0234762 
0.422500	4.5315    	4.75982   	4.62234   	4.62234   	0.079411  	0.0936717 	0.0280873 	0.0383274 	0.0236487 
0.425000	4.56864   	4.79885   	4.66032   	4.66032   	0.0801084 	0.0944174 	0.0282832 	0.0385765 	0.0238212 
0.427500	4.60578   	4.83788   	4.6983    	4.6983    	0.0808057 	0.0951631 	0.0284791 	0.0388256 	0.0239937 
0.430000	4.64293   	4.8769    	4.73628   	4.73628   	0.081503  	0.0959087 	0.028675  	0.0390747 	0.0241662 
0.432500	4.68007   	4.91593   	4.77426   	4.77426   	0.0822003 	0.0966544 	0.0288709 	0.0393238 	0.0243388 
0.435000	4.71722   	4.95495   	4.81224   	4.81224   	0.0828976 	0.0974001 	0.0290668 	0.0395729 	0.0245113 
0.437500	4.75436   	4.99398   	4.85022   	4.85022   	0.083595  	0.0981457 	0.0292627 	0.039822  	0.0246838 
0.440000	4.79151   	5.03301   	4.8882    	4.8882    	0.0842923 	0.0988914 	0.0294586 	0.0400711 	0.0248563 
0.442500	4.82865   	5.07203   	4.92618   	4.92618   	0.0849896 	0.0996371 	0.0296545 	0.0403202 	0.0250288 
0.445000	4.86579   	5.11106   	4.96416   	4.96416   	0.0856869 	0.100383  	0.0298504 	0.0405693 	0.0252013 
0.447500	4.90294   	5.15008   	5.00214   	5.00214   	0.0863842 	0.101128  	0.0300463 	0.0408184 	0.0253739 
0.450000	4.94008   	5.18911   	5.04012   	5.04012   	0.0870816 	0.101874  	0.0302423 	0.0410675 	0.0255464 
0.452500	4.97944   	5.23046   	5.08041   	5.08041   	0.0878238 	0.102645  	0.0304467 	0.041325  	0.0257272 
0.455000	5.01879   	5.27181   	5.1207    	5.1207    	0.0885661 	0.103415  	0.0306511 	0.0415825 	0.025908  
0.457500	5.05814   	5.31315   	5.16099   	5.16099   	0.0893083 	0.104186  	0.0308555 	0.04184   	0.0260888 
0.460000	5.0975    	5.3545    	5.20128   	5.20128   	0.0900506 	0.104957  	0.0310599 	0.0420976 	0.0262697 
0.462500	5.13685   	5.39585   	5.24157   	5.24157   	0.0907929 	0.105727  	0.0312643 	0.0423551 	0.0264505 
0.465000	5.17621   	5.4372    	5.28186   	5.28186   	0.0915351 	0.106498  	0.0314688 	0.0426126 	0.0266313 
0.467500	5.21556   	5.47855   	5.32215   	5.32215   	0.0922774 	0.107269  	0.0316732 	0.0428702 	0.0268121 
0.470000	5.25492   	5.51989   	5.36243   	5.36243   	0.0930197 	0.10804   	0.0318776 	0.0431277 	0.026993  
0.472500	5.29427   	5.56124   	5.40272   	5.40272   	0.0937619 	0.10881   	0.032082  	0.0433852 	0.0271738 
0.475000	5.33362   	5.60259   	5.44301   	5.44301   	0.0945042 	0.109581  	0.0322864 	0.0436428 	0.0273546 
0.477500	5.37298   	5.64394   	5.4833    	5.4833    	0.0952464 	0.110352  	0.0324909 	0.0439003 	0.0275354 
0.480000	5.41233   	5.68529   	5.52359   	5.52359   	0.0959887 	0.111122  	0.0326953 	0.0441578 	0.0277163 
0.482500	5.45169   	5.72663   	5.56388   	5.56388   	0.096731  	0.111893  	0.0328997 	0.0444153 	0.0278971 
0.485000	5.49104   	5.76798   	5.60417   	5.60417   	0.0974732 	0.112664  	0.0331041 	0.0446729 	0.0280779 
0.487500	5.5304    	5.80933   	5.64446   	5.64446   	0.0982155 	0.113434  	0.0333085 	0.0449304 	0.0282587 
0.490000	5.56975   	5.85068   	5.68474   	5.68474   	0.0989578 	0.114205  	0.0335129 	0.0451879 	0.0284396 
0.492500	5.6091    	5.89203   	5.72503   	5.72503   	0.0997    	0.114976  	0.0337174 	0.0454455 	0.0286204 
0.495000	5.64846   	5.93337   	5.76532   	5.76532   	0.100442  	0.115746  	0.0339218 	0.045703  	0.0288012 
0.497500	5.68781   	5.97472   	5.80561   	5.80561   	0.101185  	0.116517  	0.0341262 	0.0459605 	0.028982  
0.500000	5.72717   	6.01607   	5.8459    	5.8459    	0.101927  	0.117288  	0.0343306 	0.0462181 	0.0291629 
0.502500	5.76973   	6.06079   	5.88953   	5.88953   	0.102734  	0.118094  	0.0345474 	0.0464879 	0.0293558 
0.505000	5.81229   	6.1055    	5.93316   	5.93316   	0.103542  	0.118901  	0.0347643 	0.0467578 	0.0295486 
0.507500	5.85485   	6.15022   	5.97679   	5.97679   	0.104349  	0.119707  	0.0349811 	0.0470276 	0.0297415 
0.510000	5.89741   	6.19494   	6.02042   	6.02042   	0.105157  	0.120513  	0.0351979 	0.0472975 	0.0299344 
0.512500	5.93997   	6.23965   	6.06405   	6.06405   	0.105965  	0.12132   	0.0354147 	0.0475674 	0.0301273 
0.515000	5.98253   	6.28437   	6.10767   	6.10767   	0.106772  	0.122126  	0.0356316 	0.0478372 	0.0303202 
0.517500	6.02509   	6.32909   	6.1513    	6.1513    	0.10758   	0.122932  	0.0358484 	0.0481071 	0.0305131 
0.520000	6.06765   	6.3738    	6.19493   	6.19493   	0.108387  	0.123739  	0.0360652 	0.0483769 	0.030706  
0.522500	6.11021   	6.41852   	6.23856   	6.23856   	0.109195  	0.124545  	0.036282  	0.0486468 	0.0308989 
0.525000	6.15277   	6.46323   	6.28219   	6.28219   	0.110002  	0.125351  	0.0364989 	0.0489167 	0.0310918 
0.527500	6.19533   	6.50795   	6.32582   	6.32582   	0.11081   	0.126158  	0.0367157 	0.0491865 	0.0312846 
0.530000	6.23789   	6.55267   	6.36945   	6.36945   	0.111617  	0.126964  	0.0369325 	0.0494564 	0.0314775 
0.532500	6.28045   	6.59738   	6.41308   	6.41308   	0.112425  	0.127771  	0.0371493 	0.0497263 	0.0316704 
0.535000	6.32301   	6.6421    	6.45671   	6.45671   	0.113232  	0.128577  	0.0373662 	0.0499961 	0.0318633 
0.537500	6.36557   	6.68682   	6.50034   	6.50034   	0.11404   	0.129383  	0.037583  	0.050266  	0.0320562 
0.540000	6.40813   	6.73153   	6.54397   	6.54397   	0.114848  	0.13019   	0.0377998 	0.0505358 	0.0322491 
0.542500	6.45069   	6.77625   	6.58759   	6.58759   	0.115655  	0.130996  	0.0380166 	0.0508057 	0.032442  
0.545000	6.49325   	6.82096   	6.63122   	6.63122   	0.116463  	0.131802  	0.0382335 	0.0510756 	0.0326349 
0.547500	6.53581   	6.86568   	6.67485   	6.67485   	0.11727   	0.132609  	0.0384503 	0.0513454 	0.0328278 
0.550000	6.57837   	6.9104    	6.71848   	6.71848   	0.118078  	0.133415  	0.0386671 	0.0516153 	0.0330206 
0.552500	6.62093   	6.95511   	6.76211   	6.76211   	0.118885  	0.134222  	0.0388839 	0.0518851 	0.0332135 
0.555000	6.66349   	6.99983   	6.80574   	6.80574   	0.119693  	0.135028  	0.0391008 	0.052155  	0.0334064 
0.557500	6.70605   	7.04455   	6.84937   	6.84937   	0.1205    	0.135834  	0.0393176 	0.0524249 	0.0335993 
0.560000	6.74861   	7.08926   	6.893     	6.893     	0.121308  	0.136641  	0.0395344 	0.0526947 	0.0337922 
0.562500	6.79117   	7.13398   	6.93663   	6.93663   	0.122115  	0.137447  	0.0397513 	0.0529646 	0.0339851 
0.565000	6.83373   	7.1787    	6.98026   	6.98026   	0.122923  	0.138253  	0.0399681 	0.0532344 	0.034178  
0.567500	6.87629   	7.22341   	7.02389   	7.02389   	0.123731  	0.13906   	0.0401849 	0.0535043 	0.0343709 
0.570000	6.91885   	7.26813   	7.06751   	7.06751   	0.124538  	0.139866  	0.0404017 	0.0537742 	0.0345638 
0.572500	6.96141   	7.31284   	7.11114   	7.11114   	0.125346  	0.140672  	0.0406186 	0.054044  	0.0347566 
0.575000	7.00397   	7.35756   	7.15477   	7.15477   	0.126153  	0.141479  	0.0408354 	0.0543139 	0.0349495 
0.577500	7.04653   	7.40228   	7.1984    	7.1984    	0.126961  	0.142285  	0.0410522 	0.0545838 	0.0351424 
0.580000	7.08909   	7.44699   	7.24203   	7.24203   	0.127768  	0.143092  	0.041269  	0.0548536 	0.0353353 
0.582500	7.13165   	7.49171   	7.28566   	7.28566   	0.128576  	0.143898  	0.0414859 	0.0551235 	0.0355282 
0.585000	7.17421   	7.53643   	7.32929   	7.32929   	0.129383  	0.144704  	0.0417027 	0.0553933 	0.0357211 
0.587500	7.21677   	7.58114   	7.37292   	7.37292   	0.130191  	0.145511  	0.0419195 	0.0556632 	0.035914  
0.590000	7.25933   	7.62586   	7.41655   	7.41655   	0.130998  	0.146317  	0.0421363 	0.0559331 	0.0361069 
0.592500	7.30189   	7.67058   	7.46018   	7.46018   	0.131806  	0.147123  	0.0423532 	0.0562029 	0.0362998 
0.595000	7.34445   	7.71529   	7.50381   	7.50381   	0.132614  	0.14793   	0.04257   	0.0564728 	0.0364926 
0.597500	7.38701   	7.76001   	7.54743   	7.54743   	0.133421  	0.148736  	0.0427868 	0.0567426 	0.0366855 
0.600000	7.42957   	7.80472   	7.59106   	7.59106   	0.134229  	0.149543  	0.0430036 	0.0570125 	0.0368784 
0.602500	7.47629   	7.85381   	7.639     	7.639     	0.135121  	0.150395  	0.0432368 	0.0572987 	0.0370871 
0.605000	7.523     	7.90289   	7.68693   	7.68693   	0.136014  	0.151248  	0.0434699 	0.0575848 	0.0372958 
0.607500	7.56972   	7.95197   	7.73486   	7.73486   	0.136906  	0.152101  	0.043703  	0.0578709 	0.0375044 
0.610000	7.61643   	8.00105   	7.78279   	7.78279   	0.137799  	0.152953  	0.0439362 	0.0581571 	0.0377131 
0.612500	7.66315   	8.05013   	7.83072   	7.83072   	0.138691  	0.153806  	0.0441693 	0.0584432 	0.0379218 
0.615000	7.70986   	8.09922   	7.87866   	7.87866   	0.139584  	0.154659  	0.0444024 	0.0587294 	0.0381304 
0.617500	7.75658   	8.1483    	7.92659   	7.92659   	0.140476  	0.155512  	0.0446356 	0.0590155 	0.0383391 
0.620000	7.8033    	8.19738   	7.97452   	7.97452   	0.141369  	0.156364  	0.0448687 	0.0593017 	0.0385478 
0.622500	7.85001   	8.24646   	8.02245   	8.02245   	0.142261  	0.157217  	0.0451018 	0.0595878 	0.0387564 
0.625000	7.89673   	8.29554   	8.07038   	8.07038   	0.143154  	0.15807   	0.0453349 	0.0598739 	0.0389651 
0.627500	7.94344   	8.34463   	8.11832   	8.11832   	0.144046  	0.158922  	0.0455681 	0.0601601 	0.0391738 
0.630000	7.99016   	8.39371   	8.16625   	8.16625   	0.144939  	0.159775  	0.0458012 	0.0604462 	0.0393824 
0.632500	8.03687   	8.44279   	8.21418   	8.21418   	0.145831  	0.160628  	0.0460343 	0.0607324 	0.0395911 
0.635000	8.08359   	8.49187   	8.26211   	8.26211   	0.146724  	0.161481  	0.0462675 	0.0610185 	0.0397998 
0.637500	8.1303    	8.54096   	8.31005   	8.31005   	0.147616  	0.162333  	0.0465006 	0.0613047 	0.0400084 
0.640000	8.17702   	8.59004   	8.35798   	8.35798   	0.148509  	0.163186  	0.0467337 	0.0615908 	0.0402171 
0.642500	8.22373   	8.63912   	8.40591   	8.40591   	0.149401  	0.164039  	0.0469669 	0.061877  	0.0404258 
0.645000	8.27045   	8.6882    	8.45384   	8.45384   	0.150294  	0.164891  	0.0472    	0.0621631 	0.0406344 
0.647500	8.31716   	8.73728   	8.50177   	8.50177   	0.151186  	0.165744  	0.0474331 	0.0624492 	0.0408431 
0.650000	8.36388   	8.78637   	8.54971   	8.54971   	0.152079  	0.166597  	0.0476663 	0.0627354 	0.0410518 
0.652500	8.4106    	8.83545   	8.59764   	8.59764   	0.152971  	0.16745   	0.0478994 	0.0630215 	0.0412604 
0.655000	8.45731   	8.88453   	8.64557   	8.64557   	0.153864  	0.168302  	0.0481325 	0.0633077 	0.0414691 
0.657500	8.50403   	8.93361   	8.6935    	8.6935    	0.154756  	0.169155  	0.0483657 	0.0635938 	0.0416778 
0.660000	8.55074   	8.98269   	8.74143   	8.74143   	0.155649  	0.170008  	0.0485988 	0.06388   	0.0418864 
0.662500	8.59746   	9.03178   	8.78937   	8.78937   	0.156541  	0.17086   	0.0488319 	0.0641661 	0.0420951 
0.665000	8.64417   	9.08086   	8.8373    	8.8373    	0.157434  	0.171713  	0.049065  	0.0644522 	0.0423038 
0.667500	8.69089   	9.12994   	8.88523   	8.88523   	0.158326  	0.172566  	0.0492982 	0.0647384 	0.0425124 
0.670000	8.7376    	9.17902   	8.93316   	8.93316   	0.159219  	0.173419  	0.0495313 	0.0650245 	0.0427211 
0.672500	8.78432   	9.2281    	8.98109   	8.98109   	0.160111  	0.174271  	0.0497644 	0.0653107 	0.0429298 
0.675000	8.83103   	9.27719   	9.02903   	9.02903   	0.161004  	0.175124  	0.0499976 	0.0655968 	0.0431384 
0.677500	8.87775   	9.32627   	9.07696   	9.07696   	0.161896  	0.175977  	0.0502307 	0.065883  	0.0433471 
0.680000	8.92446   	9.37535   	9.12489   	9.12489   	0.162789  	0.176829  	0.0504638 	0.0661691 	0.0435558 
0.682500	8.97118   	9.42443   	9.17282   	9.17282   	0.163681  	0.177682  	0.050697  	0.0664553 	0.0437644 
0.685000	9.0179    	9.47351   	9.22076   	9.22076   	0.164574  	0.178535  	0.0509301 	0.0667414 	0.0439731 
0.687500	9.06461   	9.5226    	9.26869   	9.26869   	0.165466  	0.179388  	0.0511632 	0.0670275 	0.0441818 
0.690000	9.11133   	9.57168   	9.31662   	9.31662   	0.166359  	0.18024   	0.0513964 	0.0673137 	0.0443904 
0.692500	9.15804   	9.62076   	9.36455   	9.36455   	0.167251  	0.181093  	0.0516295 	0.0675998 	0.0445991 
0.695000	9.20476   	9.66984   	9.41248   	9.41248   	0.168144  	0.181946  	0.0518626 	0.067886  	0.0448078 
0.697500	9.25147   	9.71893   	9.46042   	9.46042   	0.169036  	0.182798  	0.0520958 	0.0681721 	0.0450164 
0.700000	9.29819   	9.76801   	9.50835   	9.50835   	0.169929  	0.183651  	0.0523289 	0.0684583 	0.0452251 
0.702500	9.34896   	9.82135   	9.56045   	9.56045   	0.170905  	0.18455   	0.0525782 	0.0687606 	0.0454493 
0.705000	9.39973   	9.8747    	9.61255   	9.61255   	0.171881  	0.185448  	0.0528274 	0.0690629 	0.0456735 
0.707500	9.45051   	9.92804   	9.66465   	9.66465   	0.172857  	0.186347  	0.0530767 	0.0693652 	0.0458978 
0.710000	9.50128   	9.98139   	9.71675   	9.71675   	0.173833  	0.187246  	0.0533259 	0.0696675 	0.046122  
0.712500	9.55205   	10.0347   	9.76885   	9.76885   	0.174809  	0.188144  	0.0535752 	0.0699698 	0.0463462 
0.715000	9.60283   	10.0881   	9.82096   	9.82096   	0.175785  	0.189043  	0.0538245 	0.0702721 	0.0465704 
0.717500	9.6536    	10.1414   	9.87306   	9.87306   	0.176761  	0.189942  	0.0540737 	0.0705744 	0.0467946 
0.720000	9.70437   	10.1948   	9.92516   	9.92516   	0.177737  	0.19084   	0.054323  	0.0708768 	0.0470188 
0.722500	9.75514   	10.2481   	9.97726   	9.97726   	0.178713  	0.191739  	0.0545723 	0.0711791 	0.047243  
0.725000	9.80592   	10.3015   	10.0294   	10.0294   	0.179689  	0.192638  	0.0548215 	0.0714814 	0.0474672 
0.727500	9.85669   	10.3548   	10.0815   	10.0815   	0.180665  	0.193536  	0.0550708 	0.0717837 	0.0476915 
0.730000	9.90746   	10.4082   	10.1336   	10.1336   	0.181641  	0.194435  	0.0553201 	0.072086  	0.0479157 
0.732500	9.95824   	10.4615   	10.1857   	10.1857   	0.182617  	0.195333  	0.0555693 	0.0723883 	0.0481399 
0.735000	10.009    	10.5148   	10.2378   	10.2378   	0.183593  	0.196232  	0.0558186 	0.0726906 	0.0483641 
0.737500	10.0598   	10.5682   	10.2899   	10.2899   	0.184569  	0.197131  	0.0560679 	0.0729929 	0.0485883 
0.740000	10.1106   	10.6215   	10.342    	10.342    	0.185545  	0.198029  	0.0563171 	0.0732953 	0.0488125 
0.742500	10.1613   	10.6749   	10.3941   	10.3941   	0.186521  	0.198928  	0.0565664 	0.0735976 	0.0490367 
0.745000	10.2121   	10.7282   	10.4462   	10.4462   	0.187497  	0.199827  	0.0568157 	0.0738999 	0.049261  
0.747500	10.2629   	10.7816   	10.4983   	10.4983   	0.188473  	0.200725  	0.0570649 	0.0742022 	0.0494852 
0.750000	10.3136   	10.8349   	10.5504   	10.5504   	0.189449  	0.201624  	0.0573142 	0.0745045 	0.0497094 
0.752500	10.3644   	10.8883   	10.6025   	10.6025   	0.190425  	0.202523  	0.0575635 	0.0748068 	0.0499336 
0.755000	10.4152   	10.9416   	10.6546   	10.6546   	0.191401  	0.203421  	0.0578127 	0.0751091 	0.0501578 
0.757500	10.466    	10.9949   	10.7067   	10.7067   	0.192377  	0.20432   	0.058062  	0.0754114 	0.050382  
0.760000	10.5167   	11.0483   	10.7588   	10.7588   	0.193353  	0.205218  	0.0583113 	0.0757138 	0.0506062 
0.762500	10.5675   	11.1016   	10.8109   	10.8109   	0.194329  	0.206117  	0.0585605 	0.0760161 	0.0508305 
0.765000	10.6183   	11.155    	10.863    	10.863    	0.195305  	0.207016  	0.0588098 	0.0763184 	0.0510547 
0.767500	10.6691   	11.2083   	10.9151   	10.9151   	0.196281  	0.207914  	0.0590591 	0.0766207 	0.0512789 
0.770000	10.7198   	11.2617   	10.9672   	10.9672   	0.197257  	0.208813  	0.0593083 	0.076923  	0.0515031 
0.772500	10.7706   	11.315    	11.0193   	11.0193   	0.198233  	0.209712  	0.0595576 	0.0772253 	0.0517273 
0.775000	10.8214   	11.3684   	11.0714   	11.0714   	0.199209  	0.21061   	0.0598069 	0.0775276 	0.0519515 
0.777500	10.8722   	11.4217   	11.1235   	11.1235   	0.200185  	0.211509  	0.0600561 	0.0778299 	0.0521757 
0.780000	10.9229   	11.4751   	11.1756   	11.1756   	0.201161  	0.212408  	0.0603054 	0.0781323 	0.0523999 
0.782500	10.9737   	11.5284   	11.2277   	11.2277   	0.202137  	0.213306  	0.0605546 	0.0784346 	0.0526242 
0.785000	11.0245   	11.5817   	11.2798   	11.2798   	0.203113  	0.214205  	0.0608039 	0.0787369 	0.0528484 
0.787500	11.0752   	11.6351   	11.3319   	11.3319   	0.204089  	0.215104  	0.0610532 	0.0790392 	0.0530726 
0.790000	11.126    	11.6884   	11.384    	11.384    	0.205065  	0.216002  	0.0613024 	0.0793415 	0.0532968 
0.792500	11.1768   	11.7418   	11.4361   	11.4361   	0.206041  	0.216901  	0.0615517 	0.0796438 	0.053521  
0.795000	11.2276   	11.7951   	11.4882   	11.4882   	0.207017  	0.217799  	0.061801  	0.0799461 	0.0537452 
0.797500	11.2783   	11.8485   	11.5403   	11.5403   	0.207993  	0.218698  	0.0620502 	0.0802484 	0.0539694 
0.800000	11.3291   	11.9018   	11.5924   	11.5924   	0.208969  	0.219597  	0.0622995 	0.0805508 	0.0541937 
0.802500	11.3839   	11.9594   	11.6486   	11.6486   	0.210028  	0.220541  	0.0625647 	0.080869  	0.0544332 
0.805000	11.4386   	12.0169   	11.7047   	11.7047   	0.211087  	0.221486  	0.0628299 	0.0811873 	0.0546727 
0.807500	11.4934   	12.0744   	11.7609   	11.7609   	0.212145  	0.22243   	0.0630951 	0.0815055 	0.0549123 
0.810000	11.5481   	12.132    	11.8171   	11.8171   	0.213204  	0.223375  	0.0633603 	0.0818238 	0.0551518 
0.812500	11.6029   	12.1895   	11.8733   	11.8733   	0.214263  	0.224319  	0.0636255 	0.082142  	0.0553914 
0.815000	11.6577   	12.247    	11.9294   	11.9294   	0.215321  	0.225264  	0.0638907 	0.0824603 	0.0556309 
0.817500	11.7124   	12.3046   	11.9856   	11.9856   	0.21638   	0.226208  	0.0641559 	0.0827785 	0.0558705 
0.820000	11.7672   	12.3621   	12.0418   	12.0418   	0.217439  	0.227153  	0.0644211 	0.0830968 	0.05611   
0.822500	11.8219   	12.4196   	12.0979   	12.0979   	0.218497  	0.228098  	0.0646863 	0.083415  	0.0563495 
0.825000	11.8767   	12.4772   	12.1541   	12.1541   	0.219556  	0.229042  	0.0649515 	0.0837333 	0.0565891 
0.827500	11.9315   	12.5347   	12.2103   	12.2103   	0.220615  	0.229987  	0.0652167 	0.0840515 	0.0568286 
0.830000	11.9862   	12.5922   	12.2664   	12.2664   	0.221673  	0.230931  	0.0654819 	0.0843698 	0.0570682 
0.832500	12.041    	12.6498   	12.3226   	12.3226   	0.222732  	0.231876  	0.0657471 	0.084688  	0.0573077 
0.835000	12.0957   	12.7073   	12.3788   	12.3788   	0.223791  	0.23282   	0.0660123 	0.0850063 	0.0575473 
0.837500	12.1505   	12.7648   	12.435    	12.435    	0.224849  	0.233765  	0.0662775 	0.0853246 	0.0577868 
0.840000	12.2053   	12.8224   	12.4911   	12.4911   	0.225908  	0.234709  	0.0665427 	0.0856428 	0.0580263 
0.842500	12.26     	12.8799   	12.5473   	12.5473   	0.226967  	0.235654  	0.0668079 	0.0859611 	0.0582659 
0.845000	12.3148   	12.9374   	12.6035   	12.6035   	0.228025  	0.236598  	0.0670731 	0.0862793 	0.0585054 
0.847500	12.3695   	12.995    	12.6596   	12.6596   	0.229084  	0.237543  	0.0673383 	0.0865976 	0.058745  
0.850000	12.4243   	13.0525   	12.7158   	12.7158   	0.230143  	0.238487  	0.0676035 	0.0869158 	0.0589845 
0.852500	12.4791   	13.11     	12.772    	12.772    	0.231201  	0.239432  	0.0678687 	0.0872341 	0.0592241 
0.855000	12.5338   	13.1676   	12.8281   	12.8281   	0.23226   	0.240377  	0.0681339 	0.0875523 	0.0594636 
0.857500	12.5886   	13.2251   	12.8843   	12.8843   	0.233319  	0.241321  	0.0683991 	0.0878706 	0.0597032 
0.860000	12.6434   	13.2826   	12.9405   	12.9405   	0.234377  	0.242266  	0.0686643 	0.0881888 	0.0599427 
0.862500	12.6981   	13.3402   	12.9967   	12.9967   	0.235436  	0.24321   	0.0689295 	0.0885071 	0.0601822 
0.865000	12.7529   	13.3977   	13.0528   	13.0528   	0.236495  	0.244155  	0.0691947 	0.0888253 	0.0604218 
0.867500	12.8076   	13.4552   	13.109    	13.109    	0.237553  	0.245099  	0.0694599 	0.0891436 	0.0606613 
0.870000	12.8624   	13.5128   	13.1652   	13.1652   	0.238612  	0.246044  	0.0697251 	0.0894618 	0.0609009 
0.872500	12.9172   	13.5703   	13.2213   	13.2213   	0.23967   	0.246988  	0.0699904 	0.0897801 	0.0611404 
0.875000	12.9719   	13.6279   	13.2775   	13.2775   	0.240729  	0.247933  	0.0702556 	0.0900984 	0.06138   
0.877500	13.0267   	13.6854   	13.3337   	13.3337   	0.241788  	0.248877  	0.0705208 	0.0904166 	0.0616195 
0.880000	13.0814   	13.7429   	13.3899   	13.3899   	0.242846  	0.249822  	0.070786  	0.0907349 	0.061859  
0.882500	13.1362   	13.8005   	13.446    	13.446    	0.243905  	0.250766  	0.0710512 	0.0910531 	0.0620986 
0.885000	13.191    	13.858    	13.5022   	13.5022   	0.244964  	0.251711  	0.0713164 	0.0913714 	0.0623381 
0.887500	13.2457   	13.9155   	13.5584   	13.5584   	0.246022  	0.252655  	0.0715816 	0.0916896 	0.0625777 
0.890000	13.3005   	13.9731   	13.6145   	13.6145   	0.247081  	0.2536    	0.0718468 	0.0920079 	0.0628172 
0.892500	13.3552   	14.0306   	13.6707   	13.6707   	0.24814   	0.254545  	0.072112  	0.0923261 	0.0630568 
0.895000	13.41     	14.0881   	13.7269   	13.7269   	0.249198  	0.255489  	0.0723772 	0.0926444 	0.0632963 
0.897500	13.4648   	14.1457   	13.783    	13.783    	0.250257  	0.256434  	0.0726424 	0.0929626 	0.0635358 
0.900000	13.5195   	14.2032   	13.8392   	13.8392   	0.251316  	0.257378  	0.0729076 	0.0932809 	0.0637754 
0.902500	13.5782   	14.2649   	13.8994   	13.8994   	0.252456  	0.258369  	0.0731887 	0.0936152 	0.0640302 
0.905000	13.6369   	14.3265   	13.9595   	13.9595   	0.253597  	0.259359  	0.0734699 	0.0939495 	0.0642851 
0.907500	13.6956   	14.3882   	14.0197   	14.0197   	0.254738  	0.26035   	0.0737511 	0.0942838 	0.06454   
0.910000	13.7543   	14.4499   	14.0799   	14.0799   	0.255878  	0.26134   	0.0740323 	0.0946181 	0.0647948 
0.912500	13.813    	14.5115   	14.14     	14.14     	0.257019  	0.26233   	0.0743135 	0.0949524 	0.0650497 
0.915000	13.8717   	14.5732   	14.2002   	14.2002   	0.25816   	0.263321  	0.0745946 	0.0952867 	0.0653045 
0.917500	13.9303   	14.6348   	14.2603   	14.2603   	0.259301  	0.264311  	0.0748758 	0.095621  	0.0655594 
0.920000	13.989    	14.6965   	14.3205   	14.3205   	0.260441  	0.265302  	0.075157  	0.0959553 	0.0658143 
0.922500	14.0477   	14.7582   	14.3807   	14.3807   	0.261582  	0.266292  	0.0754382 	0.0962896 	0.0660691 
0.925000	14.1064   	14.8198   	14.4408   	14.4408   	0.262723  	0.267283  	0.0757194 	0.0966239 	0.066324  
0.927500	14.1651   	14.8815   	14.501    	14.501    	0.263863  	0.268273  	0.0760005 	0.0969582 	0.0665789 
0.930000	14.2238   	14.9432   	14.5611   	14.5611   	0.265004  	0.269264  	0.0762817 	0.0972925 	0.0668337 
0.932500	14.2825   	15.0048   	14.6213   	14.6213   	0.266145  	0.270254  	0.0765629 	0.0976268 	0.0670886 
0.935000	14.3412   	15.0665   	14.6815   	14.6815   	0.267285  	0.271245  	0.0768441 	0.097961  	0.0673434 
0.937500	14.3999   	15.1282   	14.7416   	14.7416   	0.268426  	0.272235  	0.0771252 	0.0982953 	0.0675983 
0.940000	14.4586   	15.1898   	14.8018   	14.8018   	0.269567  	0.273226  	0.0774064 	0.0986296 	0.0678532 
0.942500	14.5173   	15.2515   	14.8619   	14.8619   	0.270707  	0.274216  	0.0776876 	0.0989639 	0.068108  
0.945000	14.5759   	15.3132   	14.9221   	14.9221   	0.271848  	0.275206  	0.0779688 	0.0992982 	0.0683629 
0.947500	14.6346   	15.3748   	14.9823   	14.9823   	0.272989  	0.276197  	0.07825   	0.0996325 	0.0686177 
0.950000	14.6933   	15.4365   	15.0424   	15.0424   	0.274129  	0.277187  	0.0785311 	0.0999668 	0.0688726 
0.952500	14.752    	15.4981   	15.1026   	15.1026   	0.27527   	0.278178  	0.0788123 	0.100301  	0.0691275 
0.955000	14.8107   	15.5598   	15.1627   	15.1627   	0.276411  	0.279168  	0.0790935 	0.100635  	0.0693823 
0.957500	14.8694   	15.6215   	15.2229   	15.2229   	0.277552  	0.280159  	0.0793747 	0.10097   	0.0696372 
0.960000	14.9281   	15.6831   	15.2831   	15.2831   	0.278692  	0.281149  	0.0796558 	0.101304  	0.069892  
0.962500	14.9868   	15.7448   	15.3432   	15.3432   	0.279833  	0.28214   	0.079937  	0.101638  	0.0701469 
0.965000	15.0455   	15.8065   	15.4034   	15.4034   	0.280974  	0.28313   	0.0802182 	0.101973  	0.0704018 
0.967500	15.1042   	15.8681   	15.4635   	15.4635   	0.282114  	0.284121  	0.0804994 	0.102307  	0.0706566 
0.970000	15.1629   	15.9298   	15.5237   	15.5237   	0.283255  	0.285111  	0.0807806 	0.102641  	0.0709115 
0.972500	15.2215   	15.9915   	15.5839   	15.5839   	0.284396  	0.286101  	0.0810617 	0.102976  	0.0711663 
0.975000	15.2802   	16.0531   	15.644    	15.644    	0.285536  	0.287092  	0.0813429 	0.10331   	0.0714212 
0.977500	15.3389   	16.1148   	15.7042   	15.7042   	0.286677  	0.288082  	0.0816241 	0.103644  	0.0716761 
0.980000	15.3976   	16.1765   	15.7643   	15.7643   	0.287818  	0.289073  	0.0819053 	0.103978  	0.0719309 
0.982500	15.4563   	16.2381   	15.8245   	15.8245   	0.288958  	0.290063  	0.0821865 	0.104313  	0.0721858 
0.985000	15.515    	16.2998   	15.8846   	15.8846   	0.290099  	0.291054  	0.0824676 	0.104647  	0.0724406 
0.987500	15.5737   	16.3614   	15.9448   	15.9448   	0.29124   	0.292044  	0.0827488 	0.104981  	0.0726955 
0.990000	15.6324   	16.4231   	16.005    	16.005    	0.29238   	0.293035  	0.08303   	0.105316  	0.0729504 
0.992500	15.6911   	16.4848   	16.0651   	16.0651   	0.293521  	0.294025  	0.0833112 	0.10565   	0.0732052 
0.995000	15.7498   	16.5464   	16.1253   	16.1253   	0.294662  	0.295016  	0.0835923 	0.105984  	0.0734601 
0.997500	15.8085   	16.6081   	16.1854   	16.1854   	0.295803  	0.296006  	0.0838735 	0.106318  	0.0737149 
1.000000	15.8671   	16.6698   	16.2456   	16.2456   	0.296943  	0.296996  	0.0841547 	0.106653  	0.0739698 
1.002500	15.9326   	16.7385   	16.3126   	16.3126   	0.298226  	0.298067  	0.0844637 	0.107015  	0.0742513 
1.005000	15.9981   	16.8073   	16.3796   	16.3796   	0.299509  	0.299138  	0.0847726 	0.107377  	0.0745327 
1.007500	16.0635   	16.8761   	16.4465   	16.4465   	0.300792  	0.300209  	0.0850816 	0.107739  	0.0748142 
1.010000	16.129    	16.9448   	16.5135   	16.5135   	0.302075  	0.301279  	0.0853906 	0.108101  	0.0750956 
1.012500	16.1944   	17.0136   	16.5805   	16.5805   	0.303359  	0.30235   	0.0856995 	0.108464  	0.0753771 
1.015000	16.2599   	17.0824   	16.6475   	16.6475   	0.304642  	0.303421  	0.0860085 	0.108826  	0.0756585 
1.017500	16.3253   	17.1511   	16.7145   	16.7145   	0.305925  	0.304491  	0.0863175 	0.109188  	0.07594   
1.020000	16.3908   	17.2199   	16.7814   	16.7814   	0.307208  	0.305562  	0.0866264 	0.10955   	0.0762214 
1.022500	16.4562   	17.2887   	16.8484   	16.8484   	0.308491  	0.306633  	0.0869354 	0.109912  	0.0765029 
1.025000	16.5217   	17.3574   	16.9154   	16.9154   	0.309774  	0.307703  	0.0872444 	0.110274  	0.0767844 
1.027500	16.5871   	17.4262   	16.9824   	16.9824   	0.311057  	0.308774  	0.0875533 	0.110636  	0.0770658 
1.030000	16.6526   	17.495    	17.0494   	17.0494   	0.31234   	0.309845  	0.0878623 	0.110999  	0.0773473 
1.032500	16.718    	17.5637   	17.1163   	17.1163   	0.313623  	0.310915  	0.0881713 	0.111361  	0.0776287 
1.035000	16.7835   	17.6325   	17.1833   	17.1833   	0.314906  	0.311986  	0.0884802 	0.111723  	0.0779102 
1.037500	16.8489   	17.7013   	17.2503   	17.2503   	0.316189  	0.313057  	0.0887892 	0.112085  	0.0781916 
1.040000	16.9144   	17.77     	17.3173   	17.3173   	0.317472  	0.314127  	0.0890982 	0.112447  	0.0784731 
1.042500	16.9798   	17.8388   	17.3843   	17.3843   	0.318755  	0.315198  	0.0894071 	0.112809  	0.0787546 
1.045000	17.0453   	17.9076   	17.4512   	17.4512   	0.320038  	0.316269  	0.0897161 	0.113171  	0.079036  
1.047500	17.1107   	17.9763   	17.5182   	17.5182   	0.321321  	0.317339  	0.0900251 	0.113534  	0.0793175 
1.050000	17.1762   	18.0451   	17.5852   	17.5852   	0.322604  	0.31841   	0.090334  	0.113896  	0.0795989 
1.052500	17.2416   	18.1139   	17.6522   	17.6522   	0.323887  	0.319481  	0.090643  	0.114258  	0.0798804 
1.055000	17.3071   	18.1826   	17.7191   	17.7191   	0.325171  	0.320551  	0.090952  	0.11462   	0.0801618 
1.057500	17.3725   	18.2514   	17.7861   	17.7861   	0.326454  	0.321622  	0.0912609 	0.114982  	0.0804433 
1.060000	17.438    	18.3202   	17.8531   	17.8531   	0.327737  	0.322693  	0.0915699 	0.115344  	0.0807247 
1.062500	17.5034   	18.389    	17.9201   	17.9201   	0.32902   	0.323763  	0.0918789 	0.115706  	0.0810062 
1.065000	17.5689   	18.4577   	17.9871   	17.9871   	0.330303  	0.324834  	0.0921878 	0.116069  	0.0812877 
1.067500	17.6343   	18.5265   	18.054    	18.054    	0.331586  	0.325905  	0.0924968 	0.116431  	0.0815691 
1.070000	17.6998   	18.5953   	18.121    	18.121    	0.332869  	0.326975  	0.0928058 	0.116793  	0.0818506 
1.072500	17.7652   	18.664    	18.188    	18.188    	0.334152  	0.328046  	0.0931147 	0.117155  	0.082132  
1.075000	17.8307   	18.7328   	18.255    	18.255    	0.335435  	0.329117  	0.0934237 	0.117517  	0.0824135 
1.077500	17.8961   	18.8016   	18.322    	18.322    	0.336718  	0.330187  	0.0937327 	0.117879  	0.0826949 
1.080000	17.9616   	18.8703   	18.3889   	18.3889   	0.338001  	0.331258  	0.0940416 	0.118241  	0.0829764 
1.082500	18.027    	18.9391   	18.4559   	18.4559   	0.339284  	0.332329  	0.0943506 	0.118604  	0.0832578 
1.085000	18.0925   	19.0079   	18.5229   	18.5229   	0.340567  	0.333399  	0.0946596 	0.118966  	0.0835393 
1.087500	18.1579   	19.0766   	18.5899   	18.5899   	0.34185   	0.33447   	0.0949686 	0.119328  	0.0838208 
1.090000	18.2234   	19.1454   	18.6569   	18.6569   	0.343133  	0.335541  	0.0952775 	0.11969   	0.0841022 
1.092500	18.2888   	19.2142   	18.7238   	18.7238   	0.344416  	0.336612  	0.0955865 	0.120052  	0.0843837 
1.095000	18.3543   	19.2829   	18.7908   	18.7908   	0.3457    	0.337682  	0.0958955 	0.120414  	0.0846651 
1.097500	18.4197   	19.3517   	18.8578   	18.8578   	0.346983  	0.338753  	0.0962044 	0.120776  	0.0849466 
1.100000	18.4852   	19.4205   	18.9248   	18.9248   	0.348266  	0.339824  	0.0965134 	0.121139  	0.085228  
1.102500	18.5507   	19.4892   	18.9917   	18.9917   	0.349549  	0.340894  	0.0968224 	0.121501  	0.0855095 
1.105000	18.6161   	19.558    	19.0587   	19.0587   	0.350832  	0.341965  	0.0971313 	0.121863  	0.0857909 
1.107500	18.6816   	19.6268   	19.1257   	19.1257   	0.352115  	0.343036  	0.0974403 	0.122225  	0.0860724 
1.110000	18.747    	19.6955   	19.1927   	19.1927   	0.353398  	0.344106  	0.0977493 	0.122587  	0.0863539 
1.112500	18.8125   	19.7643   	19.2597   	19.2597   	0.354681  	0.345177  	0.0980582 	0.122949  	0.0866353 
1.115000	18.8779   	19.8331   	19.3266   	19.3266   	0.355964  	0.346248  	0.0983672 	0.123312  	0.0869168 
1.117500	18.9434   	19.9018   	19.3936   	19.3936   	0.357247  	0.347318  	0.0986762 	0.123674  	0.0871982 
1.120000	19.0088   	19.9706   	19.4606   	19.4606   	0.35853   	0.348389  	0.0989851 	0.124036  	0.0874797 
1.122500	19.0743   	20.0394   	19.5276   	19.5276   	0.359813  	0.34946   	0.0992941 	0.124398  	0.0877611 
1.125000	19.1397   	20.1081   	19.5946   	19.5946   	0.361096  	0.35053   	0.0996031 	0.12476   	0.0880426 
1.127500	19.2052   	20.1769   	19.6615   	19.6615   	0.362379  	0.351601  	0.099912  	0.125122  	0.0883241 
1.130000	19.2706   	20.2457   	19.7285   	19.7285   	0.363662  	0.352672  	0.100221  	0.125484  	0.0886055 
1.132500	19.3361   	20.3144   	19.7955   	19.7955   	0.364945  	0.353742  	0.10053   	0.125847  	0.088887  
1.135000	19.4015   	20.3832   	19.8625   	19.8625   	0.366229  	0.354813  	0.100839  	0.126209  	0.0891684 
1.137500	19.467    	20.452    	19.9295   	19.9295   	0.367512  	0.355884  	0.101148  	0.126571  	0.0894499 
1.140000	19.5324   	20.5207   	19.9964   	19.9964   	0.368795  	0.356954  	0.101457  	0.126933  	0.0897313 
1.142500	19.5979   	20.5895   	20.0634   	20.0634   	0.370078  	0.358025  	0.101766  	0.127295  	0.0900128 
1.145000	19.6633   	20.6583   	20.1304   	20.1304   	0.371361  	0.359096  	0.102075  	0.127657  	0.0902942 
1.147500	19.7288   	20.727    	20.1974   	20.1974   	0.372644  	0.360166  	0.102384  	0.128019  	0.0905757 
1.150000	19.7942   	20.7958   	20.2643   	20.2643   	0.373927  	0.361237  	0.102693  	0.128382  	0.0908572 
1.152500	19.8597   	20.8646   	20.3313   	20.3313   	0.37521   	0.362308  	0.103002  	0.128744  	0.0911386 
1.155000	19.9251   	20.9333   	20.3983   	20.3983   	0.376493  	0.363378  	0.103311  	0.129106  	0.0914201 
1.157500	19.9906   	21.0021   	20.4653   	20.4653   	0.377776  	0.364449  	0.10362   	0.129468  	0.0917015 
1.160000	20.056    	21.0709   	20.5323   	20.5323   	0.379059  	0.36552   	0.103929  	0.12983   	0.091983  
1.162500	20.1215   	21.1396   	20.5992   	20.5992   	0.380342  	0.36659   	0.104238  	0.130192  	0.0922644 
1.165000	20.1869   	21.2084   	20.6662   	20.6662   	0.381625  	0.367661  	0.104547  	0.130554  	0.0925459 
1.167500	20.2524   	21.2772   	20.7332   	20.7332   	0.382908  	0.368732  	0.104855  	0.130917  	0.0928273 
1.170000	20.3178   	21.3459   	20.8002   	20.8002   	0.384191  	0.369803  	0.105164  	0.131279  	0.0931088 
1.172500	20.3833   	21.4147   	20.8672   	20.8672   	0.385474  	0.370873  	0.105473  	0.131641  	0.0933903 
1.175000	20.4487   	21.4835   	20.9341   	20.9341   	0.386758  	0.371944  	0.105782  	0.132003  	0.0936717 
1.177500	20.5142   	21.5522   	21.0011   	21.0011   	0.388041  	0.373015  	0.106091  	0.132365  	0.0939532 
1.180000	20.5796   	21.621    	21.0681   	21.0681   	0.389324  	0.374085  	0.1064    	0.132727  	0.0942346 
1.182500	20.6451   	21.6898   	21.1351   	21.1351   	0.390607  	0.375156  	0.106709  	0.133089  	0.0945161 
1.185000	20.7105   	21.7585   	21.2021   	21.2021   	0.39189   	0.376227  	0.107018  	0.133452  	0.0947975 
1.187500	20.776    	21.8273   	21.269    	21.269    	0.393173  	0.377297  	0.107327  	0.133814  	0.095079  
1.190000	20.8414   	21.8961   	21.336    	21.336    	0.394456  	0.378368  	0.107636  	0.134176  	0.0953604 
1.192500	20.9069   	21.9648   	21.403    	21.403    	0.395739  	0.379439  	0.107945  	0.134538  	0.0956419 
1.195000	20.9723   	22.0336   	21.47     	21.47     	0.397022  	0.380509  	0.108254  	0.1349    	0.0959234 
1.197500	21.0378   	22.1024   	21.5369   	21.5369   	0.398305  	0.38158   	0.108563  	0.135262  	0.0962048 
1.200000	21.1033   	22.1711   	21.6039   	21.6039   	0.399588  	0.382651  	0.108872  	0.135624  	0.0964863 
1.202500	21.1687   	22.2399   	21.6709   	21.6709   	0.400871  	0.383721  	0.109181  	0.135987  	0.0967677 
1.205000	21.2342   	22.3087   	21.7379   	21.7379   	0.402154  	0.384792  	0.10949   	0.136349  	0.0970492 
1.207500	21.2996   	22.3774   	21.8049   	21.8049   	0.403437  	0.385863  	0.109799  	0.136711  	0.0973306 
1.210000	21.3651   	22.4462   	21.8718   	21.8718   	0.40472   	0.386933  	0.110108  	0.137073  	0.0976121 
1.212500	21.4305   	22.515    	21.9388   	21.9388   	0.406003  	0.388004  	0.110417  	0.137435  	0.0978936 
1.215000	21.496    	22.5838   	22.0058   	22.0058   	0.407286  	0.389075  	0.110726  	0.137797  	0.098175  
1.217500	21.5614   	22.6525   	22.0728   	22.0728   	0.40857   	0.390145  	0.111035  	0.13816   	0.0984565 
1.220000	21.6269   	22.7213   	22.1398   	22.1398   	0.409853  	0.391216  	0.111344  	0.138522  	0.0987379 
1.222500	21.6923   	22.7901   	22.2067   	22.2067   	0.411136  	0.392287  	0.111653  	0.138884  	0.0990194 
1.225000	21.7578   	22.8588   	22.2737   	22.2737   	0.412419  	0.393357  	0.111962  	0.139246  	0.0993008 
1.227500	21.8232   	22.9276   	22.3407   	22.3407   	0.413702  	0.394428  	0.112271  	0.139608  	0.0995823 
1.230000	21.8887   	22.9964   	22.4077   	22.4077   	0.414985  	0.395499  	0.11258   	0.13997   	0.0998637 
1.232500	21.9541   	23.0651   	22.4747   	22.4747   	0.416268  	0.396569  	0.112889  	0.140332  	0.100145  
1.235000	22.0196   	23.1339   	22.5416   	22.5416   	0.417551  	0.39764   	0.113198  	0.140695  	0.100427  
1.237500	22.085    	23.2027   	22.6086   	22.6086   	0.418834  	0.398711  	0.113507  	0.141057  	0.100708  
1.240000	22.1505   	23.2714   	22.6756   	22.6756   	0.420117  	0.399781  	0.113816  	0.141419  	0.10099   
1.242500	22.2159   	23.3402   	22.7426   	22.7426   	0.4214    	0.400852  	0.114125  	0.141781  	0.101271  
1.245000	22.2814   	23.409    	22.8096   	22.8096   	0.422683  	0.401923  	0.114433  	0.142143  	0.101552  
1.247500	22.3468   	23.4777   	22.8765   	22.8765   	0.423966  	0.402993  	0.114742  	0.142505  	0.101834  
1.250000	22.4123   	23.5465   	22.9435   	22.9435   	0.425249  	0.404064  	0.115051  	0.142867  	0.102115  
1.252500	22.4872   	23.6252   	23.02     	23.02     	0.426734  	0.405249  	0.1154    	0.143269  	0.102435  
1.255000	22.5621   	23.7039   	23.0965   	23.0965   	0.428219  	0.406433  	0.115749  	0.143671  	0.102754  
1.257500	22.637    	23.7826   	23.1729   	23.1729   	0.429703  	0.407618  	0.116097  	0.144073  	0.103073  
1.260000	22.712    	23.8614   	23.2494   	23.2494   	0.431188  	0.408802  	0.116446  	0.144475  	0.103393  
1.262500	22.7869   	23.9401   	23.3259   	23.3259   	0.432673  	0.409987  	0.116795  	0.144877  	0.103712  
1.265000	22.8618   	24.0188   	23.4024   	23.4024   	0.434157  	0.411171  	0.117143  	0.145279  	0.104031  
1.267500	22.9367   	24.0975   	23.4789   	23.4789   	0.435642  	0.412356  	0.117492  	0.14568   	0.104351  
1.270000	23.0117   	24.1762   	23.5553   	23.5553   	0.437126  	0.41354   	0.117841  	0.146082  	0.10467   
1.272500	23.0866   	24.255    	23.6318   	23.6318   	0.438611  	0.414725  	0.118189  	0.146484  	0.104989  
1.275000	23.1615   	24.3337   	23.7083   	23.7083   	0.440096  	0.415909  	0.118538  	0.146886  	0.105309  
1.277500	23.2364   	24.4124   	23.7848   	23.7848   	0.44158   	0.417094  	0.118886  	0.147288  	0.105628  
1.280000	23.3114   	24.4911   	23.8613   	23.8613   	0.443065  	0.418278  	0.119235  	0.14769   	0.105947  
1.282500	23.3863   	24.5698   	23.9377   	23.9377   	0.44455   	0.419463  	0.119584  	0.148092  	0.106267  
1.285000	23.4612   	24.6486   	24.0142   	24.0142   	0.446034  	0.420647  	0.119932  	0.148493  	0.106586  
1.287500	23.5361   	24.7273   	24.0907   	24.0907   	0.447519  	0.421832  	0.120281  	0.148895  	0.106906  
1.290000	23.6111   	24.806    	24.1672   	24.1672   	0.449004  	0.423016  	0.12063   	0.149297  	0.107225  
1.292500	23.686    	24.8847   	24.2437   	24.2437   	0.450488  	0.424201  	0.120978  	0.149699  	0.107544  
1.295000	23.7609   	24.9634   	24.3201   	24.3201   	0.451973  	0.425385  	0.121327  	0.150101  	0.107864  
1.297500	23.8358   	25.0422   	24.3966   	24.3966   	0.453457  	0.42657   	0.121676  	0.150503  	0.108183  
1.300000	23.9108   	25.1209   	24.4731   	24.4731   	0.454942  	0.427754  	0.122024  	0.150905  	0.108502  
1.302500	23.9857   	25.1996   	24.5496   	24.5496   	0.456427  	0.428939  	0.122373  	0.151306  	0.108822  
1.305000	24.0606   	25.2783   	24.6261   	24.6261   	0.457911  	0.430123  	0.122721  	0.151708  	0.109141  
1.307500	24.1355   	25.357    	24.7025   	24.7025   	0.459396  	0.431308  	0.12307   	0.15211   	0.10946   
1.310000	24.2104   	25.4358   	24.779    	24.779    	0.460881  	0.432492  	0.123419  	0.152512  	0.10978   
1.312500	24.2854   	25.5145   	24.8555   	24.8555   	0.462365  	0.433677  	0.123767  	0.152914  	0.110099  
1.315000	24.3603   	25.5932   	24.932    	24.932    	0.46385   	0.434861  	0.124116  	0.153316  	0.110418  
1.317500	24.4352   	25.6719   	25.0084   	25.0084   	0.465335  	0.436046  	0.124465  	0.153718  	0.110738  
1.320000	24.5101   	25.7506   	25.0849   	25.0849   	0.466819  	0.43723   	0.124813  	0.154119  	0.111057  
1.322500	24.5851   	25.8294   	25.1614   	25.1614   	0.468304  	0.438415  	0.125162  	0.154521  	0.111376  
1.325000	24.66     	25.9081   	25.2379   	25.2379   	0.469789  	0.439599  	0.125511  	0.154923  	0.111696  
1.327500	24.7349   	25.9868   	25.3144   	25.3144   	0.471273  	0.440784  	0.125859  	0.155325  	0.112015  
1.330000	24.8098   	26.0655   	25.3908   	25.3908   	0.472758  	0.441968  	0.126208  	0.155727  	0.112334  
1.332500	24.8848   	26.1442   	25.4673   	25.4673   	0.474242  	0.443152  	0.126557  	0.156129  	0.112654  
1.335000	24.9597   	26.223    	25.5438   	25.5438   	0.475727  	0.444337  	0.126905  	0.156531  	0.112973  
