Energy (MeV/u)	0 - [He-base] F.Hubert et al, AD&ND Tables 46(1990)1	1 - [H -base] J.F.Ziegler et al, Pergamon Press, NY (low energy)	2 - ATIMA 1.2  LS-theory (recommended for high energy)	3 - ATIMA 1.2  without LS-correction	4 - Range straggling - method [0] - LISE	5 - Range straggling - method [1] - Atima	6 - Lateral range - method [0] - LISE	7 - Lateral range - method [1] - Atima	8 - Lateral range - method [2] - PDG
0.000000	-	-	-	-	-	-	-	-	-
0.002500	0.107548  	0.107531  	0.119397  	0.119397  	0.0143226 	0.0143226 	0.000671059	0.00100076	0.000593921
0.005000	0.187309  	0.187272  	0.208026  	0.208026  	0.0156988 	0.0156988 	0.0014601 	0.00214882	0.00130508
0.007500	0.247207  	0.247154  	0.274641  	0.274641  	0.0157308 	0.0157308 	0.00218643	0.00318407	0.00196877
0.010000	0.300527  	0.30046   	0.333958  	0.333958  	0.0158587 	0.0158587 	0.0028972 	0.00419002	0.00262114
0.012500	0.34492   	0.344841  	0.383848  	0.383848  	0.0161425 	0.0161425 	0.00359397	0.0051668 	0.00326437
0.015000	0.389314  	0.389222  	0.433739  	0.433739  	0.0164262 	0.0164262 	0.00429074	0.00614359	0.0039076 
0.017500	0.42782   	0.427719  	0.476641  	0.476641  	0.0167891 	0.0167891 	0.00497965	0.00710189	0.00454649
0.020000	0.466326  	0.466215  	0.519543  	0.519543  	0.0171519 	0.0171519 	0.00566856	0.0080602 	0.00518537
0.022500	0.501122  	0.501001  	0.557886  	0.557886  	0.0175269 	0.0175269 	0.00635673	0.00901216	0.00582566
0.025000	0.535917  	0.535787  	0.596228  	0.596228  	0.0179018 	0.0179018 	0.0070449 	0.00996411	0.00646594
0.027500	0.567911  	0.567772  	0.62966   	0.62966   	0.0182172 	0.0182172 	0.00770471	0.0108765 	0.00708   
0.030000	0.599905  	0.599758  	0.663092  	0.663092  	0.0185326 	0.0185326 	0.00836452	0.0117889 	0.00769406
0.032500	0.629768  	0.629613  	0.692702  	0.692702  	0.0187929 	0.0187929 	0.00899843	0.0126654 	0.00828416
0.035000	0.659631  	0.659468  	0.722312  	0.722312  	0.0190533 	0.0190533 	0.00963234	0.0135418 	0.00887425
0.037500	0.687882  	0.687711  	0.750038  	0.750038  	0.0192975 	0.0192975 	0.0102682 	0.0144179 	0.00946736
0.040000	0.716132  	0.715954  	0.777765  	0.777765  	0.0195416 	0.0195416 	0.010904  	0.0152939 	0.0100605 
0.042500	0.743158  	0.742973  	0.804389  	0.804389  	0.0197817 	0.0197817 	0.0115541 	0.0161021 	0.0106683 
0.045000	0.770185  	0.769993  	0.831013  	0.831013  	0.0200218 	0.0200218 	0.0122042 	0.0169103 	0.0112762 
0.047500	0.796278  	0.796079  	0.856879  	0.856879  	0.0202613 	0.020439  	0.0128712 	0.0177093 	0.0119013 
0.050000	0.822372  	0.822166  	0.882745  	0.882745  	0.0205008 	0.0208561 	0.0135381 	0.0185082 	0.0125263 
0.052500	0.847753  	0.84754   	0.90804   	0.90804   	0.0207409 	0.0213488 	0.0142254 	0.0193044 	0.0131718 
0.055000	0.873134  	0.872915  	0.933335  	0.933335  	0.020981  	0.0218414 	0.0149127 	0.0201006 	0.0138172 
0.057500	0.897972  	0.897746  	0.958186  	0.958186  	0.0212222 	0.0223074 	0.015621  	0.0208959 	0.0144836 
0.060000	0.92281   	0.922577  	0.983037  	0.983037  	0.0214634 	0.0227734 	0.0163293 	0.0216913 	0.0151501 
0.062500	0.947083  	0.946844  	1.00741   	1.00741   	0.0217072 	0.0232104 	0.0170703 	0.0224881 	0.0158491 
0.065000	0.971357  	0.971111  	1.03178   	1.03178   	0.0219509 	0.0236474 	0.0178113 	0.0232848 	0.0165481 
0.067500	0.99563   	0.995378  	1.05615   	1.05615   	0.0221947 	0.0240845 	0.0185523 	0.0240816 	0.0172471 
0.070000	1.0199    	1.01964   	1.08052   	1.08052   	0.0224385 	0.0245215 	0.0192933 	0.0248784 	0.0179461 
0.072500	1.04373   	1.04346   	1.10449   	1.10449   	0.0226875 	0.0249327 	0.0200802 	0.0256806 	0.0186907 
0.075000	1.06755   	1.06728   	1.12846   	1.12846   	0.0229365 	0.025344  	0.0208671 	0.0264828 	0.0194353 
0.077500	1.09137   	1.09109   	1.15242   	1.15242   	0.0231854 	0.0257552 	0.021654  	0.0272849 	0.0201798 
0.080000	1.11519   	1.11491   	1.17639   	1.17639   	0.0234344 	0.0261665 	0.0224408 	0.0280871 	0.0209244 
0.082500	1.13882   	1.13853   	1.20018   	1.20018   	0.0236907 	0.0265627 	0.0232647 	0.0288889 	0.0217063 
0.085000	1.16245   	1.16216   	1.22396   	1.22396   	0.0239471 	0.0269589 	0.0240885 	0.0296908 	0.0224882 
0.087500	1.18608   	1.18578   	1.24775   	1.24775   	0.0242034 	0.0273551 	0.0249124 	0.0304926 	0.0232701 
0.090000	1.20971   	1.2094    	1.27153   	1.27153   	0.0244597 	0.0277513 	0.0257362 	0.0312944 	0.024052  
0.092500	1.23333   	1.23301   	1.29529   	1.29529   	0.0247253 	0.0281398 	0.0265852 	0.0320892 	0.0248601 
0.095000	1.25695   	1.25662   	1.31905   	1.31905   	0.024991  	0.0285283 	0.0274342 	0.032884  	0.0256683 
0.097500	1.28056   	1.28023   	1.34282   	1.34282   	0.0252566 	0.0289168 	0.0282831 	0.0336788 	0.0264765 
0.100000	1.30418   	1.30384   	1.36658   	1.36658   	0.0255222 	0.0293053 	0.0291321 	0.0344736 	0.0272846 
0.102500	1.32802   	1.32768   	1.39054   	1.39054   	0.0258051 	0.0296919 	0.0299547 	0.0352847 	0.0281491 
0.105000	1.35187   	1.35152   	1.41451   	1.41451   	0.026088  	0.0300786 	0.0307774 	0.0360959 	0.0290137 
0.107500	1.37571   	1.37536   	1.43847   	1.43847   	0.0263708 	0.0304652 	0.0316    	0.0369071 	0.0298782 
0.110000	1.39956   	1.3992    	1.46244   	1.46244   	0.0266537 	0.0308518 	0.0324226 	0.0377182 	0.0307427 
0.112500	1.4234    	1.42303   	1.4864    	1.4864    	0.0269366 	0.0312385 	0.0332453 	0.0385294 	0.0316072 
0.115000	1.44724   	1.44687   	1.51037   	1.51037   	0.0272195 	0.0316251 	0.0340679 	0.0393406 	0.0324717 
0.117500	1.47109   	1.47071   	1.53433   	1.53433   	0.0275024 	0.0320118 	0.0348905 	0.0401517 	0.0333363 
0.120000	1.49493   	1.49455   	1.5583    	1.5583    	0.0277852 	0.0323984 	0.0357132 	0.0409629 	0.0342008 
0.122500	1.51936   	1.51897   	1.5828    	1.5828    	0.0280953 	0.0327929 	0.0365142 	0.0418087 	0.0350401 
0.125000	1.54378   	1.54338   	1.6073    	1.6073    	0.0284054 	0.0331874 	0.0373153 	0.0426545 	0.0358794 
0.127500	1.5682    	1.5678    	1.63181   	1.63181   	0.0287155 	0.0335819 	0.0381164 	0.0435002 	0.0367186 
0.130000	1.59263   	1.59222   	1.65631   	1.65631   	0.0290257 	0.0339764 	0.0389174 	0.044346  	0.0375579 
0.132500	1.61705   	1.61663   	1.68081   	1.68081   	0.0293358 	0.0343709 	0.0397185 	0.0451918 	0.0383972 
0.135000	1.64147   	1.64105   	1.70532   	1.70532   	0.0296459 	0.0347654 	0.0405196 	0.0460376 	0.0392365 
0.137500	1.6659    	1.66547   	1.72982   	1.72982   	0.029956  	0.0351599 	0.0413206 	0.0468834 	0.0400758 
0.140000	1.69032   	1.68988   	1.75432   	1.75432   	0.0302661 	0.0355544 	0.0421217 	0.0477291 	0.0409151 
0.142500	1.71554   	1.7151    	1.77958   	1.77958   	0.030607  	0.0359643 	0.0429624 	0.0486169 	0.0417518 
0.145000	1.74076   	1.74031   	1.80484   	1.80484   	0.0309479 	0.0363743 	0.0438031 	0.0495047 	0.0425886 
0.147500	1.76597   	1.76552   	1.83009   	1.83009   	0.0312888 	0.0367842 	0.0446439 	0.0503925 	0.0434254 
0.150000	1.79119   	1.79073   	1.85535   	1.85535   	0.0316297 	0.0371942 	0.0454846 	0.0512803 	0.0442621 
0.152500	1.81641   	1.81594   	1.8806    	1.8806    	0.0319706 	0.0376041 	0.0463253 	0.0521681 	0.0450989 
0.155000	1.84163   	1.84115   	1.90586   	1.90586   	0.0323115 	0.0380141 	0.047166  	0.0530559 	0.0459357 
0.157500	1.86684   	1.86636   	1.93111   	1.93111   	0.0326524 	0.038424  	0.0480068 	0.0539437 	0.0467724 
0.160000	1.89206   	1.89157   	1.95637   	1.95637   	0.0329933 	0.038834  	0.0488475 	0.0548315 	0.0476092 
0.162500	1.9182    	1.91771   	1.98251   	1.98251   	0.0333672 	0.0392637 	0.0497376 	0.0557671 	0.0484964 
0.165000	1.94435   	1.94384   	2.00865   	2.00865   	0.033741  	0.0396934 	0.0506277 	0.0567026 	0.0493836 
0.167500	1.97049   	1.96998   	2.0348    	2.0348    	0.0341149 	0.040123  	0.0515178 	0.0576381 	0.0502708 
0.170000	1.99664   	1.99612   	2.06094   	2.06094   	0.0344888 	0.0405527 	0.0524079 	0.0585736 	0.051158  
0.172500	2.02278   	2.02226   	2.08708   	2.08708   	0.0348626 	0.0409824 	0.0532981 	0.0595091 	0.0520452 
0.175000	2.04892   	2.04839   	2.11322   	2.11322   	0.0352365 	0.0414121 	0.0541882 	0.0604447 	0.0529324 
0.177500	2.07507   	2.07453   	2.13936   	2.13936   	0.0356103 	0.0418418 	0.0550783 	0.0613802 	0.0538195 
0.180000	2.10121   	2.10067   	2.16551   	2.16551   	0.0359842 	0.0422715 	0.0559684 	0.0623157 	0.0547067 
0.182500	2.12836   	2.12781   	2.19262   	2.19262   	0.036392  	0.0427232 	0.0568296 	0.0632138 	0.0555667 
0.185000	2.15551   	2.15495   	2.21973   	2.21973   	0.0367999 	0.0431748 	0.0576908 	0.064112  	0.0564267 
0.187500	2.18267   	2.1821    	2.24684   	2.24684   	0.0372077 	0.0436265 	0.058552  	0.0650101 	0.0572867 
0.190000	2.20982   	2.20924   	2.27395   	2.27395   	0.0376156 	0.0440782 	0.0594132 	0.0659082 	0.0581467 
0.192500	2.23697   	2.23639   	2.30106   	2.30106   	0.0380234 	0.0445299 	0.0602744 	0.0668063 	0.0590067 
0.195000	2.26412   	2.26353   	2.32817   	2.32817   	0.0384313 	0.0449816 	0.0611357 	0.0677045 	0.0598667 
0.197500	2.29127   	2.29068   	2.35529   	2.35529   	0.0388391 	0.0454332 	0.0619969 	0.0686026 	0.0607267 
0.200000	2.31842   	2.31782   	2.3824    	2.3824    	0.0392469 	0.0458849 	0.0628581 	0.0695007 	0.0615867 
0.202500	2.34744   	2.34683   	2.41131   	2.41131   	0.039714  	0.0463767 	0.0636581 	0.0703456 	0.0623852 
0.205000	2.37645   	2.37583   	2.44022   	2.44022   	0.0401811 	0.0468684 	0.0644581 	0.0711906 	0.0631838 
0.207500	2.40547   	2.40484   	2.46913   	2.46913   	0.0406482 	0.0473601 	0.0652582 	0.0720355 	0.0639823 
0.210000	2.43448   	2.43385   	2.49804   	2.49804   	0.0411152 	0.0478518 	0.0660582 	0.0728805 	0.0647809 
0.212500	2.4635    	2.46285   	2.52696   	2.52696   	0.0415823 	0.0483436 	0.0668582 	0.0737254 	0.0655795 
0.215000	2.49251   	2.49186   	2.55587   	2.55587   	0.0420494 	0.0488353 	0.0676583 	0.0745703 	0.066378  
0.217500	2.52152   	2.52087   	2.58478   	2.58478   	0.0425164 	0.049327  	0.0684583 	0.0754153 	0.0671766 
0.220000	2.55054   	2.54987   	2.61369   	2.61369   	0.0429835 	0.0498188 	0.0692584 	0.0762602 	0.0679751 
0.222500	2.57955   	2.57888   	2.6426    	2.6426    	0.0434506 	0.0503105 	0.0700584 	0.0771051 	0.0687737 
0.225000	2.60857   	2.60789   	2.67152   	2.67152   	0.0439177 	0.0508022 	0.0708584 	0.0779501 	0.0695722 
0.227500	2.63758   	2.6369    	2.70043   	2.70043   	0.0443847 	0.051294  	0.0716585 	0.078795  	0.0703708 
0.230000	2.6666    	2.6659    	2.72934   	2.72934   	0.0448518 	0.0517857 	0.0724585 	0.0796399 	0.0711693 
0.232500	2.69561   	2.69491   	2.75825   	2.75825   	0.0453189 	0.0522774 	0.0732585 	0.0804849 	0.0719679 
0.235000	2.72463   	2.72392   	2.78716   	2.78716   	0.0457859 	0.0527692 	0.0740586 	0.0813298 	0.0727664 
0.237500	2.75364   	2.75292   	2.81607   	2.81607   	0.046253  	0.0532609 	0.0748586 	0.0821747 	0.073565  
0.240000	2.78266   	2.78193   	2.84499   	2.84499   	0.0467201 	0.0537526 	0.0756587 	0.0830197 	0.0743635 
0.242500	2.81167   	2.81094   	2.8739    	2.8739    	0.0471872 	0.0542444 	0.0764587 	0.0838646 	0.0751621 
0.245000	2.84069   	2.83994   	2.90281   	2.90281   	0.0476542 	0.0547361 	0.0772587 	0.0847095 	0.0759606 
0.247500	2.8697    	2.86895   	2.93172   	2.93172   	0.0481213 	0.0552278 	0.0780588 	0.0855545 	0.0767592 
0.250000	2.89872   	2.89796   	2.96063   	2.96063   	0.0485884 	0.0557195 	0.0788588 	0.0863994 	0.0775577 
0.252500	2.93043   	2.92967   	2.99217   	2.99217   	0.0491356 	0.0562661 	0.0796447 	0.0872626 	0.0783398 
0.255000	2.96215   	2.96138   	3.0237    	3.0237    	0.0496827 	0.0568126 	0.0804306 	0.0881258 	0.0791219 
0.257500	2.99387   	2.99309   	3.05524   	3.05524   	0.0502299 	0.0573592 	0.0812165 	0.0889889 	0.079904  
0.260000	3.02559   	3.0248    	3.08677   	3.08677   	0.0507771 	0.0579057 	0.0820024 	0.0898521 	0.0806861 
0.262500	3.05731   	3.05651   	3.1183    	3.1183    	0.0513243 	0.0584523 	0.0827883 	0.0907153 	0.0814682 
0.265000	3.08903   	3.08822   	3.14984   	3.14984   	0.0518715 	0.0589988 	0.0835742 	0.0915785 	0.0822503 
0.267500	3.12075   	3.11993   	3.18137   	3.18137   	0.0524186 	0.0595454 	0.0843601 	0.0924416 	0.0830324 
0.270000	3.15246   	3.15164   	3.2129    	3.2129    	0.0529658 	0.0600919 	0.085146  	0.0933048 	0.0838145 
0.272500	3.18418   	3.18335   	3.24444   	3.24444   	0.053513  	0.0606385 	0.0859319 	0.094168  	0.0845966 
0.275000	3.2159    	3.21506   	3.27597   	3.27597   	0.0540602 	0.061185  	0.0867178 	0.0950312 	0.0853787 
0.277500	3.24762   	3.24677   	3.30751   	3.30751   	0.0546074 	0.0617316 	0.0875037 	0.0958943 	0.0861608 
0.280000	3.27934   	3.27848   	3.33904   	3.33904   	0.0551546 	0.0622781 	0.0882897 	0.0967575 	0.0869429 
0.282500	3.31106   	3.31019   	3.37057   	3.37057   	0.0557017 	0.0628247 	0.0890756 	0.0976207 	0.087725  
0.285000	3.34278   	3.3419    	3.40211   	3.40211   	0.0562489 	0.0633712 	0.0898615 	0.0984839 	0.0885071 
0.287500	3.37449   	3.37361   	3.43364   	3.43364   	0.0567961 	0.0639178 	0.0906474 	0.099347  	0.0892892 
0.290000	3.40621   	3.40532   	3.46518   	3.46518   	0.0573433 	0.0644643 	0.0914333 	0.10021   	0.0900713 
0.292500	3.43793   	3.43703   	3.49671   	3.49671   	0.0578905 	0.0650109 	0.0922192 	0.101073  	0.0908534 
0.295000	3.46965   	3.46874   	3.52824   	3.52824   	0.0584377 	0.0655574 	0.0930051 	0.101937  	0.0916355 
0.297500	3.50137   	3.50045   	3.55978   	3.55978   	0.0589848 	0.066104  	0.093791  	0.1028    	0.0924176 
0.300000	3.53309   	3.53216   	3.59131   	3.59131   	0.059532  	0.0666505 	0.0945769 	0.103663  	0.0931997 
0.302500	3.56745   	3.56652   	3.62542   	3.62542   	0.0601512 	0.0672456 	0.095383  	0.104577  	0.0939989 
0.305000	3.60181   	3.60087   	3.65952   	3.65952   	0.0607704 	0.0678407 	0.0961891 	0.10549   	0.0947982 
0.307500	3.63618   	3.63522   	3.69363   	3.69363   	0.0613896 	0.0684358 	0.0969952 	0.106404  	0.0955974 
0.310000	3.67054   	3.66958   	3.72773   	3.72773   	0.0620088 	0.0690308 	0.0978013 	0.107318  	0.0963966 
0.312500	3.7049    	3.70393   	3.76184   	3.76184   	0.062628  	0.0696259 	0.0986074 	0.108232  	0.0971959 
0.315000	3.73927   	3.73829   	3.79594   	3.79594   	0.0632472 	0.070221  	0.0994135 	0.109146  	0.0979951 
0.317500	3.77363   	3.77264   	3.83005   	3.83005   	0.0638663 	0.0708161 	0.10022   	0.110059  	0.0987943 
0.320000	3.80799   	3.807     	3.86415   	3.86415   	0.0644855 	0.0714111 	0.101026  	0.110973  	0.0995936 
0.322500	3.84236   	3.84135   	3.89826   	3.89826   	0.0651047 	0.0720062 	0.101832  	0.111887  	0.100393  
0.325000	3.87672   	3.8757    	3.93237   	3.93237   	0.0657239 	0.0726013 	0.102638  	0.112801  	0.101192  
0.327500	3.91108   	3.91006   	3.96647   	3.96647   	0.0663431 	0.0731964 	0.103444  	0.113714  	0.101991  
0.330000	3.94545   	3.94441   	4.00058   	4.00058   	0.0669623 	0.0737914 	0.10425   	0.114628  	0.10279   
0.332500	3.97981   	3.97877   	4.03468   	4.03468   	0.0675815 	0.0743865 	0.105056  	0.115542  	0.10359   
0.335000	4.01417   	4.01312   	4.06879   	4.06879   	0.0682007 	0.0749816 	0.105862  	0.116456  	0.104389  
0.337500	4.04854   	4.04747   	4.10289   	4.10289   	0.0688199 	0.0755767 	0.106668  	0.117369  	0.105188  
0.340000	4.0829    	4.08183   	4.137     	4.137     	0.0694391 	0.0761717 	0.107474  	0.118283  	0.105987  
0.342500	4.11726   	4.11618   	4.1711    	4.1711    	0.0700582 	0.0767668 	0.108281  	0.119197  	0.106787  
0.345000	4.15163   	4.15054   	4.20521   	4.20521   	0.0706774 	0.0773619 	0.109087  	0.120111  	0.107586  
0.347500	4.18599   	4.18489   	4.23932   	4.23932   	0.0712966 	0.077957  	0.109893  	0.121024  	0.108385  
0.350000	4.22035   	4.21925   	4.27342   	4.27342   	0.0719158 	0.078552  	0.110699  	0.121938  	0.109184  
0.352500	4.25725   	4.25613   	4.31      	4.31      	0.0725988 	0.0791888 	0.111549  	0.122908  	0.110029  
0.355000	4.29415   	4.29302   	4.34657   	4.34657   	0.0732819 	0.0798256 	0.112399  	0.123878  	0.110874  
0.357500	4.33105   	4.32991   	4.38315   	4.38315   	0.0739649 	0.0804624 	0.11325   	0.124848  	0.111719  
0.360000	4.36794   	4.3668    	4.41972   	4.41972   	0.0746479 	0.0810991 	0.1141    	0.125818  	0.112563  
0.362500	4.40484   	4.40369   	4.4563    	4.4563    	0.0753309 	0.0817359 	0.11495   	0.126788  	0.113408  
0.365000	4.44174   	4.44057   	4.49287   	4.49287   	0.076014  	0.0823727 	0.1158    	0.127758  	0.114253  
0.367500	4.47864   	4.47746   	4.52945   	4.52945   	0.076697  	0.0830094 	0.116651  	0.128728  	0.115098  
0.370000	4.51554   	4.51435   	4.56603   	4.56603   	0.07738   	0.0836462 	0.117501  	0.129698  	0.115942  
0.372500	4.55243   	4.55124   	4.6026    	4.6026    	0.078063  	0.084283  	0.118351  	0.130668  	0.116787  
0.375000	4.58933   	4.58813   	4.63918   	4.63918   	0.0787461 	0.0849198 	0.119201  	0.131638  	0.117632  
0.377500	4.62623   	4.62501   	4.67575   	4.67575   	0.0794291 	0.0855565 	0.120052  	0.132608  	0.118477  
0.380000	4.66313   	4.6619    	4.71233   	4.71233   	0.0801121 	0.0861933 	0.120902  	0.133578  	0.119322  
0.382500	4.70003   	4.69879   	4.7489    	4.7489    	0.0807951 	0.0868301 	0.121752  	0.134548  	0.120166  
0.385000	4.73692   	4.73568   	4.78548   	4.78548   	0.0814782 	0.0874669 	0.122602  	0.135518  	0.121011  
0.387500	4.77382   	4.77257   	4.82206   	4.82206   	0.0821612 	0.0881036 	0.123453  	0.136488  	0.121856  
0.390000	4.81072   	4.80945   	4.85863   	4.85863   	0.0828442 	0.0887404 	0.124303  	0.137458  	0.122701  
0.392500	4.84762   	4.84634   	4.89521   	4.89521   	0.0835272 	0.0893772 	0.125153  	0.138428  	0.123545  
0.395000	4.88451   	4.88323   	4.93178   	4.93178   	0.0842103 	0.0900139 	0.126004  	0.139398  	0.12439   
0.397500	4.92141   	4.92012   	4.96836   	4.96836   	0.0848933 	0.0906507 	0.126854  	0.140368  	0.125235  
0.400000	4.95831   	4.95701   	5.00493   	5.00493   	0.0855763 	0.0912875 	0.127704  	0.141338  	0.12608   
0.402500	4.99762   	4.99631   	5.04387   	5.04387   	0.0863162 	0.0919601 	0.128601  	0.142354  	0.126968  
0.405000	5.03694   	5.03561   	5.0828    	5.0828    	0.0870562 	0.0926327 	0.129498  	0.14337   	0.127856  
0.407500	5.07625   	5.07492   	5.12174   	5.12174   	0.0877961 	0.0933053 	0.130394  	0.144386  	0.128744  
0.410000	5.11556   	5.11422   	5.16067   	5.16067   	0.088536  	0.0939779 	0.131291  	0.145403  	0.129632  
0.412500	5.15488   	5.15352   	5.19961   	5.19961   	0.0892759 	0.0946505 	0.132188  	0.146419  	0.13052   
0.415000	5.19419   	5.19283   	5.23854   	5.23854   	0.0900158 	0.095323  	0.133084  	0.147435  	0.131408  
0.417500	5.2335    	5.23213   	5.27748   	5.27748   	0.0907557 	0.0959956 	0.133981  	0.148451  	0.132297  
0.420000	5.27282   	5.27143   	5.31641   	5.31641   	0.0914957 	0.0966682 	0.134878  	0.149467  	0.133185  
0.422500	5.31213   	5.31073   	5.35534   	5.35534   	0.0922356 	0.0973408 	0.135775  	0.150484  	0.134073  
0.425000	5.35145   	5.35004   	5.39428   	5.39428   	0.0929755 	0.0980134 	0.136671  	0.1515    	0.134961  
0.427500	5.39076   	5.38934   	5.43321   	5.43321   	0.0937154 	0.098686  	0.137568  	0.152516  	0.135849  
0.430000	5.43007   	5.42864   	5.47215   	5.47215   	0.0944553 	0.0993586 	0.138465  	0.153532  	0.136737  
0.432500	5.46939   	5.46795   	5.51108   	5.51108   	0.0951952 	0.100031  	0.139362  	0.154548  	0.137625  
0.435000	5.5087    	5.50725   	5.55002   	5.55002   	0.0959352 	0.100704  	0.140258  	0.155564  	0.138514  
0.437500	5.54801   	5.54655   	5.58895   	5.58895   	0.0966751 	0.101376  	0.141155  	0.156581  	0.139402  
0.440000	5.58733   	5.58586   	5.62789   	5.62789   	0.097415  	0.102049  	0.142052  	0.157597  	0.14029   
0.442500	5.62664   	5.62516   	5.66682   	5.66682   	0.0981549 	0.102722  	0.142949  	0.158613  	0.141178  
0.445000	5.66595   	5.66446   	5.70576   	5.70576   	0.0988948 	0.103394  	0.143845  	0.159629  	0.142066  
0.447500	5.70527   	5.70377   	5.74469   	5.74469   	0.0996347 	0.104067  	0.144742  	0.160645  	0.142954  
0.450000	5.74458   	5.74307   	5.78362   	5.78362   	0.100375  	0.104739  	0.145639  	0.161662  	0.143842  
0.452500	5.7862    	5.78467   	5.82481   	5.82481   	0.101166  	0.105443  	0.14658   	0.16273   	0.144776  
0.455000	5.82782   	5.82628   	5.866     	5.866     	0.101957  	0.106147  	0.14752   	0.163798  	0.145709  
0.457500	5.86943   	5.86789   	5.90719   	5.90719   	0.102749  	0.106851  	0.148461  	0.164866  	0.146643  
0.460000	5.91105   	5.90949   	5.94838   	5.94838   	0.10354   	0.107554  	0.149402  	0.165935  	0.147576  
0.462500	5.95267   	5.9511    	5.98957   	5.98957   	0.104331  	0.108258  	0.150343  	0.167003  	0.148509  
0.465000	5.99429   	5.99271   	6.03076   	6.03076   	0.105122  	0.108962  	0.151283  	0.168071  	0.149443  
0.467500	6.0359    	6.03431   	6.07195   	6.07195   	0.105914  	0.109666  	0.152224  	0.169139  	0.150376  
0.470000	6.07752   	6.07592   	6.11314   	6.11314   	0.106705  	0.11037   	0.153165  	0.170208  	0.15131   
0.472500	6.11914   	6.11753   	6.15433   	6.15433   	0.107496  	0.111073  	0.154106  	0.171276  	0.152243  
0.475000	6.16076   	6.15913   	6.19552   	6.19552   	0.108288  	0.111777  	0.155047  	0.172344  	0.153176  
0.477500	6.20237   	6.20074   	6.2367    	6.2367    	0.109079  	0.112481  	0.155987  	0.173412  	0.15411   
0.480000	6.24399   	6.24235   	6.27789   	6.27789   	0.10987   	0.113185  	0.156928  	0.174481  	0.155043  
0.482500	6.28561   	6.28395   	6.31908   	6.31908   	0.110662  	0.113889  	0.157869  	0.175549  	0.155977  
0.485000	6.32723   	6.32556   	6.36027   	6.36027   	0.111453  	0.114592  	0.15881   	0.176617  	0.15691   
0.487500	6.36884   	6.36717   	6.40146   	6.40146   	0.112244  	0.115296  	0.159751  	0.177686  	0.157843  
0.490000	6.41046   	6.40877   	6.44265   	6.44265   	0.113035  	0.116     	0.160691  	0.178754  	0.158777  
0.492500	6.45208   	6.45038   	6.48384   	6.48384   	0.113827  	0.116704  	0.161632  	0.179822  	0.15971   
0.495000	6.4937    	6.49199   	6.52503   	6.52503   	0.114618  	0.117407  	0.162573  	0.18089   	0.160644  
0.497500	6.53532   	6.53359   	6.56622   	6.56622   	0.115409  	0.118111  	0.163514  	0.181959  	0.161577  
0.500000	6.57693   	6.5752    	6.60741   	6.60741   	0.116201  	0.118815  	0.164454  	0.183027  	0.162511  
0.502500	6.62181   	6.62007   	6.6518    	6.6518    	0.117061  	0.119559  	0.165453  	0.184146  	0.163505  
0.505000	6.6667    	6.66494   	6.69619   	6.69619   	0.117921  	0.120303  	0.166453  	0.185265  	0.164499  
0.507500	6.71158   	6.70981   	6.74058   	6.74058   	0.118782  	0.121047  	0.167452  	0.186384  	0.165494  
0.510000	6.75646   	6.75468   	6.78497   	6.78497   	0.119642  	0.121791  	0.168451  	0.187503  	0.166488  
0.512500	6.80134   	6.79955   	6.82936   	6.82936   	0.120502  	0.122535  	0.16945   	0.188622  	0.167482  
0.515000	6.84622   	6.84442   	6.87375   	6.87375   	0.121363  	0.123279  	0.170449  	0.189741  	0.168477  
0.517500	6.8911    	6.88929   	6.91814   	6.91814   	0.122223  	0.124023  	0.171448  	0.19086   	0.169471  
0.520000	6.93599   	6.93416   	6.96253   	6.96253   	0.123083  	0.124767  	0.172447  	0.191979  	0.170465  
0.522500	6.98087   	6.97903   	7.00692   	7.00692   	0.123944  	0.125511  	0.173446  	0.193098  	0.17146   
0.525000	7.02575   	7.0239    	7.05131   	7.05131   	0.124804  	0.126255  	0.174445  	0.194217  	0.172454  
0.527500	7.07063   	7.06877   	7.0957    	7.0957    	0.125664  	0.126999  	0.175444  	0.195336  	0.173449  
0.530000	7.11551   	7.11364   	7.14009   	7.14009   	0.126525  	0.127743  	0.176443  	0.196455  	0.174443  
0.532500	7.16039   	7.15851   	7.18448   	7.18448   	0.127385  	0.128487  	0.177443  	0.197574  	0.175437  
0.535000	7.20528   	7.20338   	7.22888   	7.22888   	0.128245  	0.129231  	0.178442  	0.198694  	0.176432  
0.537500	7.25016   	7.24825   	7.27327   	7.27327   	0.129106  	0.129975  	0.179441  	0.199813  	0.177426  
0.540000	7.29504   	7.29312   	7.31766   	7.31766   	0.129966  	0.130719  	0.18044   	0.200932  	0.17842   
0.542500	7.33992   	7.33798   	7.36205   	7.36205   	0.130826  	0.131463  	0.181439  	0.202051  	0.179415  
0.545000	7.3848    	7.38285   	7.40644   	7.40644   	0.131687  	0.132207  	0.182438  	0.20317   	0.180409  
0.547500	7.42968   	7.42772   	7.45083   	7.45083   	0.132547  	0.132951  	0.183437  	0.204289  	0.181403  
0.550000	7.47457   	7.47259   	7.49522   	7.49522   	0.133407  	0.133695  	0.184436  	0.205408  	0.182398  
0.552500	7.51945   	7.51746   	7.53961   	7.53961   	0.134268  	0.134439  	0.185435  	0.206527  	0.183392  
0.555000	7.56433   	7.56233   	7.584     	7.584     	0.135128  	0.135183  	0.186434  	0.207646  	0.184387  
0.557500	7.60921   	7.6072    	7.62839   	7.62839   	0.135988  	0.135927  	0.187433  	0.208765  	0.185381  
0.560000	7.65409   	7.65207   	7.67278   	7.67278   	0.136849  	0.136671  	0.188432  	0.209884  	0.186375  
0.562500	7.69897   	7.69694   	7.71717   	7.71717   	0.137709  	0.137415  	0.189432  	0.211003  	0.18737   
0.565000	7.74386   	7.74181   	7.76156   	7.76156   	0.138569  	0.138159  	0.190431  	0.212122  	0.188364  
0.567500	7.78874   	7.78668   	7.80595   	7.80595   	0.13943   	0.138903  	0.19143   	0.213241  	0.189358  
0.570000	7.83362   	7.83155   	7.85034   	7.85034   	0.14029   	0.139647  	0.192429  	0.21436   	0.190353  
0.572500	7.8785    	7.87642   	7.89474   	7.89474   	0.14115   	0.14039   	0.193428  	0.215479  	0.191347  
0.575000	7.92338   	7.92129   	7.93913   	7.93913   	0.142011  	0.141134  	0.194427  	0.216598  	0.192341  
0.577500	7.96826   	7.96616   	7.98352   	7.98352   	0.142871  	0.141878  	0.195426  	0.217717  	0.193336  
0.580000	8.01315   	8.01103   	8.02791   	8.02791   	0.143732  	0.142622  	0.196425  	0.218836  	0.19433   
0.582500	8.05803   	8.0559    	8.0723    	8.0723    	0.144592  	0.143366  	0.197424  	0.219955  	0.195325  
0.585000	8.10291   	8.10077   	8.11669   	8.11669   	0.145452  	0.14411   	0.198423  	0.221075  	0.196319  
0.587500	8.14779   	8.14564   	8.16108   	8.16108   	0.146313  	0.144854  	0.199422  	0.222194  	0.197313  
0.590000	8.19267   	8.19051   	8.20547   	8.20547   	0.147173  	0.145598  	0.200422  	0.223313  	0.198308  
0.592500	8.23755   	8.23538   	8.24986   	8.24986   	0.148033  	0.146342  	0.201421  	0.224432  	0.199302  
0.595000	8.28244   	8.28025   	8.29425   	8.29425   	0.148894  	0.147086  	0.20242   	0.225551  	0.200296  
0.597500	8.32732   	8.32512   	8.33864   	8.33864   	0.149754  	0.14783   	0.203419  	0.22667   	0.201291  
0.600000	8.3722    	8.36999   	8.38303   	8.38303   	0.150614  	0.148574  	0.204418  	0.227789  	0.202285  
0.602500	8.42117   	8.41895   	8.43145   	8.43145   	0.151557  	0.149365  	0.205489  	0.228983  	0.203354  
0.605000	8.47015   	8.46791   	8.47986   	8.47986   	0.152501  	0.150155  	0.206561  	0.230177  	0.204423  
0.607500	8.51912   	8.51687   	8.52828   	8.52828   	0.153444  	0.150945  	0.207632  	0.231371  	0.205492  
0.610000	8.56809   	8.56583   	8.5767    	8.5767    	0.154387  	0.151736  	0.208704  	0.232565  	0.206561  
0.612500	8.61707   	8.61479   	8.62511   	8.62511   	0.15533   	0.152526  	0.209775  	0.23376   	0.20763   
0.615000	8.66604   	8.66375   	8.67353   	8.67353   	0.156274  	0.153317  	0.210846  	0.234954  	0.208699  
0.617500	8.71501   	8.71271   	8.72194   	8.72194   	0.157217  	0.154107  	0.211918  	0.236148  	0.209768  
0.620000	8.76399   	8.76167   	8.77036   	8.77036   	0.15816   	0.154897  	0.212989  	0.237342  	0.210837  
0.622500	8.81296   	8.81063   	8.81877   	8.81877   	0.159103  	0.155688  	0.214061  	0.238536  	0.211906  
0.625000	8.86193   	8.85959   	8.86719   	8.86719   	0.160047  	0.156478  	0.215132  	0.23973   	0.212976  
0.627500	8.91091   	8.90855   	8.91561   	8.91561   	0.16099   	0.157269  	0.216203  	0.240925  	0.214045  
0.630000	8.95988   	8.95751   	8.96402   	8.96402   	0.161933  	0.158059  	0.217275  	0.242119  	0.215114  
0.632500	9.00885   	9.00647   	9.01244   	9.01244   	0.162876  	0.158849  	0.218346  	0.243313  	0.216183  
0.635000	9.05783   	9.05543   	9.06085   	9.06085   	0.163819  	0.15964   	0.219418  	0.244507  	0.217252  
0.637500	9.1068    	9.10439   	9.10927   	9.10927   	0.164763  	0.16043   	0.220489  	0.245701  	0.218321  
0.640000	9.15577   	9.15336   	9.15768   	9.15768   	0.165706  	0.161221  	0.221561  	0.246895  	0.21939   
0.642500	9.20475   	9.20232   	9.2061    	9.2061    	0.166649  	0.162011  	0.222632  	0.24809   	0.220459  
0.645000	9.25372   	9.25128   	9.25452   	9.25452   	0.167592  	0.162801  	0.223703  	0.249284  	0.221528  
0.647500	9.30269   	9.30024   	9.30293   	9.30293   	0.168536  	0.163592  	0.224775  	0.250478  	0.222597  
0.650000	9.35167   	9.3492    	9.35135   	9.35135   	0.169479  	0.164382  	0.225846  	0.251672  	0.223666  
0.652500	9.40064   	9.39816   	9.39976   	9.39976   	0.170422  	0.165173  	0.226918  	0.252866  	0.224735  
0.655000	9.44961   	9.44712   	9.44818   	9.44818   	0.171365  	0.165963  	0.227989  	0.254061  	0.225804  
0.657500	9.49859   	9.49608   	9.49659   	9.49659   	0.172309  	0.166753  	0.229061  	0.255255  	0.226873  
0.660000	9.54756   	9.54504   	9.54501   	9.54501   	0.173252  	0.167544  	0.230132  	0.256449  	0.227942  
0.662500	9.59653   	9.594     	9.59343   	9.59343   	0.174195  	0.168334  	0.231203  	0.257643  	0.229011  
0.665000	9.64551   	9.64296   	9.64184   	9.64184   	0.175138  	0.169125  	0.232275  	0.258837  	0.23008   
0.667500	9.69448   	9.69192   	9.69026   	9.69026   	0.176081  	0.169915  	0.233346  	0.260031  	0.231149  
0.670000	9.74345   	9.74088   	9.73867   	9.73867   	0.177025  	0.170705  	0.234418  	0.261226  	0.232218  
0.672500	9.79243   	9.78984   	9.78709   	9.78709   	0.177968  	0.171496  	0.235489  	0.26242   	0.233287  
0.675000	9.8414    	9.8388    	9.8355    	9.8355    	0.178911  	0.172286  	0.23656   	0.263614  	0.234356  
0.677500	9.89037   	9.88776   	9.88392   	9.88392   	0.179854  	0.173077  	0.237632  	0.264808  	0.235425  
0.680000	9.93935   	9.93672   	9.93234   	9.93234   	0.180798  	0.173867  	0.238703  	0.266002  	0.236494  
0.682500	9.98832   	9.98568   	9.98075   	9.98075   	0.181741  	0.174657  	0.239775  	0.267196  	0.237563  
0.685000	10.0373   	10.0346   	10.0292   	10.0292   	0.182684  	0.175448  	0.240846  	0.268391  	0.238632  
0.687500	10.0863   	10.0836   	10.0776   	10.0776   	0.183627  	0.176238  	0.241918  	0.269585  	0.239702  
0.690000	10.1352   	10.1326   	10.126    	10.126    	0.184571  	0.177028  	0.242989  	0.270779  	0.240771  
0.692500	10.1842   	10.1815   	10.1744   	10.1744   	0.185514  	0.177819  	0.24406   	0.271973  	0.24184   
0.695000	10.2332   	10.2305   	10.2228   	10.2228   	0.186457  	0.178609  	0.245132  	0.273167  	0.242909  
0.697500	10.2822   	10.2794   	10.2712   	10.2712   	0.1874    	0.1794    	0.246203  	0.274361  	0.243978  
0.700000	10.3311   	10.3284   	10.3197   	10.3197   	0.188343  	0.18019   	0.247275  	0.275556  	0.245047  
0.702500	10.384    	10.3812   	10.3719   	10.3719   	0.189362  	0.181022  	0.248415  	0.276813  	0.246185  
0.705000	10.4368   	10.434    	10.4241   	10.4241   	0.190381  	0.181853  	0.249554  	0.27807   	0.247323  
0.707500	10.4896   	10.4868   	10.4763   	10.4763   	0.1914    	0.182684  	0.250694  	0.279327  	0.248461  
0.710000	10.5424   	10.5396   	10.5285   	10.5285   	0.192419  	0.183516  	0.251834  	0.280584  	0.249599  
0.712500	10.5952   	10.5924   	10.5807   	10.5807   	0.193438  	0.184347  	0.252974  	0.281841  	0.250737  
0.715000	10.6481   	10.6452   	10.6329   	10.6329   	0.194457  	0.185179  	0.254114  	0.283099  	0.251875  
0.717500	10.7009   	10.698    	10.6851   	10.6851   	0.195475  	0.18601   	0.255254  	0.284356  	0.253013  
0.720000	10.7537   	10.7509   	10.7373   	10.7373   	0.196494  	0.186842  	0.256394  	0.285613  	0.254151  
0.722500	10.8065   	10.8037   	10.7896   	10.7896   	0.197513  	0.187673  	0.257534  	0.28687   	0.25529   
0.725000	10.8593   	10.8565   	10.8418   	10.8418   	0.198532  	0.188505  	0.258674  	0.288127  	0.256428  
0.727500	10.9122   	10.9093   	10.894    	10.894    	0.199551  	0.189336  	0.259814  	0.289384  	0.257566  
0.730000	10.965    	10.9621   	10.9462   	10.9462   	0.20057   	0.190168  	0.260953  	0.290642  	0.258704  
0.732500	11.0178   	11.0149   	10.9984   	10.9984   	0.201589  	0.190999  	0.262093  	0.291899  	0.259842  
0.735000	11.0706   	11.0677   	11.0506   	11.0506   	0.202607  	0.191831  	0.263233  	0.293156  	0.26098   
0.737500	11.1234   	11.1205   	11.1028   	11.1028   	0.203626  	0.192662  	0.264373  	0.294413  	0.262118  
0.740000	11.1763   	11.1733   	11.155    	11.155    	0.204645  	0.193494  	0.265513  	0.29567   	0.263256  
0.742500	11.2291   	11.2261   	11.2072   	11.2072   	0.205664  	0.194325  	0.266653  	0.296927  	0.264394  
0.745000	11.2819   	11.2789   	11.2595   	11.2595   	0.206683  	0.195157  	0.267793  	0.298185  	0.265532  
0.747500	11.3347   	11.3317   	11.3117   	11.3117   	0.207702  	0.195988  	0.268933  	0.299442  	0.266671  
0.750000	11.3875   	11.3845   	11.3639   	11.3639   	0.208721  	0.196819  	0.270073  	0.300699  	0.267809  
0.752500	11.4403   	11.4373   	11.4161   	11.4161   	0.209739  	0.197651  	0.271213  	0.301956  	0.268947  
0.755000	11.4932   	11.4901   	11.4683   	11.4683   	0.210758  	0.198482  	0.272353  	0.303213  	0.270085  
0.757500	11.546    	11.5429   	11.5205   	11.5205   	0.211777  	0.199314  	0.273492  	0.304471  	0.271223  
0.760000	11.5988   	11.5957   	11.5727   	11.5727   	0.212796  	0.200145  	0.274632  	0.305728  	0.272361  
0.762500	11.6516   	11.6485   	11.6249   	11.6249   	0.213815  	0.200977  	0.275772  	0.306985  	0.273499  
0.765000	11.7044   	11.7014   	11.6771   	11.6771   	0.214834  	0.201808  	0.276912  	0.308242  	0.274637  
0.767500	11.7573   	11.7542   	11.7294   	11.7294   	0.215853  	0.20264   	0.278052  	0.309499  	0.275775  
0.770000	11.8101   	11.807    	11.7816   	11.7816   	0.216871  	0.203471  	0.279192  	0.310756  	0.276913  
0.772500	11.8629   	11.8598   	11.8338   	11.8338   	0.21789   	0.204303  	0.280332  	0.312014  	0.278051  
0.775000	11.9157   	11.9126   	11.886    	11.886    	0.218909  	0.205134  	0.281472  	0.313271  	0.27919   
0.777500	11.9685   	11.9654   	11.9382   	11.9382   	0.219928  	0.205966  	0.282612  	0.314528  	0.280328  
0.780000	12.0214   	12.0182   	11.9904   	11.9904   	0.220947  	0.206797  	0.283752  	0.315785  	0.281466  
0.782500	12.0742   	12.071    	12.0426   	12.0426   	0.221966  	0.207629  	0.284891  	0.317042  	0.282604  
0.785000	12.127    	12.1238   	12.0948   	12.0948   	0.222985  	0.20846   	0.286031  	0.318299  	0.283742  
0.787500	12.1798   	12.1766   	12.147    	12.147    	0.224004  	0.209292  	0.287171  	0.319557  	0.28488   
0.790000	12.2326   	12.2294   	12.1993   	12.1993   	0.225022  	0.210123  	0.288311  	0.320814  	0.286018  
0.792500	12.2855   	12.2822   	12.2515   	12.2515   	0.226041  	0.210955  	0.289451  	0.322071  	0.287156  
0.795000	12.3383   	12.335    	12.3037   	12.3037   	0.22706   	0.211786  	0.290591  	0.323328  	0.288294  
0.797500	12.3911   	12.3878   	12.3559   	12.3559   	0.228079  	0.212617  	0.291731  	0.324585  	0.289432  
0.800000	12.4439   	12.4406   	12.4081   	12.4081   	0.229098  	0.213449  	0.292871  	0.325842  	0.29057   
0.802500	12.5004   	12.4971   	12.4639   	12.4639   	0.230188  	0.214318  	0.294071  	0.32716   	0.291772  
0.805000	12.5569   	12.5536   	12.5198   	12.5198   	0.231277  	0.215188  	0.295272  	0.328477  	0.292974  
0.807500	12.6134   	12.61     	12.5756   	12.5756   	0.232367  	0.216057  	0.296473  	0.329795  	0.294176  
0.810000	12.6698   	12.6665   	12.6314   	12.6314   	0.233457  	0.216926  	0.297673  	0.331112  	0.295378  
0.812500	12.7263   	12.7229   	12.6872   	12.6872   	0.234547  	0.217796  	0.298874  	0.33243   	0.29658   
0.815000	12.7828   	12.7794   	12.7431   	12.7431   	0.235636  	0.218665  	0.300075  	0.333747  	0.297782  
0.817500	12.8393   	12.8359   	12.7989   	12.7989   	0.236726  	0.219534  	0.301276  	0.335065  	0.298983  
0.820000	12.8957   	12.8923   	12.8547   	12.8547   	0.237816  	0.220404  	0.302476  	0.336382  	0.300185  
0.822500	12.9522   	12.9488   	12.9106   	12.9106   	0.238906  	0.221273  	0.303677  	0.337699  	0.301387  
0.825000	13.0087   	13.0053   	12.9664   	12.9664   	0.239995  	0.222143  	0.304878  	0.339017  	0.302589  
0.827500	13.0652   	13.0617   	13.0222   	13.0222   	0.241085  	0.223012  	0.306078  	0.340334  	0.303791  
0.830000	13.1216   	13.1182   	13.0781   	13.0781   	0.242175  	0.223881  	0.307279  	0.341652  	0.304993  
0.832500	13.1781   	13.1746   	13.1339   	13.1339   	0.243265  	0.224751  	0.30848   	0.342969  	0.306194  
0.835000	13.2346   	13.2311   	13.1897   	13.1897   	0.244354  	0.22562   	0.30968   	0.344287  	0.307396  
0.837500	13.2911   	13.2876   	13.2455   	13.2455   	0.245444  	0.226489  	0.310881  	0.345604  	0.308598  
0.840000	13.3475   	13.344    	13.3014   	13.3014   	0.246534  	0.227359  	0.312082  	0.346922  	0.3098    
0.842500	13.404    	13.4005   	13.3572   	13.3572   	0.247624  	0.228228  	0.313282  	0.348239  	0.311002  
0.845000	13.4605   	13.4569   	13.413    	13.413    	0.248713  	0.229097  	0.314483  	0.349556  	0.312204  
0.847500	13.517    	13.5134   	13.4689   	13.4689   	0.249803  	0.229967  	0.315684  	0.350874  	0.313406  
0.850000	13.5735   	13.5699   	13.5247   	13.5247   	0.250893  	0.230836  	0.316884  	0.352191  	0.314607  
0.852500	13.6299   	13.6263   	13.5805   	13.5805   	0.251983  	0.231705  	0.318085  	0.353509  	0.315809  
0.855000	13.6864   	13.6828   	13.6363   	13.6363   	0.253072  	0.232575  	0.319286  	0.354826  	0.317011  
0.857500	13.7429   	13.7393   	13.6922   	13.6922   	0.254162  	0.233444  	0.320486  	0.356144  	0.318213  
0.860000	13.7994   	13.7957   	13.748    	13.748    	0.255252  	0.234314  	0.321687  	0.357461  	0.319415  
0.862500	13.8558   	13.8522   	13.8038   	13.8038   	0.256342  	0.235183  	0.322888  	0.358779  	0.320617  
0.865000	13.9123   	13.9086   	13.8597   	13.8597   	0.257432  	0.236052  	0.324088  	0.360096  	0.321819  
0.867500	13.9688   	13.9651   	13.9155   	13.9155   	0.258521  	0.236922  	0.325289  	0.361413  	0.32302   
0.870000	14.0253   	14.0216   	13.9713   	13.9713   	0.259611  	0.237791  	0.32649   	0.362731  	0.324222  
0.872500	14.0817   	14.078    	14.0271   	14.0271   	0.260701  	0.23866   	0.32769   	0.364048  	0.325424  
0.875000	14.1382   	14.1345   	14.083    	14.083    	0.261791  	0.23953   	0.328891  	0.365366  	0.326626  
0.877500	14.1947   	14.1909   	14.1388   	14.1388   	0.26288   	0.240399  	0.330092  	0.366683  	0.327828  
0.880000	14.2512   	14.2474   	14.1946   	14.1946   	0.26397   	0.241268  	0.331292  	0.368001  	0.32903   
0.882500	14.3077   	14.3039   	14.2505   	14.2505   	0.26506   	0.242138  	0.332493  	0.369318  	0.330231  
0.885000	14.3641   	14.3603   	14.3063   	14.3063   	0.26615   	0.243007  	0.333694  	0.370636  	0.331433  
0.887500	14.4206   	14.4168   	14.3621   	14.3621   	0.267239  	0.243877  	0.334894  	0.371953  	0.332635  
0.890000	14.4771   	14.4733   	14.4179   	14.4179   	0.268329  	0.244746  	0.336095  	0.37327   	0.333837  
0.892500	14.5336   	14.5297   	14.4738   	14.4738   	0.269419  	0.245615  	0.337296  	0.374588  	0.335039  
0.895000	14.59     	14.5862   	14.5296   	14.5296   	0.270509  	0.246485  	0.338496  	0.375905  	0.336241  
0.897500	14.6465   	14.6426   	14.5854   	14.5854   	0.271598  	0.247354  	0.339697  	0.377223  	0.337443  
0.900000	14.703    	14.6991   	14.6413   	14.6413   	0.272688  	0.248223  	0.340898  	0.37854   	0.338644  
0.902500	14.763    	14.7591   	14.7006   	14.7006   	0.273845  	0.249129  	0.342159  	0.379912  	0.339909  
0.905000	14.823    	14.819    	14.7599   	14.7599   	0.275003  	0.250034  	0.34342   	0.381283  	0.341174  
0.907500	14.8829   	14.879    	14.8192   	14.8192   	0.27616   	0.250939  	0.344682  	0.382655  	0.342439  
0.910000	14.9429   	14.939    	14.8785   	14.8785   	0.277318  	0.251844  	0.345943  	0.384026  	0.343704  
0.912500	15.0029   	14.9989   	14.9378   	14.9378   	0.278475  	0.252749  	0.347204  	0.385397  	0.344969  
0.915000	15.0629   	15.0589   	14.9971   	14.9971   	0.279632  	0.253654  	0.348466  	0.386769  	0.346234  
0.917500	15.1229   	15.1189   	15.0564   	15.0564   	0.28079   	0.25456   	0.349727  	0.38814   	0.347499  
0.920000	15.1828   	15.1788   	15.1157   	15.1157   	0.281947  	0.255465  	0.350988  	0.389512  	0.348764  
0.922500	15.2428   	15.2388   	15.175    	15.175    	0.283104  	0.25637   	0.35225   	0.390883  	0.350029  
0.925000	15.3028   	15.2988   	15.2343   	15.2343   	0.284262  	0.257275  	0.353511  	0.392255  	0.351294  
0.927500	15.3628   	15.3587   	15.2936   	15.2936   	0.285419  	0.25818   	0.354772  	0.393626  	0.352558  
0.930000	15.4228   	15.4187   	15.3529   	15.3529   	0.286576  	0.259085  	0.356034  	0.394997  	0.353823  
0.932500	15.4828   	15.4787   	15.4122   	15.4122   	0.287734  	0.259991  	0.357295  	0.396369  	0.355088  
0.935000	15.5427   	15.5386   	15.4715   	15.4715   	0.288891  	0.260896  	0.358556  	0.39774   	0.356353  
0.937500	15.6027   	15.5986   	15.5309   	15.5309   	0.290048  	0.261801  	0.359818  	0.399112  	0.357618  
0.940000	15.6627   	15.6586   	15.5902   	15.5902   	0.291206  	0.262706  	0.361079  	0.400483  	0.358883  
0.942500	15.7227   	15.7185   	15.6495   	15.6495   	0.292363  	0.263611  	0.36234   	0.401855  	0.360148  
0.945000	15.7827   	15.7785   	15.7088   	15.7088   	0.29352   	0.264516  	0.363602  	0.403226  	0.361413  
0.947500	15.8426   	15.8385   	15.7681   	15.7681   	0.294678  	0.265422  	0.364863  	0.404597  	0.362678  
0.950000	15.9026   	15.8984   	15.8274   	15.8274   	0.295835  	0.266327  	0.366124  	0.405969  	0.363943  
0.952500	15.9626   	15.9584   	15.8867   	15.8867   	0.296992  	0.267232  	0.367386  	0.40734   	0.365208  
0.955000	16.0226   	16.0184   	15.946    	15.946    	0.29815   	0.268137  	0.368647  	0.408712  	0.366473  
0.957500	16.0826   	16.0783   	16.0053   	16.0053   	0.299307  	0.269042  	0.369908  	0.410083  	0.367737  
0.960000	16.1426   	16.1383   	16.0646   	16.0646   	0.300465  	0.269947  	0.37117   	0.411455  	0.369002  
0.962500	16.2025   	16.1983   	16.1239   	16.1239   	0.301622  	0.270853  	0.372431  	0.412826  	0.370267  
0.965000	16.2625   	16.2582   	16.1832   	16.1832   	0.302779  	0.271758  	0.373692  	0.414197  	0.371532  
0.967500	16.3225   	16.3182   	16.2425   	16.2425   	0.303937  	0.272663  	0.374954  	0.415569  	0.372797  
0.970000	16.3825   	16.3782   	16.3018   	16.3018   	0.305094  	0.273568  	0.376215  	0.41694   	0.374062  
0.972500	16.4425   	16.4381   	16.3611   	16.3611   	0.306251  	0.274473  	0.377476  	0.418312  	0.375327  
0.975000	16.5025   	16.4981   	16.4204   	16.4204   	0.307409  	0.275378  	0.378738  	0.419683  	0.376592  
0.977500	16.5624   	16.558    	16.4797   	16.4797   	0.308566  	0.276284  	0.379999  	0.421055  	0.377857  
0.980000	16.6224   	16.618    	16.539    	16.539    	0.309723  	0.277189  	0.38126   	0.422426  	0.379122  
0.982500	16.6824   	16.678    	16.5984   	16.5984   	0.310881  	0.278094  	0.382522  	0.423797  	0.380387  
0.985000	16.7424   	16.7379   	16.6577   	16.6577   	0.312038  	0.278999  	0.383783  	0.425169  	0.381652  
0.987500	16.8024   	16.7979   	16.717    	16.717    	0.313195  	0.279904  	0.385044  	0.42654   	0.382916  
0.990000	16.8623   	16.8579   	16.7763   	16.7763   	0.314353  	0.280809  	0.386306  	0.427912  	0.384181  
0.992500	16.9223   	16.9178   	16.8356   	16.8356   	0.31551   	0.281715  	0.387567  	0.429283  	0.385446  
0.995000	16.9823   	16.9778   	16.8949   	16.8949   	0.316667  	0.28262   	0.388828  	0.430655  	0.386711  
0.997500	17.0423   	17.0378   	16.9542   	16.9542   	0.317825  	0.283525  	0.39009   	0.432026  	0.387976  
1.000000	17.1023   	17.0977   	17.0135   	17.0135   	0.318982  	0.28443   	0.391351  	0.433397  	0.389241  
1.002500	17.1681   	17.1635   	17.0786   	17.0786   	0.320252  	0.285394  	0.392709  	0.43486   	0.390604  
1.005000	17.2339   	17.2293   	17.1437   	17.1437   	0.321522  	0.286359  	0.394067  	0.436322  	0.391967  
1.007500	17.2997   	17.2951   	17.2088   	17.2088   	0.322791  	0.287323  	0.395425  	0.437784  	0.39333   
1.010000	17.3655   	17.3609   	17.2739   	17.2739   	0.324061  	0.288287  	0.396784  	0.439246  	0.394693  
1.012500	17.4313   	17.4267   	17.339    	17.339    	0.325331  	0.289251  	0.398142  	0.440709  	0.396055  
1.015000	17.4971   	17.4925   	17.4041   	17.4041   	0.3266    	0.290216  	0.3995    	0.442171  	0.397418  
1.017500	17.5629   	17.5583   	17.4692   	17.4692   	0.32787   	0.29118   	0.400858  	0.443633  	0.398781  
1.020000	17.6288   	17.6241   	17.5343   	17.5343   	0.32914   	0.292144  	0.402216  	0.445095  	0.400144  
1.022500	17.6946   	17.6899   	17.5994   	17.5994   	0.330409  	0.293108  	0.403574  	0.446558  	0.401507  
1.025000	17.7604   	17.7557   	17.6645   	17.6645   	0.331679  	0.294073  	0.404932  	0.44802   	0.40287   
1.027500	17.8262   	17.8215   	17.7296   	17.7296   	0.332949  	0.295037  	0.40629   	0.449482  	0.404233  
1.030000	17.892    	17.8873   	17.7947   	17.7947   	0.334218  	0.296001  	0.407648  	0.450944  	0.405596  
1.032500	17.9578   	17.9531   	17.8598   	17.8598   	0.335488  	0.296966  	0.409006  	0.452406  	0.406959  
1.035000	18.0236   	18.0188   	17.9249   	17.9249   	0.336758  	0.29793   	0.410364  	0.453869  	0.408321  
1.037500	18.0894   	18.0846   	17.99     	17.99     	0.338027  	0.298894  	0.411722  	0.455331  	0.409684  
1.040000	18.1552   	18.1504   	18.0551   	18.0551   	0.339297  	0.299858  	0.413081  	0.456793  	0.411047  
1.042500	18.2211   	18.2162   	18.1202   	18.1202   	0.340567  	0.300823  	0.414439  	0.458255  	0.41241   
1.045000	18.2869   	18.282    	18.1853   	18.1853   	0.341836  	0.301787  	0.415797  	0.459718  	0.413773  
1.047500	18.3527   	18.3478   	18.2504   	18.2504   	0.343106  	0.302751  	0.417155  	0.46118   	0.415136  
1.050000	18.4185   	18.4136   	18.3156   	18.3156   	0.344376  	0.303715  	0.418513  	0.462642  	0.416499  
1.052500	18.4843   	18.4794   	18.3807   	18.3807   	0.345645  	0.30468   	0.419871  	0.464104  	0.417862  
1.055000	18.5501   	18.5452   	18.4458   	18.4458   	0.346915  	0.305644  	0.421229  	0.465567  	0.419225  
1.057500	18.6159   	18.611    	18.5109   	18.5109   	0.348185  	0.306608  	0.422587  	0.467029  	0.420587  
1.060000	18.6817   	18.6768   	18.576    	18.576    	0.349454  	0.307573  	0.423945  	0.468491  	0.42195   
1.062500	18.7475   	18.7426   	18.6411   	18.6411   	0.350724  	0.308537  	0.425303  	0.469953  	0.423313  
1.065000	18.8133   	18.8084   	18.7062   	18.7062   	0.351994  	0.309501  	0.426661  	0.471415  	0.424676  
1.067500	18.8792   	18.8742   	18.7713   	18.7713   	0.353263  	0.310465  	0.428019  	0.472878  	0.426039  
1.070000	18.945    	18.94     	18.8364   	18.8364   	0.354533  	0.31143   	0.429378  	0.47434   	0.427402  
1.072500	19.0108   	19.0057   	18.9015   	18.9015   	0.355803  	0.312394  	0.430736  	0.475802  	0.428765  
1.075000	19.0766   	19.0715   	18.9666   	18.9666   	0.357072  	0.313358  	0.432094  	0.477264  	0.430128  
1.077500	19.1424   	19.1373   	19.0317   	19.0317   	0.358342  	0.314322  	0.433452  	0.478727  	0.431491  
1.080000	19.2082   	19.2031   	19.0968   	19.0968   	0.359612  	0.315287  	0.43481   	0.480189  	0.432853  
1.082500	19.274    	19.2689   	19.1619   	19.1619   	0.360881  	0.316251  	0.436168  	0.481651  	0.434216  
1.085000	19.3398   	19.3347   	19.227    	19.227    	0.362151  	0.317215  	0.437526  	0.483113  	0.435579  
1.087500	19.4056   	19.4005   	19.2921   	19.2921   	0.363421  	0.318179  	0.438884  	0.484576  	0.436942  
1.090000	19.4715   	19.4663   	19.3572   	19.3572   	0.36469   	0.319144  	0.440242  	0.486038  	0.438305  
1.092500	19.5373   	19.5321   	19.4223   	19.4223   	0.36596   	0.320108  	0.4416    	0.4875    	0.439668  
1.095000	19.6031   	19.5979   	19.4874   	19.4874   	0.36723   	0.321072  	0.442958  	0.488962  	0.441031  
1.097500	19.6689   	19.6637   	19.5525   	19.5525   	0.368499  	0.322037  	0.444317  	0.490424  	0.442394  
1.100000	19.7347   	19.7295   	19.6176   	19.6176   	0.369769  	0.323001  	0.445675  	0.491887  	0.443757  
1.102500	19.8005   	19.7953   	19.6827   	19.6827   	0.371039  	0.323965  	0.447033  	0.493349  	0.445119  
1.105000	19.8663   	19.8611   	19.7478   	19.7478   	0.372308  	0.324929  	0.448391  	0.494811  	0.446482  
1.107500	19.9321   	19.9268   	19.8129   	19.8129   	0.373578  	0.325894  	0.449749  	0.496273  	0.447845  
1.110000	19.9979   	19.9926   	19.878    	19.878    	0.374848  	0.326858  	0.451107  	0.497736  	0.449208  
1.112500	20.0637   	20.0584   	19.9431   	19.9431   	0.376118  	0.327822  	0.452465  	0.499198  	0.450571  
1.115000	20.1296   	20.1242   	20.0082   	20.0082   	0.377387  	0.328786  	0.453823  	0.50066   	0.451934  
1.117500	20.1954   	20.19     	20.0733   	20.0733   	0.378657  	0.329751  	0.455181  	0.502122  	0.453297  
1.120000	20.2612   	20.2558   	20.1384   	20.1384   	0.379927  	0.330715  	0.456539  	0.503585  	0.45466   
1.122500	20.327    	20.3216   	20.2035   	20.2035   	0.381196  	0.331679  	0.457897  	0.505047  	0.456022  
1.125000	20.3928   	20.3874   	20.2686   	20.2686   	0.382466  	0.332644  	0.459255  	0.506509  	0.457385  
1.127500	20.4586   	20.4532   	20.3337   	20.3337   	0.383736  	0.333608  	0.460614  	0.507971  	0.458748  
1.130000	20.5244   	20.519    	20.3988   	20.3988   	0.385005  	0.334572  	0.461972  	0.509434  	0.460111  
1.132500	20.5902   	20.5848   	20.4639   	20.4639   	0.386275  	0.335536  	0.46333   	0.510896  	0.461474  
1.135000	20.656    	20.6506   	20.529    	20.529    	0.387545  	0.336501  	0.464688  	0.512358  	0.462837  
1.137500	20.7218   	20.7164   	20.5942   	20.5942   	0.388814  	0.337465  	0.466046  	0.51382   	0.4642    
1.140000	20.7877   	20.7822   	20.6593   	20.6593   	0.390084  	0.338429  	0.467404  	0.515282  	0.465563  
1.142500	20.8535   	20.8479   	20.7244   	20.7244   	0.391354  	0.339393  	0.468762  	0.516745  	0.466926  
1.145000	20.9193   	20.9137   	20.7895   	20.7895   	0.392623  	0.340358  	0.47012   	0.518207  	0.468288  
1.147500	20.9851   	20.9795   	20.8546   	20.8546   	0.393893  	0.341322  	0.471478  	0.519669  	0.469651  
1.150000	21.0509   	21.0453   	20.9197   	20.9197   	0.395163  	0.342286  	0.472836  	0.521131  	0.471014  
1.152500	21.1167   	21.1111   	20.9848   	20.9848   	0.396432  	0.34325   	0.474194  	0.522594  	0.472377  
1.155000	21.1825   	21.1769   	21.0499   	21.0499   	0.397702  	0.344215  	0.475552  	0.524056  	0.47374   
1.157500	21.2483   	21.2427   	21.115    	21.115    	0.398972  	0.345179  	0.476911  	0.525518  	0.475103  
1.160000	21.3141   	21.3085   	21.1801   	21.1801   	0.400241  	0.346143  	0.478269  	0.52698   	0.476466  
1.162500	21.38     	21.3743   	21.2452   	21.2452   	0.401511  	0.347108  	0.479627  	0.528443  	0.477829  
1.165000	21.4458   	21.4401   	21.3103   	21.3103   	0.402781  	0.348072  	0.480985  	0.529905  	0.479192  
1.167500	21.5116   	21.5059   	21.3754   	21.3754   	0.40405   	0.349036  	0.482343  	0.531367  	0.480554  
1.170000	21.5774   	21.5717   	21.4405   	21.4405   	0.40532   	0.35      	0.483701  	0.532829  	0.481917  
1.172500	21.6432   	21.6375   	21.5056   	21.5056   	0.40659   	0.350965  	0.485059  	0.534291  	0.48328   
1.175000	21.709    	21.7033   	21.5707   	21.5707   	0.407859  	0.351929  	0.486417  	0.535754  	0.484643  
1.177500	21.7748   	21.7691   	21.6358   	21.6358   	0.409129  	0.352893  	0.487775  	0.537216  	0.486006  
1.180000	21.8406   	21.8348   	21.7009   	21.7009   	0.410399  	0.353857  	0.489133  	0.538678  	0.487369  
1.182500	21.9064   	21.9006   	21.766    	21.766    	0.411668  	0.354822  	0.490491  	0.54014   	0.488732  
1.185000	21.9722   	21.9664   	21.8311   	21.8311   	0.412938  	0.355786  	0.49185   	0.541603  	0.490095  
1.187500	22.0381   	22.0322   	21.8962   	21.8962   	0.414208  	0.35675   	0.493208  	0.543065  	0.491458  
1.190000	22.1039   	22.098    	21.9613   	21.9613   	0.415477  	0.357715  	0.494566  	0.544527  	0.49282   
1.192500	22.1697   	22.1638   	22.0264   	22.0264   	0.416747  	0.358679  	0.495924  	0.545989  	0.494183  
1.195000	22.2355   	22.2296   	22.0915   	22.0915   	0.418017  	0.359643  	0.497282  	0.547452  	0.495546  
1.197500	22.3013   	22.2954   	22.1566   	22.1566   	0.419286  	0.360607  	0.49864   	0.548914  	0.496909  
1.200000	22.3671   	22.3612   	22.2217   	22.2217   	0.420556  	0.361572  	0.499998  	0.550376  	0.498272  
1.202500	22.4329   	22.427    	22.2868   	22.2868   	0.421826  	0.362536  	0.501356  	0.551838  	0.499635  
1.205000	22.4987   	22.4928   	22.3519   	22.3519   	0.423095  	0.3635    	0.502714  	0.5533    	0.500998  
1.207500	22.5645   	22.5586   	22.417    	22.417    	0.424365  	0.364464  	0.504072  	0.554763  	0.502361  
1.210000	22.6304   	22.6244   	22.4821   	22.4821   	0.425635  	0.365429  	0.50543   	0.556225  	0.503723  
1.212500	22.6962   	22.6902   	22.5472   	22.5472   	0.426905  	0.366393  	0.506788  	0.557687  	0.505086  
1.215000	22.762    	22.7559   	22.6123   	22.6123   	0.428174  	0.367357  	0.508147  	0.559149  	0.506449  
1.217500	22.8278   	22.8217   	22.6774   	22.6774   	0.429444  	0.368321  	0.509505  	0.560612  	0.507812  
1.220000	22.8936   	22.8875   	22.7425   	22.7425   	0.430714  	0.369286  	0.510863  	0.562074  	0.509175  
1.222500	22.9594   	22.9533   	22.8077   	22.8077   	0.431983  	0.37025   	0.512221  	0.563536  	0.510538  
1.225000	23.0252   	23.0191   	22.8728   	22.8728   	0.433253  	0.371214  	0.513579  	0.564998  	0.511901  
1.227500	23.091    	23.0849   	22.9379   	22.9379   	0.434523  	0.372179  	0.514937  	0.566461  	0.513264  
1.230000	23.1568   	23.1507   	23.003    	23.003    	0.435792  	0.373143  	0.516295  	0.567923  	0.514627  
1.232500	23.2226   	23.2165   	23.0681   	23.0681   	0.437062  	0.374107  	0.517653  	0.569385  	0.515989  
1.235000	23.2885   	23.2823   	23.1332   	23.1332   	0.438332  	0.375071  	0.519011  	0.570847  	0.517352  
1.237500	23.3543   	23.3481   	23.1983   	23.1983   	0.439601  	0.376036  	0.520369  	0.572309  	0.518715  
1.240000	23.4201   	23.4139   	23.2634   	23.2634   	0.440871  	0.377     	0.521727  	0.573772  	0.520078  
1.242500	23.4859   	23.4797   	23.3285   	23.3285   	0.442141  	0.377964  	0.523086  	0.575234  	0.521441  
1.245000	23.5517   	23.5455   	23.3936   	23.3936   	0.44341   	0.378928  	0.524444  	0.576696  	0.522804  
1.247500	23.6175   	23.6113   	23.4587   	23.4587   	0.44468   	0.379893  	0.525802  	0.578158  	0.524167  
1.250000	23.6833   	23.677    	23.5238   	23.5238   	0.44595   	0.380857  	0.52716   	0.579621  	0.52553   
1.252500	23.757    	23.7507   	23.5967   	23.5967   	0.447372  	0.381901  	0.52865   	0.581203  	0.527027  
1.255000	23.8307   	23.8244   	23.6697   	23.6697   	0.448794  	0.382945  	0.530139  	0.582785  	0.528525  
1.257500	23.9044   	23.8981   	23.7427   	23.7427   	0.450216  	0.383989  	0.531629  	0.584368  	0.530023  
1.260000	23.9781   	23.9717   	23.8156   	23.8156   	0.451638  	0.385033  	0.533119  	0.58595   	0.531521  
1.262500	24.0518   	24.0454   	23.8886   	23.8886   	0.45306   	0.386077  	0.534609  	0.587532  	0.533018  
1.265000	24.1255   	24.1191   	23.9616   	23.9616   	0.454482  	0.387121  	0.536099  	0.589114  	0.534516  
1.267500	24.1992   	24.1927   	24.0345   	24.0345   	0.455905  	0.388165  	0.537589  	0.590697  	0.536014  
1.270000	24.2728   	24.2664   	24.1075   	24.1075   	0.457327  	0.389209  	0.539078  	0.592279  	0.537512  
1.272500	24.3465   	24.3401   	24.1805   	24.1805   	0.458749  	0.390253  	0.540568  	0.593861  	0.539009  
1.275000	24.4202   	24.4138   	24.2534   	24.2534   	0.460171  	0.391297  	0.542058  	0.595444  	0.540507  
1.277500	24.4939   	24.4874   	24.3264   	24.3264   	0.461593  	0.392341  	0.543548  	0.597026  	0.542005  
1.280000	24.5676   	24.5611   	24.3994   	24.3994   	0.463015  	0.393385  	0.545038  	0.598608  	0.543503  
1.282500	24.6413   	24.6348   	24.4723   	24.4723   	0.464437  	0.394429  	0.546528  	0.600191  	0.545     
1.285000	24.715    	24.7084   	24.5453   	24.5453   	0.465859  	0.395473  	0.548017  	0.601773  	0.546498  
1.287500	24.7887   	24.7821   	24.6183   	24.6183   	0.467282  	0.396517  	0.549507  	0.603355  	0.547996  
1.290000	24.8624   	24.8558   	24.6912   	24.6912   	0.468704  	0.397561  	0.550997  	0.604937  	0.549494  
1.292500	24.9361   	24.9295   	24.7642   	24.7642   	0.470126  	0.398605  	0.552487  	0.60652   	0.550992  
1.295000	25.0097   	25.0031   	24.8372   	24.8372   	0.471548  	0.399649  	0.553977  	0.608102  	0.552489  
1.297500	25.0834   	25.0768   	24.9101   	24.9101   	0.47297   	0.400693  	0.555467  	0.609684  	0.553987  
1.300000	25.1571   	25.1505   	24.9831   	24.9831   	0.474392  	0.401737  	0.556956  	0.611267  	0.555485  
1.302500	25.2308   	25.2241   	25.0561   	25.0561   	0.475814  	0.402781  	0.558446  	0.612849  	0.556983  
1.305000	25.3045   	25.2978   	25.129    	25.129    	0.477237  	0.403825  	0.559936  	0.614431  	0.55848   
1.307500	25.3782   	25.3715   	25.202    	25.202    	0.478659  	0.404869  	0.561426  	0.616014  	0.559978  
1.310000	25.4519   	25.4451   	25.275    	25.275    	0.480081  	0.405913  	0.562916  	0.617596  	0.561476  
1.312500	25.5256   	25.5188   	25.3479   	25.3479   	0.481503  	0.406957  	0.564405  	0.619178  	0.562974  
1.315000	25.5993   	25.5925   	25.4209   	25.4209   	0.482925  	0.408001  	0.565895  	0.62076   	0.564471  
1.317500	25.673    	25.6662   	25.4939   	25.4939   	0.484347  	0.409045  	0.567385  	0.622343  	0.565969  
1.320000	25.7467   	25.7398   	25.5668   	25.5668   	0.485769  	0.410089  	0.568875  	0.623925  	0.567467  
1.322500	25.8203   	25.8135   	25.6398   	25.6398   	0.487191  	0.411133  	0.570365  	0.625507  	0.568965  
1.325000	25.894    	25.8872   	25.7128   	25.7128   	0.488614  	0.412177  	0.571855  	0.62709   	0.570462  
1.327500	25.9677   	25.9608   	25.7857   	25.7857   	0.490036  	0.413221  	0.573344  	0.628672  	0.57196   
1.330000	26.0414   	26.0345   	25.8587   	25.8587   	0.491458  	0.414265  	0.574834  	0.630254  	0.573458  
1.332500	26.1151   	26.1082   	25.9317   	25.9317   	0.49288   	0.415309  	0.576324  	0.631836  	0.574956  
1.335000	26.1888   	26.1819   	26.0046   	26.0046   	0.494302  	0.416353  	0.577814  	0.633419  	0.576453  
