Energy (MeV/u)	0 - [He-base] F.Hubert et al, AD&ND Tables 46(1990)1	1 - [H -base] J.F.Ziegler et al, Pergamon Press, NY (low energy)	2 - ATIMA 1.2  LS-theory (recommended for high energy)	3 - ATIMA 1.2  without LS-correction	4 - Range straggling - method [0] - LISE	5 - Range straggling - method [1] - Atima	6 - Lateral range - method [0] - LISE	7 - Lateral range - method [1] - Atima	8 - Lateral range - method [2] - PDG
0.000000	-	-	-	-	-	-	-	-	-
0.002500	0.0684956 	0.068431  	0.0708001 	0.0708001 	0.00764425	0.00764425	0.00023549	0.000366408	0.000178029
0.005000	0.120391  	0.120242  	0.124461  	0.124461  	0.00842339	0.00842339	0.000519502	0.000796871	0.000399025
0.007500	0.159805  	0.15959   	0.165242  	0.165242  	0.0084425 	0.0084425 	0.000785458	0.00119155	0.000610375
0.010000	0.194975  	0.194703  	0.20164   	0.20164   	0.00851905	0.00851905	0.00104639	0.00157592	0.000819158
0.012500	0.224713  	0.224392  	0.232325  	0.232325  	0.00868935	0.00868935	0.00130234	0.00194924	0.00102581
0.015000	0.254451  	0.254082  	0.26301   	0.26301   	0.00885965	0.00885965	0.0015583 	0.00232255	0.00123246
0.017500	0.280362  	0.279951  	0.289424  	0.289424  	0.0090771 	0.0090771 	0.00181102	0.00268814	0.00143797
0.020000	0.306274  	0.30582   	0.315838  	0.315838  	0.00929454	0.00929454	0.00206375	0.00305372	0.00164348
0.022500	0.329884  	0.329391  	0.339455  	0.339455  	0.00951848	0.00951848	0.00231564	0.00341593	0.00184935
0.025000	0.353493  	0.352962  	0.363071  	0.363071  	0.00974242	0.00974242	0.00256754	0.00377814	0.00205522
0.027500	0.375607  	0.375039  	0.385031  	0.385031  	0.0099693 	0.0099693 	0.00282413	0.00414488	0.002266  
0.030000	0.397721  	0.397117  	0.40699   	0.40699   	0.0101962 	0.0101962 	0.00308073	0.00451162	0.00247679
0.032500	0.418827  	0.418188  	0.428079  	0.428079  	0.0104316 	0.0104316 	0.0033472 	0.00489001	0.00269684
0.035000	0.439933  	0.43926   	0.449168  	0.449168  	0.010667  	0.010667  	0.00361367	0.0052684 	0.00291689
0.037500	0.460356  	0.45965   	0.469648  	0.469648  	0.0109088 	0.0109088 	0.00389127	0.00566034	0.00314717
0.040000	0.480779  	0.480039  	0.490129  	0.490129  	0.0111505 	0.0111505 	0.00416886	0.00605228	0.00337745
0.042500	0.500744  	0.499972  	0.510187  	0.510187  	0.0113979 	0.0113979 	0.00445877	0.00645949	0.00361892
0.045000	0.52071   	0.519904  	0.530245  	0.530245  	0.0116454 	0.0116454 	0.00474868	0.0068667 	0.00386038
0.047500	0.540382  	0.539544  	0.55002   	0.55002   	0.0118984 	0.0120845 	0.00505108	0.00728939	0.00411317
0.050000	0.560054  	0.559184  	0.569795  	0.569795  	0.0121515 	0.0125237 	0.00535347	0.00771208	0.00436596
0.052500	0.579555  	0.578653  	0.589392  	0.589392  	0.0124106 	0.0130443 	0.00566947	0.00815177	0.00463102
0.055000	0.599056  	0.598123  	0.60899   	0.60899   	0.0126697 	0.0135648 	0.00598546	0.00859146	0.00489608
0.057500	0.61848   	0.617515  	0.628493  	0.628493  	0.0129353 	0.0140609 	0.00631553	0.00904875	0.00517382
0.060000	0.637904  	0.636906  	0.647997  	0.647997  	0.0132008 	0.0145571 	0.0066456 	0.00950603	0.00545156
0.062500	0.657346  	0.656317  	0.667484  	0.667484  	0.0134772 	0.0150303 	0.00699783	0.00999101	0.00574925
0.065000	0.676788  	0.675727  	0.686971  	0.686971  	0.0137535 	0.0155035 	0.00735005	0.010476  	0.00604694
0.067500	0.696231  	0.695138  	0.706459  	0.706459  	0.0140298 	0.0159768 	0.00770228	0.010961  	0.00634463
0.070000	0.715673  	0.714548  	0.725946  	0.725946  	0.0143061 	0.01645   	0.00805451	0.011446  	0.00664232
0.072500	0.735295  	0.734138  	0.745563  	0.745563  	0.0145982 	0.016907  	0.00843806	0.0119701 	0.00696819
0.075000	0.754917  	0.753727  	0.765181  	0.765181  	0.0148903 	0.017364  	0.00882161	0.0124941 	0.00729407
0.077500	0.774538  	0.773317  	0.784798  	0.784798  	0.0151824 	0.017821  	0.00920516	0.0130182 	0.00761995
0.080000	0.79416   	0.792907  	0.804416  	0.804416  	0.0154745 	0.018278  	0.00958871	0.0135423 	0.00794583
0.082500	0.814081  	0.812795  	0.82429   	0.82429   	0.0157835 	0.0187292 	0.010002  	0.0141028 	0.0082988 
0.085000	0.834003  	0.832684  	0.844164  	0.844164  	0.0160926 	0.0191804 	0.0104154 	0.0146633 	0.00865176
0.087500	0.853924  	0.852573  	0.864038  	0.864038  	0.0164017 	0.0196315 	0.0108287 	0.0152239 	0.00900473
0.090000	0.873846  	0.872462  	0.883912  	0.883912  	0.0167108 	0.0200827 	0.011242  	0.0157844 	0.00935769
0.092500	0.894138  	0.892721  	0.904126  	0.904126  	0.0170376 	0.0205341 	0.0116825 	0.0163773 	0.00973574
0.095000	0.914431  	0.912981  	0.92434   	0.92434   	0.0173644 	0.0209855 	0.0121231 	0.0169702 	0.0101138 
0.097500	0.934724  	0.93324   	0.944554  	0.944554  	0.0176912 	0.0214369 	0.0125636 	0.0175631 	0.0104918 
0.100000	0.955016  	0.9535    	0.964768  	0.964768  	0.018018  	0.0218883 	0.0130041 	0.018156  	0.0108699 
0.102500	0.97594   	0.974389  	0.98559   	0.98559   	0.0183717 	0.0223465 	0.0134382 	0.0187356 	0.0112442 
0.105000	0.996864  	0.995278  	1.00641   	1.00641   	0.0187254 	0.0228047 	0.0138722 	0.0193151 	0.0116186 
0.107500	1.01779   	1.01617   	1.02723   	1.02723   	0.019079  	0.0232629 	0.0143063 	0.0198947 	0.0119929 
0.110000	1.03871   	1.03706   	1.04806   	1.04806   	0.0194327 	0.0237211 	0.0147404 	0.0204742 	0.0123673 
0.112500	1.05964   	1.05795   	1.06888   	1.06888   	0.0197864 	0.0241793 	0.0151744 	0.0210537 	0.0127416 
0.115000	1.08056   	1.07884   	1.0897    	1.0897    	0.02014   	0.0246375 	0.0156085 	0.0216333 	0.013116  
0.117500	1.10148   	1.09973   	1.11052   	1.11052   	0.0204937 	0.0250957 	0.0160426 	0.0222128 	0.0134903 
0.120000	1.12241   	1.12062   	1.13134   	1.13134   	0.0208474 	0.0255539 	0.0164766 	0.0227924 	0.0138647 
0.122500	1.14422   	1.14239   	1.15306   	1.15306   	0.0212359 	0.026026  	0.0168693 	0.0233117 	0.0142053 
0.125000	1.16604   	1.16417   	1.17477   	1.17477   	0.0216243 	0.0264981 	0.0172619 	0.0238309 	0.0145458 
0.127500	1.18785   	1.18595   	1.19649   	1.19649   	0.0220128 	0.0269702 	0.0176546 	0.0243502 	0.0148864 
0.130000	1.20967   	1.20773   	1.2182    	1.2182    	0.0224013 	0.0274424 	0.0180472 	0.0248695 	0.0152269 
0.132500	1.23148   	1.22951   	1.23992   	1.23992   	0.0227897 	0.0279145 	0.0184399 	0.0253888 	0.0155675 
0.135000	1.2533    	1.25129   	1.26163   	1.26163   	0.0231782 	0.0283866 	0.0188326 	0.0259081 	0.015908  
0.137500	1.27511   	1.27307   	1.28335   	1.28335   	0.0235667 	0.0288587 	0.0192252 	0.0264274 	0.0162486 
0.140000	1.29693   	1.29485   	1.30506   	1.30506   	0.0239551 	0.0293308 	0.0196179 	0.0269467 	0.0165891 
0.142500	1.31964   	1.31753   	1.32771   	1.32771   	0.024376  	0.0298186 	0.0199869 	0.0273876 	0.016911  
0.145000	1.34236   	1.34021   	1.35035   	1.35035   	0.0247969 	0.0303063 	0.020356  	0.0278284 	0.0172328 
0.147500	1.36508   	1.36289   	1.37299   	1.37299   	0.0252178 	0.0307941 	0.020725  	0.0282693 	0.0175547 
0.150000	1.38779   	1.38557   	1.39564   	1.39564   	0.0256387 	0.0312819 	0.021094  	0.0287102 	0.0178765 
0.152500	1.41051   	1.40825   	1.41828   	1.41828   	0.0260597 	0.0317697 	0.0214631 	0.0291511 	0.0181984 
0.155000	1.43323   	1.43093   	1.44092   	1.44092   	0.0264806 	0.0322574 	0.0218321 	0.029592  	0.0185202 
0.157500	1.45595   	1.45361   	1.46357   	1.46357   	0.0269015 	0.0327452 	0.0222011 	0.0300329 	0.0188421 
0.160000	1.47866   	1.47629   	1.48621   	1.48621   	0.0273224 	0.033233  	0.0225702 	0.0304738 	0.0191639 
0.162500	1.50227   	1.49986   	1.50978   	1.50978   	0.027773  	0.0337362 	0.0229235 	0.0308895 	0.0194737 
0.165000	1.52588   	1.52343   	1.53335   	1.53335   	0.0282236 	0.0342393 	0.0232769 	0.0313052 	0.0197835 
0.167500	1.54949   	1.547     	1.55693   	1.55693   	0.0286741 	0.0347425 	0.0236302 	0.0317209 	0.0200933 
0.170000	1.5731    	1.57057   	1.5805    	1.5805    	0.0291247 	0.0352457 	0.0239836 	0.0321367 	0.020403  
0.172500	1.59671   	1.59414   	1.60407   	1.60407   	0.0295753 	0.0357489 	0.0243369 	0.0325524 	0.0207128 
0.175000	1.62032   	1.61771   	1.62764   	1.62764   	0.0300259 	0.036252  	0.0246903 	0.0329681 	0.0210226 
0.177500	1.64393   	1.64128   	1.65121   	1.65121   	0.0304765 	0.0367552 	0.0250437 	0.0333838 	0.0213324 
0.180000	1.66753   	1.66485   	1.67479   	1.67479   	0.0309271 	0.0372584 	0.025397  	0.0337995 	0.0216422 
0.182500	1.69202   	1.68929   	1.69927   	1.69927   	0.0314049 	0.037776  	0.0257373 	0.0341972 	0.021942  
0.185000	1.7165    	1.71374   	1.72376   	1.72376   	0.0318826 	0.0382937 	0.0260775 	0.0345948 	0.0222418 
0.187500	1.74098   	1.73818   	1.74824   	1.74824   	0.0323603 	0.0388113 	0.0264178 	0.0349924 	0.0225416 
0.190000	1.76547   	1.76262   	1.77273   	1.77273   	0.032838  	0.039329  	0.0267581 	0.03539   	0.0228414 
0.192500	1.78995   	1.78707   	1.79721   	1.79721   	0.0333158 	0.0398466 	0.0270983 	0.0357877 	0.0231412 
0.195000	1.81443   	1.81151   	1.82169   	1.82169   	0.0337935 	0.0403643 	0.0274386 	0.0361853 	0.023441  
0.197500	1.83892   	1.83595   	1.84618   	1.84618   	0.0342712 	0.0408819 	0.0277789 	0.0365829 	0.0237409 
0.200000	1.8634    	1.86039   	1.87066   	1.87066   	0.0347489 	0.0413996 	0.0281191 	0.0369805 	0.0240407 
0.202500	1.88937   	1.88632   	1.89669   	1.89669   	0.0352688 	0.04194   	0.02846   	0.0373761 	0.0243426 
0.205000	1.91534   	1.91225   	1.92272   	1.92272   	0.0357887 	0.0424805 	0.0288008 	0.0377716 	0.0246446 
0.207500	1.94131   	1.93818   	1.94875   	1.94875   	0.0363085 	0.0430209 	0.0291416 	0.0381671 	0.0249465 
0.210000	1.96728   	1.9641    	1.97478   	1.97478   	0.0368284 	0.0435614 	0.0294824 	0.0385627 	0.0252485 
0.212500	1.99325   	1.99003   	2.00081   	2.00081   	0.0373483 	0.0441018 	0.0298232 	0.0389582 	0.0255504 
0.215000	2.01922   	2.01596   	2.02684   	2.02684   	0.0378682 	0.0446423 	0.030164  	0.0393538 	0.0258524 
0.217500	2.04519   	2.04188   	2.05287   	2.05287   	0.038388  	0.0451827 	0.0305049 	0.0397493 	0.0261543 
0.220000	2.07116   	2.06781   	2.0789    	2.0789    	0.0389079 	0.0457232 	0.0308457 	0.0401448 	0.0264563 
0.222500	2.09713   	2.09374   	2.10492   	2.10492   	0.0394278 	0.0462636 	0.0311865 	0.0405404 	0.0267582 
0.225000	2.12309   	2.11966   	2.13095   	2.13095   	0.0399476 	0.0468041 	0.0315273 	0.0409359 	0.0270602 
0.227500	2.14906   	2.14559   	2.15698   	2.15698   	0.0404675 	0.0473445 	0.0318681 	0.0413315 	0.0273621 
0.230000	2.17503   	2.17152   	2.18301   	2.18301   	0.0409874 	0.0478849 	0.0322089 	0.041727  	0.0276641 
0.232500	2.201     	2.19745   	2.20904   	2.20904   	0.0415072 	0.0484254 	0.0325498 	0.0421225 	0.027966  
0.235000	2.22697   	2.22337   	2.23507   	2.23507   	0.0420271 	0.0489658 	0.0328906 	0.0425181 	0.028268  
0.237500	2.25294   	2.2493    	2.2611    	2.2611    	0.042547  	0.0495063 	0.0332314 	0.0429136 	0.0285699 
0.240000	2.27891   	2.27523   	2.28713   	2.28713   	0.0430669 	0.0500467 	0.0335722 	0.0433091 	0.0288719 
0.242500	2.30488   	2.30115   	2.31315   	2.31315   	0.0435867 	0.0505872 	0.033913  	0.0437047 	0.0291739 
0.245000	2.33085   	2.32708   	2.33918   	2.33918   	0.0441066 	0.0511276 	0.0342538 	0.0441002 	0.0294758 
0.247500	2.35682   	2.35301   	2.36521   	2.36521   	0.0446265 	0.0516681 	0.0345947 	0.0444958 	0.0297778 
0.250000	2.38279   	2.37893   	2.39124   	2.39124   	0.0451463 	0.0522085 	0.0349355 	0.0448913 	0.0300797 
0.252500	2.41082   	2.40691   	2.41938   	2.41938   	0.0457195 	0.052778  	0.035276  	0.0452842 	0.0303837 
0.255000	2.43884   	2.43489   	2.44752   	2.44752   	0.0462927 	0.0533474 	0.0356165 	0.045677  	0.0306876 
0.257500	2.46687   	2.46287   	2.47566   	2.47566   	0.0468659 	0.0539169 	0.0359571 	0.0460699 	0.0309916 
0.260000	2.49489   	2.49085   	2.5038    	2.5038    	0.0474391 	0.0544863 	0.0362976 	0.0464628 	0.0312955 
0.262500	2.52292   	2.51883   	2.53194   	2.53194   	0.0480122 	0.0550558 	0.0366382 	0.0468556 	0.0315995 
0.265000	2.55094   	2.54681   	2.56008   	2.56008   	0.0485854 	0.0556252 	0.0369787 	0.0472485 	0.0319035 
0.267500	2.57897   	2.57479   	2.58822   	2.58822   	0.0491586 	0.0561947 	0.0373192 	0.0476413 	0.0322074 
0.270000	2.60699   	2.60277   	2.61636   	2.61636   	0.0497318 	0.0567642 	0.0376598 	0.0480342 	0.0325114 
0.272500	2.63502   	2.63075   	2.6445    	2.6445    	0.050305  	0.0573336 	0.0380003 	0.0484271 	0.0328153 
0.275000	2.66304   	2.65873   	2.67264   	2.67264   	0.0508781 	0.0579031 	0.0383409 	0.0488199 	0.0331193 
0.277500	2.69107   	2.68671   	2.70078   	2.70078   	0.0514513 	0.0584725 	0.0386814 	0.0492128 	0.0334233 
0.280000	2.71909   	2.71469   	2.72892   	2.72892   	0.0520245 	0.059042  	0.0390219 	0.0496057 	0.0337272 
0.282500	2.74712   	2.74267   	2.75706   	2.75706   	0.0525977 	0.0596114 	0.0393625 	0.0499985 	0.0340312 
0.285000	2.77514   	2.77065   	2.78519   	2.78519   	0.0531709 	0.0601809 	0.039703  	0.0503914 	0.0343351 
0.287500	2.80317   	2.79862   	2.81333   	2.81333   	0.0537441 	0.0607503 	0.0400435 	0.0507843 	0.0346391 
0.290000	2.83119   	2.8266    	2.84147   	2.84147   	0.0543172 	0.0613198 	0.0403841 	0.0511771 	0.0349431 
0.292500	2.85922   	2.85458   	2.86961   	2.86961   	0.0548904 	0.0618892 	0.0407246 	0.05157   	0.035247  
0.295000	2.88724   	2.88256   	2.89775   	2.89775   	0.0554636 	0.0624587 	0.0410652 	0.0519629 	0.035551  
0.297500	2.91527   	2.91054   	2.92589   	2.92589   	0.0560368 	0.0630282 	0.0414057 	0.0523557 	0.0358549 
0.300000	2.9433    	2.93852   	2.95403   	2.95403   	0.05661   	0.0635976 	0.0417462 	0.0527486 	0.0361589 
0.302500	2.97331   	2.96849   	2.98419   	2.98419   	0.0572313 	0.0641935 	0.0420873 	0.0531406 	0.0364654 
0.305000	3.00333   	2.99846   	3.01434   	3.01434   	0.0578527 	0.0647893 	0.0424284 	0.0535327 	0.0367718 
0.307500	3.03335   	3.02843   	3.0445    	3.0445    	0.058474  	0.0653852 	0.0427695 	0.0539248 	0.0370783 
0.310000	3.06337   	3.05839   	3.07466   	3.07466   	0.0590954 	0.0659811 	0.0431105 	0.0543168 	0.0373848 
0.312500	3.09338   	3.08836   	3.10481   	3.10481   	0.0597167 	0.0665769 	0.0434516 	0.0547089 	0.0376913 
0.315000	3.1234    	3.11833   	3.13497   	3.13497   	0.0603381 	0.0671728 	0.0437927 	0.055101  	0.0379977 
0.317500	3.15342   	3.1483    	3.16513   	3.16513   	0.0609594 	0.0677687 	0.0441338 	0.055493  	0.0383042 
0.320000	3.18344   	3.17827   	3.19528   	3.19528   	0.0615808 	0.0683645 	0.0444748 	0.0558851 	0.0386107 
0.322500	3.21345   	3.20824   	3.22544   	3.22544   	0.0622022 	0.0689604 	0.0448159 	0.0562772 	0.0389171 
0.325000	3.24347   	3.23821   	3.25559   	3.25559   	0.0628235 	0.0695563 	0.045157  	0.0566692 	0.0392236 
0.327500	3.27349   	3.26817   	3.28575   	3.28575   	0.0634449 	0.0701521 	0.0454981 	0.0570613 	0.0395301 
0.330000	3.30351   	3.29814   	3.31591   	3.31591   	0.0640662 	0.070748  	0.0458391 	0.0574534 	0.0398366 
0.332500	3.33352   	3.32811   	3.34606   	3.34606   	0.0646876 	0.0713438 	0.0461802 	0.0578454 	0.040143  
0.335000	3.36354   	3.35808   	3.37622   	3.37622   	0.0653089 	0.0719397 	0.0465213 	0.0582375 	0.0404495 
0.337500	3.39356   	3.38805   	3.40638   	3.40638   	0.0659303 	0.0725356 	0.0468624 	0.0586296 	0.040756  
0.340000	3.42358   	3.41802   	3.43653   	3.43653   	0.0665516 	0.0731314 	0.0472034 	0.0590216 	0.0410625 
0.342500	3.45359   	3.44798   	3.46669   	3.46669   	0.067173  	0.0737273 	0.0475445 	0.0594137 	0.0413689 
0.345000	3.48361   	3.47795   	3.49684   	3.49684   	0.0677943 	0.0743232 	0.0478856 	0.0598058 	0.0416754 
0.347500	3.51363   	3.50792   	3.527     	3.527     	0.0684157 	0.074919  	0.0482267 	0.0601978 	0.0419819 
0.350000	3.54365   	3.53789   	3.55716   	3.55716   	0.0690371 	0.0755149 	0.0485677 	0.0605899 	0.0422883 
0.352500	3.57561   	3.5698    	3.58926   	3.58926   	0.0697038 	0.0761359 	0.0489178 	0.0609907 	0.0426043 
0.355000	3.60757   	3.60171   	3.62137   	3.62137   	0.0703706 	0.0767569 	0.0492679 	0.0613915 	0.0429203 
0.357500	3.63954   	3.63362   	3.65347   	3.65347   	0.0710374 	0.077378  	0.0496179 	0.0617923 	0.0432363 
0.360000	3.6715    	3.66553   	3.68557   	3.68557   	0.0717041 	0.077999  	0.049968  	0.062193  	0.0435523 
0.362500	3.70346   	3.69744   	3.71768   	3.71768   	0.0723709 	0.07862   	0.050318  	0.0625938 	0.0438683 
0.365000	3.73542   	3.72935   	3.74978   	3.74978   	0.0730377 	0.079241  	0.0506681 	0.0629946 	0.0441843 
0.367500	3.76739   	3.76126   	3.78189   	3.78189   	0.0737045 	0.0798621 	0.0510182 	0.0633954 	0.0445003 
0.370000	3.79935   	3.79317   	3.81399   	3.81399   	0.0743712 	0.0804831 	0.0513682 	0.0637962 	0.0448162 
0.372500	3.83131   	3.82508   	3.84609   	3.84609   	0.075038  	0.0811041 	0.0517183 	0.064197  	0.0451322 
0.375000	3.86327   	3.85699   	3.8782    	3.8782    	0.0757048 	0.0817251 	0.0520683 	0.0645978 	0.0454482 
0.377500	3.89524   	3.8889    	3.9103    	3.9103    	0.0763716 	0.0823462 	0.0524184 	0.0649986 	0.0457642 
0.380000	3.9272    	3.92081   	3.94241   	3.94241   	0.0770383 	0.0829672 	0.0527685 	0.0653994 	0.0460802 
0.382500	3.95916   	3.95272   	3.97451   	3.97451   	0.0777051 	0.0835882 	0.0531185 	0.0658001 	0.0463962 
0.385000	3.99112   	3.98463   	4.00662   	4.00662   	0.0783719 	0.0842092 	0.0534686 	0.0662009 	0.0467122 
0.387500	4.02309   	4.01654   	4.03872   	4.03872   	0.0790387 	0.0848303 	0.0538186 	0.0666017 	0.0470282 
0.390000	4.05505   	4.04845   	4.07082   	4.07082   	0.0797054 	0.0854513 	0.0541687 	0.0670025 	0.0473441 
0.392500	4.08701   	4.08037   	4.10293   	4.10293   	0.0803722 	0.0860723 	0.0545188 	0.0674033 	0.0476601 
0.395000	4.11898   	4.11228   	4.13503   	4.13503   	0.081039  	0.0866933 	0.0548688 	0.0678041 	0.0479761 
0.397500	4.15094   	4.14419   	4.16714   	4.16714   	0.0817058 	0.0873143 	0.0552189 	0.0682049 	0.0482921 
0.400000	4.1829    	4.1761    	4.19924   	4.19924   	0.0823725 	0.0879354 	0.055569  	0.0686057 	0.0486081 
0.402500	4.21677   	4.20991   	4.23324   	4.23324   	0.0830832 	0.0885809 	0.0559254 	0.0690132 	0.0489313 
0.405000	4.25064   	4.24372   	4.26724   	4.26724   	0.0837938 	0.0892265 	0.0562818 	0.0694207 	0.0492546 
0.407500	4.28451   	4.27754   	4.30124   	4.30124   	0.0845045 	0.0898721 	0.0566382 	0.0698282 	0.0495778 
0.410000	4.31838   	4.31135   	4.33524   	4.33524   	0.0852151 	0.0905177 	0.0569947 	0.0702358 	0.049901  
0.412500	4.35225   	4.34517   	4.36924   	4.36924   	0.0859257 	0.0911632 	0.0573511 	0.0706433 	0.0502242 
0.415000	4.38612   	4.37898   	4.40324   	4.40324   	0.0866364 	0.0918088 	0.0577075 	0.0710508 	0.0505475 
0.417500	4.41999   	4.4128    	4.43724   	4.43724   	0.087347  	0.0924544 	0.0580639 	0.0714583 	0.0508707 
0.420000	4.45386   	4.44661   	4.47124   	4.47124   	0.0880577 	0.0931    	0.0584204 	0.0718659 	0.0511939 
0.422500	4.48773   	4.48042   	4.50524   	4.50524   	0.0887683 	0.0937455 	0.0587768 	0.0722734 	0.0515171 
0.425000	4.5216    	4.51424   	4.53924   	4.53924   	0.0894789 	0.0943911 	0.0591332 	0.0726809 	0.0518404 
0.427500	4.55547   	4.54805   	4.57324   	4.57324   	0.0901896 	0.0950367 	0.0594896 	0.0730884 	0.0521636 
0.430000	4.58934   	4.58187   	4.60724   	4.60724   	0.0909002 	0.0956823 	0.0598461 	0.073496  	0.0524868 
0.432500	4.62321   	4.61568   	4.64124   	4.64124   	0.0916109 	0.0963278 	0.0602025 	0.0739035 	0.05281   
0.435000	4.65708   	4.6495    	4.67524   	4.67524   	0.0923215 	0.0969734 	0.0605589 	0.074311  	0.0531333 
0.437500	4.69095   	4.68331   	4.70924   	4.70924   	0.0930322 	0.097619  	0.0609153 	0.0747185 	0.0534565 
0.440000	4.72482   	4.71712   	4.74325   	4.74325   	0.0937428 	0.0982646 	0.0612718 	0.0751261 	0.0537797 
0.442500	4.75869   	4.75094   	4.77725   	4.77725   	0.0944534 	0.0989101 	0.0616282 	0.0755336 	0.054103  
0.445000	4.79256   	4.78475   	4.81125   	4.81125   	0.0951641 	0.0995557 	0.0619846 	0.0759411 	0.0544262 
0.447500	4.82643   	4.81857   	4.84525   	4.84525   	0.0958747 	0.100201  	0.062341  	0.0763486 	0.0547494 
0.450000	4.8603    	4.85238   	4.87925   	4.87925   	0.0965854 	0.100847  	0.0626975 	0.0767562 	0.0550726 
0.452500	4.89604   	4.88807   	4.9151    	4.9151    	0.0973389 	0.101517  	0.063064  	0.0771735 	0.0554062 
0.455000	4.93178   	4.92375   	4.95096   	4.95096   	0.0980925 	0.102186  	0.0634305 	0.0775909 	0.0557397 
0.457500	4.96753   	4.95944   	4.98681   	4.98681   	0.0988461 	0.102856  	0.0637971 	0.0780083 	0.0560733 
0.460000	5.00327   	4.99512   	5.02267   	5.02267   	0.0995996 	0.103526  	0.0641636 	0.0784257 	0.0564069 
0.462500	5.03902   	5.03081   	5.05852   	5.05852   	0.100353  	0.104196  	0.0645302 	0.0788431 	0.0567404 
0.465000	5.07476   	5.0665    	5.09438   	5.09438   	0.101107  	0.104866  	0.0648967 	0.0792605 	0.057074  
0.467500	5.11051   	5.10218   	5.13023   	5.13023   	0.10186   	0.105536  	0.0652633 	0.0796778 	0.0574075 
0.470000	5.14625   	5.13787   	5.16609   	5.16609   	0.102614  	0.106205  	0.0656298 	0.0800952 	0.0577411 
0.472500	5.18199   	5.17355   	5.20195   	5.20195   	0.103367  	0.106875  	0.0659964 	0.0805126 	0.0580746 
0.475000	5.21774   	5.20924   	5.2378    	5.2378    	0.104121  	0.107545  	0.0663629 	0.08093   	0.0584082 
0.477500	5.25348   	5.24492   	5.27366   	5.27366   	0.104875  	0.108215  	0.0667295 	0.0813474 	0.0587417 
0.480000	5.28923   	5.28061   	5.30951   	5.30951   	0.105628  	0.108885  	0.067096  	0.0817647 	0.0590753 
0.482500	5.32497   	5.3163    	5.34537   	5.34537   	0.106382  	0.109554  	0.0674626 	0.0821821 	0.0594088 
0.485000	5.36072   	5.35198   	5.38122   	5.38122   	0.107135  	0.110224  	0.0678291 	0.0825995 	0.0597424 
0.487500	5.39646   	5.38767   	5.41708   	5.41708   	0.107889  	0.110894  	0.0681956 	0.0830169 	0.0600759 
0.490000	5.43221   	5.42335   	5.45293   	5.45293   	0.108642  	0.111564  	0.0685622 	0.0834343 	0.0604095 
0.492500	5.46795   	5.45904   	5.48879   	5.48879   	0.109396  	0.112234  	0.0689287 	0.0838517 	0.060743  
0.495000	5.50369   	5.49473   	5.52465   	5.52465   	0.110149  	0.112903  	0.0692953 	0.084269  	0.0610766 
0.497500	5.53944   	5.53041   	5.5605    	5.5605    	0.110903  	0.113573  	0.0696618 	0.0846864 	0.0614101 
0.500000	5.57518   	5.5661    	5.59636   	5.59636   	0.111657  	0.114243  	0.0700284 	0.0851038 	0.0617437 
0.502500	5.61368   	5.60453   	5.63493   	5.63493   	0.112473  	0.114949  	0.0704085 	0.0855353 	0.0620913 
0.505000	5.65218   	5.64297   	5.6735    	5.6735    	0.11329   	0.115655  	0.0707887 	0.0859667 	0.062439  
0.507500	5.69068   	5.68141   	5.71208   	5.71208   	0.114107  	0.11636   	0.0711688 	0.0863982 	0.0627866 
0.510000	5.72918   	5.71985   	5.75065   	5.75065   	0.114924  	0.117066  	0.071549  	0.0868297 	0.0631343 
0.512500	5.76768   	5.75828   	5.78922   	5.78922   	0.11574   	0.117772  	0.0719291 	0.0872611 	0.0634819 
0.515000	5.80619   	5.79672   	5.8278    	5.8278    	0.116557  	0.118478  	0.0723093 	0.0876926 	0.0638296 
0.517500	5.84469   	5.83516   	5.86637   	5.86637   	0.117374  	0.119184  	0.0726894 	0.0881241 	0.0641772 
0.520000	5.88319   	5.8736    	5.90494   	5.90494   	0.118191  	0.119889  	0.0730695 	0.0885555 	0.0645249 
0.522500	5.92169   	5.91203   	5.94352   	5.94352   	0.119007  	0.120595  	0.0734497 	0.088987  	0.0648725 
0.525000	5.96019   	5.95047   	5.98209   	5.98209   	0.119824  	0.121301  	0.0738298 	0.0894185 	0.0652202 
0.527500	5.99869   	5.98891   	6.02066   	6.02066   	0.120641  	0.122007  	0.07421   	0.08985   	0.0655678 
0.530000	6.03719   	6.02735   	6.05924   	6.05924   	0.121458  	0.122713  	0.0745901 	0.0902814 	0.0659155 
0.532500	6.07569   	6.06578   	6.09781   	6.09781   	0.122274  	0.123418  	0.0749703 	0.0907129 	0.0662631 
0.535000	6.11419   	6.10422   	6.13639   	6.13639   	0.123091  	0.124124  	0.0753504 	0.0911444 	0.0666108 
0.537500	6.15269   	6.14266   	6.17496   	6.17496   	0.123908  	0.12483   	0.0757306 	0.0915758 	0.0669584 
0.540000	6.19119   	6.18109   	6.21353   	6.21353   	0.124725  	0.125536  	0.0761107 	0.0920073 	0.0673061 
0.542500	6.22969   	6.21953   	6.25211   	6.25211   	0.125541  	0.126242  	0.0764909 	0.0924388 	0.0676537 
0.545000	6.26819   	6.25797   	6.29068   	6.29068   	0.126358  	0.126947  	0.076871  	0.0928702 	0.0680014 
0.547500	6.30669   	6.29641   	6.32925   	6.32925   	0.127175  	0.127653  	0.0772512 	0.0933017 	0.068349  
0.550000	6.34519   	6.33484   	6.36783   	6.36783   	0.127992  	0.128359  	0.0776313 	0.0937332 	0.0686967 
0.552500	6.38369   	6.37328   	6.4064    	6.4064    	0.128808  	0.129065  	0.0780115 	0.0941646 	0.0690443 
0.555000	6.42219   	6.41172   	6.44497   	6.44497   	0.129625  	0.129771  	0.0783916 	0.0945961 	0.069392  
0.557500	6.46069   	6.45016   	6.48355   	6.48355   	0.130442  	0.130476  	0.0787718 	0.0950276 	0.0697396 
0.560000	6.49919   	6.48859   	6.52212   	6.52212   	0.131259  	0.131182  	0.0791519 	0.095459  	0.0700873 
0.562500	6.53769   	6.52703   	6.56069   	6.56069   	0.132076  	0.131888  	0.0795321 	0.0958905 	0.0704349 
0.565000	6.57619   	6.56547   	6.59927   	6.59927   	0.132892  	0.132594  	0.0799122 	0.096322  	0.0707826 
0.567500	6.61469   	6.60391   	6.63784   	6.63784   	0.133709  	0.1333    	0.0802923 	0.0967534 	0.0711302 
0.570000	6.65319   	6.64234   	6.67641   	6.67641   	0.134526  	0.134005  	0.0806725 	0.0971849 	0.0714779 
0.572500	6.6917    	6.68078   	6.71499   	6.71499   	0.135343  	0.134711  	0.0810526 	0.0976164 	0.0718255 
0.575000	6.7302    	6.71922   	6.75356   	6.75356   	0.136159  	0.135417  	0.0814328 	0.0980479 	0.0721732 
0.577500	6.7687    	6.75766   	6.79214   	6.79214   	0.136976  	0.136123  	0.0818129 	0.0984793 	0.0725208 
0.580000	6.8072    	6.79609   	6.83071   	6.83071   	0.137793  	0.136829  	0.0821931 	0.0989108 	0.0728685 
0.582500	6.8457    	6.83453   	6.86928   	6.86928   	0.13861   	0.137534  	0.0825732 	0.0993423 	0.0732161 
0.585000	6.8842    	6.87297   	6.90786   	6.90786   	0.139426  	0.13824   	0.0829534 	0.0997737 	0.0735638 
0.587500	6.9227    	6.9114    	6.94643   	6.94643   	0.140243  	0.138946  	0.0833335 	0.100205  	0.0739114 
0.590000	6.9612    	6.94984   	6.985     	6.985     	0.14106   	0.139652  	0.0837137 	0.100637  	0.0742591 
0.592500	6.9997    	6.98828   	7.02358   	7.02358   	0.141877  	0.140358  	0.0840938 	0.101068  	0.0746067 
0.595000	7.0382    	7.02672   	7.06215   	7.06215   	0.142693  	0.141063  	0.084474  	0.1015    	0.0749544 
0.597500	7.0767    	7.06515   	7.10072   	7.10072   	0.14351   	0.141769  	0.0848541 	0.101931  	0.075302  
0.600000	7.1152    	7.10359   	7.1393    	7.1393    	0.144327  	0.142475  	0.0852343 	0.102363  	0.0756497 
0.602500	7.15729   	7.14562   	7.18141   	7.18141   	0.145226  	0.143228  	0.0856357 	0.102816  	0.0760187 
0.605000	7.19939   	7.18764   	7.22352   	7.22352   	0.146126  	0.143982  	0.0860372 	0.103269  	0.0763877 
0.607500	7.24148   	7.22967   	7.26563   	7.26563   	0.147026  	0.144735  	0.0864386 	0.103722  	0.0767567 
0.610000	7.28357   	7.27169   	7.30774   	7.30774   	0.147925  	0.145488  	0.0868401 	0.104175  	0.0771257 
0.612500	7.32567   	7.31372   	7.34985   	7.34985   	0.148825  	0.146242  	0.0872416 	0.104627  	0.0774947 
0.615000	7.36776   	7.35574   	7.39196   	7.39196   	0.149725  	0.146995  	0.087643  	0.10508   	0.0778637 
0.617500	7.40986   	7.39776   	7.43407   	7.43407   	0.150624  	0.147748  	0.0880445 	0.105533  	0.0782327 
0.620000	7.45195   	7.43979   	7.47618   	7.47618   	0.151524  	0.148502  	0.088446  	0.105986  	0.0786018 
0.622500	7.49404   	7.48181   	7.51829   	7.51829   	0.152424  	0.149255  	0.0888474 	0.106439  	0.0789708 
0.625000	7.53614   	7.52384   	7.5604    	7.5604    	0.153323  	0.150008  	0.0892489 	0.106892  	0.0793398 
0.627500	7.57823   	7.56586   	7.60251   	7.60251   	0.154223  	0.150762  	0.0896503 	0.107345  	0.0797088 
0.630000	7.62032   	7.60789   	7.64462   	7.64462   	0.155123  	0.151515  	0.0900518 	0.107798  	0.0800778 
0.632500	7.66242   	7.64991   	7.68673   	7.68673   	0.156022  	0.152269  	0.0904533 	0.108251  	0.0804468 
0.635000	7.70451   	7.69194   	7.72884   	7.72884   	0.156922  	0.153022  	0.0908547 	0.108704  	0.0808158 
0.637500	7.74661   	7.73396   	7.77095   	7.77095   	0.157822  	0.153775  	0.0912562 	0.109157  	0.0811848 
0.640000	7.7887    	7.77599   	7.81306   	7.81306   	0.158721  	0.154529  	0.0916577 	0.10961   	0.0815539 
0.642500	7.83079   	7.81801   	7.85517   	7.85517   	0.159621  	0.155282  	0.0920591 	0.110063  	0.0819229 
0.645000	7.87289   	7.86004   	7.89728   	7.89728   	0.160521  	0.156035  	0.0924606 	0.110516  	0.0822919 
0.647500	7.91498   	7.90206   	7.93939   	7.93939   	0.16142   	0.156789  	0.092862  	0.110969  	0.0826609 
0.650000	7.95707   	7.94409   	7.9815    	7.9815    	0.16232   	0.157542  	0.0932635 	0.111422  	0.0830299 
0.652500	7.99917   	7.98611   	8.02361   	8.02361   	0.163219  	0.158295  	0.093665  	0.111875  	0.0833989 
0.655000	8.04126   	8.02814   	8.06572   	8.06572   	0.164119  	0.159049  	0.0940664 	0.112328  	0.0837679 
0.657500	8.08336   	8.07016   	8.10783   	8.10783   	0.165019  	0.159802  	0.0944679 	0.112781  	0.0841369 
0.660000	8.12545   	8.11219   	8.14994   	8.14994   	0.165918  	0.160555  	0.0948694 	0.113234  	0.0845059 
0.662500	8.16754   	8.15421   	8.19205   	8.19205   	0.166818  	0.161309  	0.0952708 	0.113687  	0.084875  
0.665000	8.20964   	8.19624   	8.23416   	8.23416   	0.167718  	0.162062  	0.0956723 	0.11414   	0.085244  
0.667500	8.25173   	8.23826   	8.27627   	8.27627   	0.168617  	0.162815  	0.0960737 	0.114593  	0.085613  
0.670000	8.29382   	8.28028   	8.31838   	8.31838   	0.169517  	0.163569  	0.0964752 	0.115046  	0.085982  
0.672500	8.33592   	8.32231   	8.36049   	8.36049   	0.170417  	0.164322  	0.0968767 	0.115499  	0.086351  
0.675000	8.37801   	8.36433   	8.4026    	8.4026    	0.171316  	0.165075  	0.0972781 	0.115952  	0.08672   
0.677500	8.42011   	8.40636   	8.44471   	8.44471   	0.172216  	0.165829  	0.0976796 	0.116405  	0.087089  
0.680000	8.4622    	8.44838   	8.48682   	8.48682   	0.173116  	0.166582  	0.098081  	0.116858  	0.087458  
0.682500	8.50429   	8.49041   	8.52893   	8.52893   	0.174015  	0.167336  	0.0984825 	0.117311  	0.0878271 
0.685000	8.54639   	8.53243   	8.57104   	8.57104   	0.174915  	0.168089  	0.098884  	0.117764  	0.0881961 
0.687500	8.58848   	8.57446   	8.61315   	8.61315   	0.175815  	0.168842  	0.0992854 	0.118217  	0.0885651 
0.690000	8.63057   	8.61648   	8.65526   	8.65526   	0.176714  	0.169596  	0.0996869 	0.11867   	0.0889341 
0.692500	8.67267   	8.65851   	8.69737   	8.69737   	0.177614  	0.170349  	0.100088  	0.119123  	0.0893031 
0.695000	8.71476   	8.70053   	8.73948   	8.73948   	0.178513  	0.171102  	0.10049   	0.119576  	0.0896721 
0.697500	8.75685   	8.74256   	8.78159   	8.78159   	0.179413  	0.171856  	0.100891  	0.120029  	0.0900411 
0.700000	8.79895   	8.78458   	8.8237    	8.8237    	0.180313  	0.172609  	0.101293  	0.120482  	0.0904101 
0.702500	8.84455   	8.83011   	8.86926   	8.86926   	0.181294  	0.173409  	0.101717  	0.120958  	0.0908018 
0.705000	8.89015   	8.87563   	8.91482   	8.91482   	0.182275  	0.17421   	0.102142  	0.121434  	0.0911935 
0.707500	8.93575   	8.92116   	8.96038   	8.96038   	0.183257  	0.17501   	0.102566  	0.12191   	0.0915852 
0.710000	8.98135   	8.96669   	9.00594   	9.00594   	0.184238  	0.175811  	0.102991  	0.122386  	0.0919769 
0.712500	9.02695   	9.01221   	9.0515    	9.0515    	0.185219  	0.176611  	0.103415  	0.122862  	0.0923686 
0.715000	9.07255   	9.05774   	9.09706   	9.09706   	0.1862    	0.177412  	0.103839  	0.123338  	0.0927603 
0.717500	9.11816   	9.10327   	9.14262   	9.14262   	0.187182  	0.178212  	0.104264  	0.123814  	0.093152  
0.720000	9.16376   	9.14879   	9.18818   	9.18818   	0.188163  	0.179012  	0.104688  	0.12429   	0.0935437 
0.722500	9.20936   	9.19432   	9.23374   	9.23374   	0.189144  	0.179813  	0.105113  	0.124766  	0.0939354 
0.725000	9.25496   	9.23984   	9.2793    	9.2793    	0.190125  	0.180613  	0.105537  	0.125242  	0.0943271 
0.727500	9.30056   	9.28537   	9.32486   	9.32486   	0.191107  	0.181414  	0.105962  	0.125718  	0.0947188 
0.730000	9.34616   	9.3309    	9.37042   	9.37042   	0.192088  	0.182214  	0.106386  	0.126194  	0.0951105 
0.732500	9.39176   	9.37642   	9.41598   	9.41598   	0.193069  	0.183014  	0.106811  	0.12667   	0.0955022 
0.735000	9.43736   	9.42195   	9.46154   	9.46154   	0.194051  	0.183815  	0.107235  	0.127146  	0.0958939 
0.737500	9.48296   	9.46748   	9.5071    	9.5071    	0.195032  	0.184615  	0.10766   	0.127622  	0.0962856 
0.740000	9.52856   	9.513     	9.55266   	9.55266   	0.196013  	0.185416  	0.108084  	0.128098  	0.0966773 
0.742500	9.57417   	9.55853   	9.59822   	9.59822   	0.196994  	0.186216  	0.108508  	0.128574  	0.097069  
0.745000	9.61977   	9.60406   	9.64378   	9.64378   	0.197976  	0.187016  	0.108933  	0.12905   	0.0974607 
0.747500	9.66537   	9.64958   	9.68934   	9.68934   	0.198957  	0.187817  	0.109357  	0.129526  	0.0978524 
0.750000	9.71097   	9.69511   	9.7349    	9.7349    	0.199938  	0.188617  	0.109782  	0.130002  	0.0982441 
0.752500	9.75657   	9.74063   	9.78046   	9.78046   	0.200919  	0.189418  	0.110206  	0.130478  	0.0986358 
0.755000	9.80217   	9.78616   	9.82602   	9.82602   	0.201901  	0.190218  	0.110631  	0.130954  	0.0990275 
0.757500	9.84777   	9.83169   	9.87158   	9.87158   	0.202882  	0.191019  	0.111055  	0.13143   	0.0994192 
0.760000	9.89337   	9.87721   	9.91714   	9.91714   	0.203863  	0.191819  	0.11148   	0.131906  	0.0998109 
0.762500	9.93897   	9.92274   	9.9627    	9.9627    	0.204844  	0.192619  	0.111904  	0.132382  	0.100203  
0.765000	9.98458   	9.96827   	10.0083   	10.0083   	0.205826  	0.19342   	0.112329  	0.132858  	0.100594  
0.767500	10.0302   	10.0138   	10.0538   	10.0538   	0.206807  	0.19422   	0.112753  	0.133334  	0.100986  
0.770000	10.0758   	10.0593   	10.0994   	10.0994   	0.207788  	0.195021  	0.113177  	0.13381   	0.101378  
0.772500	10.1214   	10.1048   	10.1449   	10.1449   	0.20877   	0.195821  	0.113602  	0.134286  	0.101769  
0.775000	10.167    	10.1504   	10.1905   	10.1905   	0.209751  	0.196621  	0.114026  	0.134762  	0.102161  
0.777500	10.2126   	10.1959   	10.2361   	10.2361   	0.210732  	0.197422  	0.114451  	0.135238  	0.102553  
0.780000	10.2582   	10.2414   	10.2816   	10.2816   	0.211713  	0.198222  	0.114875  	0.135714  	0.102945  
0.782500	10.3038   	10.287    	10.3272   	10.3272   	0.212695  	0.199023  	0.1153    	0.13619   	0.103336  
0.785000	10.3494   	10.3325   	10.3727   	10.3727   	0.213676  	0.199823  	0.115724  	0.136666  	0.103728  
0.787500	10.395    	10.378    	10.4183   	10.4183   	0.214657  	0.200624  	0.116149  	0.137142  	0.10412   
0.790000	10.4406   	10.4235   	10.4639   	10.4639   	0.215638  	0.201424  	0.116573  	0.137618  	0.104511  
0.792500	10.4862   	10.4691   	10.5094   	10.5094   	0.21662   	0.202224  	0.116998  	0.138094  	0.104903  
0.795000	10.5318   	10.5146   	10.555    	10.555    	0.217601  	0.203025  	0.117422  	0.13857   	0.105295  
0.797500	10.5774   	10.5601   	10.6005   	10.6005   	0.218582  	0.203825  	0.117846  	0.139046  	0.105686  
0.800000	10.623    	10.6056   	10.6461   	10.6461   	0.219563  	0.204626  	0.118271  	0.139522  	0.106078  
0.802500	10.672    	10.6546   	10.695    	10.695    	0.220625  	0.205473  	0.118718  	0.140021  	0.106493  
0.805000	10.7211   	10.7035   	10.744    	10.744    	0.221687  	0.20632   	0.119166  	0.14052   	0.106907  
0.807500	10.7701   	10.7525   	10.7929   	10.7929   	0.222749  	0.207166  	0.119614  	0.14102   	0.107321  
0.810000	10.8191   	10.8014   	10.8418   	10.8418   	0.223811  	0.208013  	0.120061  	0.141519  	0.107736  
0.812500	10.8682   	10.8504   	10.8908   	10.8908   	0.224872  	0.20886   	0.120509  	0.142018  	0.10815   
0.815000	10.9172   	10.8993   	10.9397   	10.9397   	0.225934  	0.209707  	0.120956  	0.142517  	0.108565  
0.817500	10.9662   	10.9483   	10.9887   	10.9887   	0.226996  	0.210554  	0.121404  	0.143016  	0.108979  
0.820000	11.0153   	10.9973   	11.0376   	11.0376   	0.228058  	0.211401  	0.121851  	0.143515  	0.109393  
0.822500	11.0643   	11.0462   	11.0865   	11.0865   	0.22912   	0.212248  	0.122299  	0.144014  	0.109808  
0.825000	11.1133   	11.0952   	11.1355   	11.1355   	0.230181  	0.213095  	0.122746  	0.144514  	0.110222  
0.827500	11.1623   	11.1441   	11.1844   	11.1844   	0.231243  	0.213942  	0.123194  	0.145013  	0.110637  
0.830000	11.2114   	11.1931   	11.2333   	11.2333   	0.232305  	0.214789  	0.123642  	0.145512  	0.111051  
0.832500	11.2604   	11.242    	11.2823   	11.2823   	0.233367  	0.215636  	0.124089  	0.146011  	0.111466  
0.835000	11.3094   	11.291    	11.3312   	11.3312   	0.234429  	0.216483  	0.124537  	0.14651   	0.11188   
0.837500	11.3585   	11.3399   	11.3802   	11.3802   	0.23549   	0.21733   	0.124984  	0.147009  	0.112294  
0.840000	11.4075   	11.3889   	11.4291   	11.4291   	0.236552  	0.218177  	0.125432  	0.147509  	0.112709  
0.842500	11.4565   	11.4378   	11.478    	11.478    	0.237614  	0.219024  	0.125879  	0.148008  	0.113123  
0.845000	11.5056   	11.4868   	11.527    	11.527    	0.238676  	0.219871  	0.126327  	0.148507  	0.113538  
0.847500	11.5546   	11.5357   	11.5759   	11.5759   	0.239738  	0.220718  	0.126774  	0.149006  	0.113952  
0.850000	11.6036   	11.5847   	11.6248   	11.6248   	0.240799  	0.221565  	0.127222  	0.149505  	0.114366  
0.852500	11.6527   	11.6336   	11.6738   	11.6738   	0.241861  	0.222412  	0.12767   	0.150004  	0.114781  
0.855000	11.7017   	11.6826   	11.7227   	11.7227   	0.242923  	0.223259  	0.128117  	0.150503  	0.115195  
0.857500	11.7507   	11.7315   	11.7716   	11.7716   	0.243985  	0.224105  	0.128565  	0.151003  	0.11561   
0.860000	11.7998   	11.7805   	11.8206   	11.8206   	0.245047  	0.224952  	0.129012  	0.151502  	0.116024  
0.862500	11.8488   	11.8294   	11.8695   	11.8695   	0.246108  	0.225799  	0.12946   	0.152001  	0.116439  
0.865000	11.8978   	11.8784   	11.9185   	11.9185   	0.24717   	0.226646  	0.129907  	0.1525    	0.116853  
0.867500	11.9469   	11.9273   	11.9674   	11.9674   	0.248232  	0.227493  	0.130355  	0.152999  	0.117267  
0.870000	11.9959   	11.9763   	12.0163   	12.0163   	0.249294  	0.22834   	0.130803  	0.153498  	0.117682  
0.872500	12.0449   	12.0253   	12.0653   	12.0653   	0.250356  	0.229187  	0.13125   	0.153997  	0.118096  
0.875000	12.094    	12.0742   	12.1142   	12.1142   	0.251417  	0.230034  	0.131698  	0.154497  	0.118511  
0.877500	12.143    	12.1232   	12.1631   	12.1631   	0.252479  	0.230881  	0.132145  	0.154996  	0.118925  
0.880000	12.192    	12.1721   	12.2121   	12.2121   	0.253541  	0.231728  	0.132593  	0.155495  	0.119339  
0.882500	12.2411   	12.2211   	12.261    	12.261    	0.254603  	0.232575  	0.13304   	0.155994  	0.119754  
0.885000	12.2901   	12.27     	12.31     	12.31     	0.255665  	0.233422  	0.133488  	0.156493  	0.120168  
0.887500	12.3391   	12.319    	12.3589   	12.3589   	0.256726  	0.234269  	0.133935  	0.156992  	0.120583  
0.890000	12.3882   	12.3679   	12.4078   	12.4078   	0.257788  	0.235116  	0.134383  	0.157492  	0.120997  
0.892500	12.4372   	12.4169   	12.4568   	12.4568   	0.25885   	0.235963  	0.134831  	0.157991  	0.121412  
0.895000	12.4862   	12.4658   	12.5057   	12.5057   	0.259912  	0.23681   	0.135278  	0.15849   	0.121826  
0.897500	12.5353   	12.5148   	12.5546   	12.5546   	0.260974  	0.237657  	0.135726  	0.158989  	0.12224   
0.900000	12.5843   	12.5637   	12.6036   	12.6036   	0.262035  	0.238504  	0.136173  	0.159488  	0.122655  
0.902500	12.6367   	12.616    	12.6558   	12.6558   	0.263177  	0.239397  	0.136645  	0.160011  	0.123093  
0.905000	12.6891   	12.6683   	12.7081   	12.7081   	0.264318  	0.240289  	0.137118  	0.160535  	0.123531  
0.907500	12.7415   	12.7207   	12.7603   	12.7603   	0.265459  	0.241182  	0.13759   	0.161058  	0.12397   
0.910000	12.7939   	12.773    	12.8126   	12.8126   	0.266601  	0.242075  	0.138062  	0.161581  	0.124408  
0.912500	12.8463   	12.8253   	12.8648   	12.8648   	0.267742  	0.242968  	0.138534  	0.162104  	0.124846  
0.915000	12.8987   	12.8776   	12.9171   	12.9171   	0.268883  	0.243861  	0.139006  	0.162628  	0.125285  
0.917500	12.9511   	12.9299   	12.9693   	12.9693   	0.270025  	0.244754  	0.139478  	0.163151  	0.125723  
0.920000	13.0035   	12.9822   	13.0216   	13.0216   	0.271166  	0.245647  	0.139951  	0.163674  	0.126161  
0.922500	13.0559   	13.0345   	13.0738   	13.0738   	0.272307  	0.24654   	0.140423  	0.164197  	0.1266    
0.925000	13.1083   	13.0868   	13.1261   	13.1261   	0.273449  	0.247433  	0.140895  	0.16472   	0.127038  
0.927500	13.1607   	13.1391   	13.1783   	13.1783   	0.27459   	0.248325  	0.141367  	0.165244  	0.127476  
0.930000	13.2131   	13.1915   	13.2306   	13.2306   	0.275731  	0.249218  	0.141839  	0.165767  	0.127915  
0.932500	13.2655   	13.2438   	13.2828   	13.2828   	0.276873  	0.250111  	0.142311  	0.16629   	0.128353  
0.935000	13.3178   	13.2961   	13.3351   	13.3351   	0.278014  	0.251004  	0.142784  	0.166813  	0.128791  
0.937500	13.3702   	13.3484   	13.3873   	13.3873   	0.279155  	0.251897  	0.143256  	0.167337  	0.12923   
0.940000	13.4226   	13.4007   	13.4396   	13.4396   	0.280297  	0.25279   	0.143728  	0.16786   	0.129668  
0.942500	13.475    	13.453    	13.4918   	13.4918   	0.281438  	0.253683  	0.1442    	0.168383  	0.130106  
0.945000	13.5274   	13.5053   	13.5441   	13.5441   	0.282579  	0.254576  	0.144672  	0.168906  	0.130545  
0.947500	13.5798   	13.5576   	13.5963   	13.5963   	0.283721  	0.255469  	0.145144  	0.169429  	0.130983  
0.950000	13.6322   	13.6099   	13.6486   	13.6486   	0.284862  	0.256361  	0.145617  	0.169953  	0.131421  
0.952500	13.6846   	13.6623   	13.7008   	13.7008   	0.286003  	0.257254  	0.146089  	0.170476  	0.13186   
0.955000	13.737    	13.7146   	13.7531   	13.7531   	0.287145  	0.258147  	0.146561  	0.170999  	0.132298  
0.957500	13.7894   	13.7669   	13.8053   	13.8053   	0.288286  	0.25904   	0.147033  	0.171522  	0.132736  
0.960000	13.8418   	13.8192   	13.8576   	13.8576   	0.289427  	0.259933  	0.147505  	0.172046  	0.133175  
0.962500	13.8942   	13.8715   	13.9098   	13.9098   	0.290569  	0.260826  	0.147977  	0.172569  	0.133613  
0.965000	13.9466   	13.9238   	13.9621   	13.9621   	0.29171   	0.261719  	0.14845   	0.173092  	0.134051  
0.967500	13.999    	13.9761   	14.0143   	14.0143   	0.292851  	0.262612  	0.148922  	0.173615  	0.13449   
0.970000	14.0514   	14.0284   	14.0666   	14.0666   	0.293993  	0.263505  	0.149394  	0.174139  	0.134928  
0.972500	14.1038   	14.0807   	14.1188   	14.1188   	0.295134  	0.264398  	0.149866  	0.174662  	0.135366  
0.975000	14.1562   	14.1331   	14.1711   	14.1711   	0.296275  	0.26529   	0.150338  	0.175185  	0.135805  
0.977500	14.2086   	14.1854   	14.2233   	14.2233   	0.297417  	0.266183  	0.150811  	0.175708  	0.136243  
0.980000	14.261    	14.2377   	14.2756   	14.2756   	0.298558  	0.267076  	0.151283  	0.176231  	0.136681  
0.982500	14.3134   	14.29     	14.3278   	14.3278   	0.299699  	0.267969  	0.151755  	0.176755  	0.13712   
0.985000	14.3658   	14.3423   	14.3801   	14.3801   	0.300841  	0.268862  	0.152227  	0.177278  	0.137558  
0.987500	14.4182   	14.3946   	14.4323   	14.4323   	0.301982  	0.269755  	0.152699  	0.177801  	0.137996  
0.990000	14.4706   	14.4469   	14.4846   	14.4846   	0.303123  	0.270648  	0.153171  	0.178324  	0.138435  
0.992500	14.523    	14.4992   	14.5368   	14.5368   	0.304264  	0.271541  	0.153644  	0.178848  	0.138873  
0.995000	14.5754   	14.5515   	14.5891   	14.5891   	0.305406  	0.272434  	0.154116  	0.179371  	0.139311  
0.997500	14.6278   	14.6039   	14.6413   	14.6413   	0.306547  	0.273326  	0.154588  	0.179894  	0.13975   
1.000000	14.6802   	14.6562   	14.6936   	14.6936   	0.307688  	0.274219  	0.15506   	0.180417  	0.140188  
1.002500	14.7383   	14.7142   	14.7515   	14.7515   	0.308967  	0.275237  	0.155575  	0.180982  	0.140668  
1.005000	14.7964   	14.7722   	14.8094   	14.8094   	0.310245  	0.276255  	0.15609   	0.181547  	0.141148  
1.007500	14.8545   	14.8303   	14.8673   	14.8673   	0.311523  	0.277273  	0.156605  	0.182113  	0.141628  
1.010000	14.9127   	14.8883   	14.9252   	14.9252   	0.312801  	0.27829   	0.15712   	0.182678  	0.142108  
1.012500	14.9708   	14.9463   	14.9831   	14.9831   	0.314079  	0.279308  	0.157635  	0.183243  	0.142588  
1.015000	15.0289   	15.0044   	15.041    	15.041    	0.315357  	0.280326  	0.15815   	0.183808  	0.143068  
1.017500	15.0871   	15.0624   	15.0989   	15.0989   	0.316635  	0.281343  	0.158666  	0.184373  	0.143548  
1.020000	15.1452   	15.1204   	15.1569   	15.1569   	0.317913  	0.282361  	0.159181  	0.184938  	0.144028  
1.022500	15.2033   	15.1785   	15.2148   	15.2148   	0.319191  	0.283379  	0.159696  	0.185503  	0.144507  
1.025000	15.2615   	15.2365   	15.2727   	15.2727   	0.32047   	0.284397  	0.160211  	0.186068  	0.144987  
1.027500	15.3196   	15.2945   	15.3306   	15.3306   	0.321748  	0.285414  	0.160726  	0.186633  	0.145467  
1.030000	15.3777   	15.3526   	15.3885   	15.3885   	0.323026  	0.286432  	0.161241  	0.187198  	0.145947  
1.032500	15.4358   	15.4106   	15.4464   	15.4464   	0.324304  	0.28745   	0.161756  	0.187763  	0.146427  
1.035000	15.494    	15.4686   	15.5043   	15.5043   	0.325582  	0.288468  	0.162271  	0.188328  	0.146907  
1.037500	15.5521   	15.5267   	15.5622   	15.5622   	0.32686   	0.289485  	0.162786  	0.188893  	0.147387  
1.040000	15.6102   	15.5847   	15.6201   	15.6201   	0.328138  	0.290503  	0.163301  	0.189459  	0.147867  
1.042500	15.6684   	15.6427   	15.678    	15.678    	0.329416  	0.291521  	0.163816  	0.190024  	0.148347  
1.045000	15.7265   	15.7008   	15.7359   	15.7359   	0.330694  	0.292538  	0.164331  	0.190589  	0.148827  
1.047500	15.7846   	15.7588   	15.7938   	15.7938   	0.331973  	0.293556  	0.164846  	0.191154  	0.149307  
1.050000	15.8427   	15.8168   	15.8517   	15.8517   	0.333251  	0.294574  	0.165362  	0.191719  	0.149787  
1.052500	15.9009   	15.8749   	15.9096   	15.9096   	0.334529  	0.295592  	0.165877  	0.192284  	0.150267  
1.055000	15.959    	15.9329   	15.9676   	15.9676   	0.335807  	0.296609  	0.166392  	0.192849  	0.150747  
1.057500	16.0171   	15.9909   	16.0255   	16.0255   	0.337085  	0.297627  	0.166907  	0.193414  	0.151226  
1.060000	16.0753   	16.049    	16.0834   	16.0834   	0.338363  	0.298645  	0.167422  	0.193979  	0.151706  
1.062500	16.1334   	16.107    	16.1413   	16.1413   	0.339641  	0.299663  	0.167937  	0.194544  	0.152186  
1.065000	16.1915   	16.165    	16.1992   	16.1992   	0.340919  	0.30068   	0.168452  	0.195109  	0.152666  
1.067500	16.2496   	16.2231   	16.2571   	16.2571   	0.342197  	0.301698  	0.168967  	0.195674  	0.153146  
1.070000	16.3078   	16.2811   	16.315    	16.315    	0.343476  	0.302716  	0.169482  	0.19624   	0.153626  
1.072500	16.3659   	16.3391   	16.3729   	16.3729   	0.344754  	0.303733  	0.169997  	0.196805  	0.154106  
1.075000	16.424    	16.3972   	16.4308   	16.4308   	0.346032  	0.304751  	0.170512  	0.19737   	0.154586  
1.077500	16.4822   	16.4552   	16.4887   	16.4887   	0.34731   	0.305769  	0.171027  	0.197935  	0.155066  
1.080000	16.5403   	16.5132   	16.5466   	16.5466   	0.348588  	0.306787  	0.171542  	0.1985    	0.155546  
1.082500	16.5984   	16.5713   	16.6045   	16.6045   	0.349866  	0.307804  	0.172058  	0.199065  	0.156026  
1.085000	16.6566   	16.6293   	16.6624   	16.6624   	0.351144  	0.308822  	0.172573  	0.19963   	0.156506  
1.087500	16.7147   	16.6873   	16.7203   	16.7203   	0.352422  	0.30984   	0.173088  	0.200195  	0.156986  
1.090000	16.7728   	16.7454   	16.7782   	16.7782   	0.3537    	0.310858  	0.173603  	0.20076   	0.157466  
1.092500	16.8309   	16.8034   	16.8362   	16.8362   	0.354978  	0.311875  	0.174118  	0.201325  	0.157945  
1.095000	16.8891   	16.8615   	16.8941   	16.8941   	0.356257  	0.312893  	0.174633  	0.20189   	0.158425  
1.097500	16.9472   	16.9195   	16.952    	16.952    	0.357535  	0.313911  	0.175148  	0.202455  	0.158905  
1.100000	17.0053   	16.9775   	17.0099   	17.0099   	0.358813  	0.314928  	0.175663  	0.203021  	0.159385  
1.102500	17.0635   	17.0356   	17.0678   	17.0678   	0.360091  	0.315946  	0.176178  	0.203586  	0.159865  
1.105000	17.1216   	17.0936   	17.1257   	17.1257   	0.361369  	0.316964  	0.176693  	0.204151  	0.160345  
1.107500	17.1797   	17.1516   	17.1836   	17.1836   	0.362647  	0.317982  	0.177208  	0.204716  	0.160825  
1.110000	17.2378   	17.2097   	17.2415   	17.2415   	0.363925  	0.318999  	0.177723  	0.205281  	0.161305  
1.112500	17.296    	17.2677   	17.2994   	17.2994   	0.365203  	0.320017  	0.178238  	0.205846  	0.161785  
1.115000	17.3541   	17.3257   	17.3573   	17.3573   	0.366481  	0.321035  	0.178754  	0.206411  	0.162265  
1.117500	17.4122   	17.3838   	17.4152   	17.4152   	0.36776   	0.322053  	0.179269  	0.206976  	0.162745  
1.120000	17.4704   	17.4418   	17.4731   	17.4731   	0.369038  	0.32307   	0.179784  	0.207541  	0.163225  
1.122500	17.5285   	17.4998   	17.531    	17.531    	0.370316  	0.324088  	0.180299  	0.208106  	0.163705  
1.125000	17.5866   	17.5579   	17.5889   	17.5889   	0.371594  	0.325106  	0.180814  	0.208671  	0.164185  
1.127500	17.6447   	17.6159   	17.6469   	17.6469   	0.372872  	0.326123  	0.181329  	0.209236  	0.164664  
1.130000	17.7029   	17.6739   	17.7048   	17.7048   	0.37415   	0.327141  	0.181844  	0.209802  	0.165144  
1.132500	17.761    	17.732    	17.7627   	17.7627   	0.375428  	0.328159  	0.182359  	0.210367  	0.165624  
1.135000	17.8191   	17.79     	17.8206   	17.8206   	0.376706  	0.329177  	0.182874  	0.210932  	0.166104  
1.137500	17.8773   	17.848    	17.8785   	17.8785   	0.377984  	0.330194  	0.183389  	0.211497  	0.166584  
1.140000	17.9354   	17.9061   	17.9364   	17.9364   	0.379263  	0.331212  	0.183904  	0.212062  	0.167064  
1.142500	17.9935   	17.9641   	17.9943   	17.9943   	0.380541  	0.33223   	0.184419  	0.212627  	0.167544  
1.145000	18.0517   	18.0221   	18.0522   	18.0522   	0.381819  	0.333248  	0.184934  	0.213192  	0.168024  
1.147500	18.1098   	18.0802   	18.1101   	18.1101   	0.383097  	0.334265  	0.18545   	0.213757  	0.168504  
1.150000	18.1679   	18.1382   	18.168    	18.168    	0.384375  	0.335283  	0.185965  	0.214322  	0.168984  
1.152500	18.226    	18.1962   	18.2259   	18.2259   	0.385653  	0.336301  	0.18648   	0.214887  	0.169464  
1.155000	18.2842   	18.2543   	18.2838   	18.2838   	0.386931  	0.337319  	0.186995  	0.215452  	0.169944  
1.157500	18.3423   	18.3123   	18.3417   	18.3417   	0.388209  	0.338336  	0.18751   	0.216017  	0.170424  
1.160000	18.4004   	18.3703   	18.3996   	18.3996   	0.389487  	0.339354  	0.188025  	0.216582  	0.170904  
1.162500	18.4586   	18.4284   	18.4576   	18.4576   	0.390766  	0.340372  	0.18854   	0.217148  	0.171383  
1.165000	18.5167   	18.4864   	18.5155   	18.5155   	0.392044  	0.341389  	0.189055  	0.217713  	0.171863  
1.167500	18.5748   	18.5444   	18.5734   	18.5734   	0.393322  	0.342407  	0.18957   	0.218278  	0.172343  
1.170000	18.6329   	18.6025   	18.6313   	18.6313   	0.3946    	0.343425  	0.190085  	0.218843  	0.172823  
1.172500	18.6911   	18.6605   	18.6892   	18.6892   	0.395878  	0.344443  	0.1906    	0.219408  	0.173303  
1.175000	18.7492   	18.7185   	18.7471   	18.7471   	0.397156  	0.34546   	0.191115  	0.219973  	0.173783  
1.177500	18.8073   	18.7766   	18.805    	18.805    	0.398434  	0.346478  	0.19163   	0.220538  	0.174263  
1.180000	18.8655   	18.8346   	18.8629   	18.8629   	0.399712  	0.347496  	0.192146  	0.221103  	0.174743  
1.182500	18.9236   	18.8926   	18.9208   	18.9208   	0.40099   	0.348514  	0.192661  	0.221668  	0.175223  
1.185000	18.9817   	18.9507   	18.9787   	18.9787   	0.402269  	0.349531  	0.193176  	0.222233  	0.175703  
1.187500	19.0398   	19.0087   	19.0366   	19.0366   	0.403547  	0.350549  	0.193691  	0.222798  	0.176183  
1.190000	19.098    	19.0667   	19.0945   	19.0945   	0.404825  	0.351567  	0.194206  	0.223363  	0.176663  
1.192500	19.1561   	19.1248   	19.1524   	19.1524   	0.406103  	0.352584  	0.194721  	0.223929  	0.177143  
1.195000	19.2142   	19.1828   	19.2103   	19.2103   	0.407381  	0.353602  	0.195236  	0.224494  	0.177623  
1.197500	19.2724   	19.2408   	19.2683   	19.2683   	0.408659  	0.35462   	0.195751  	0.225059  	0.178103  
1.200000	19.3305   	19.2989   	19.3262   	19.3262   	0.409937  	0.355638  	0.196266  	0.225624  	0.178582  
1.202500	19.3886   	19.3569   	19.3841   	19.3841   	0.411215  	0.356655  	0.196781  	0.226189  	0.179062  
1.205000	19.4468   	19.4149   	19.442    	19.442    	0.412493  	0.357673  	0.197296  	0.226754  	0.179542  
1.207500	19.5049   	19.473    	19.4999   	19.4999   	0.413771  	0.358691  	0.197811  	0.227319  	0.180022  
1.210000	19.563    	19.531    	19.5578   	19.5578   	0.41505   	0.359709  	0.198326  	0.227884  	0.180502  
1.212500	19.6211   	19.589    	19.6157   	19.6157   	0.416328  	0.360726  	0.198842  	0.228449  	0.180982  
1.215000	19.6793   	19.6471   	19.6736   	19.6736   	0.417606  	0.361744  	0.199357  	0.229014  	0.181462  
1.217500	19.7374   	19.7051   	19.7315   	19.7315   	0.418884  	0.362762  	0.199872  	0.229579  	0.181942  
1.220000	19.7955   	19.7631   	19.7894   	19.7894   	0.420162  	0.363779  	0.200387  	0.230144  	0.182422  
1.222500	19.8537   	19.8212   	19.8473   	19.8473   	0.42144   	0.364797  	0.200902  	0.23071   	0.182902  
1.225000	19.9118   	19.8792   	19.9052   	19.9052   	0.422718  	0.365815  	0.201417  	0.231275  	0.183382  
1.227500	19.9699   	19.9372   	19.9631   	19.9631   	0.423996  	0.366833  	0.201932  	0.23184   	0.183862  
1.230000	20.028    	19.9953   	20.021    	20.021    	0.425274  	0.36785   	0.202447  	0.232405  	0.184342  
1.232500	20.0862   	20.0533   	20.079    	20.079    	0.426553  	0.368868  	0.202962  	0.23297   	0.184822  
1.235000	20.1443   	20.1113   	20.1369   	20.1369   	0.427831  	0.369886  	0.203477  	0.233535  	0.185301  
1.237500	20.2024   	20.1694   	20.1948   	20.1948   	0.429109  	0.370904  	0.203992  	0.2341    	0.185781  
1.240000	20.2606   	20.2274   	20.2527   	20.2527   	0.430387  	0.371921  	0.204507  	0.234665  	0.186261  
1.242500	20.3187   	20.2855   	20.3106   	20.3106   	0.431665  	0.372939  	0.205022  	0.23523   	0.186741  
1.245000	20.3768   	20.3435   	20.3685   	20.3685   	0.432943  	0.373957  	0.205538  	0.235795  	0.187221  
1.247500	20.4349   	20.4015   	20.4264   	20.4264   	0.434221  	0.374974  	0.206053  	0.23636   	0.187701  
1.250000	20.4931   	20.4596   	20.4843   	20.4843   	0.435499  	0.375992  	0.206568  	0.236925  	0.188181  
1.252500	20.5591   	20.5255   	20.5501   	20.5501   	0.436969  	0.377178  	0.207142  	0.23755   	0.188721  
1.255000	20.6252   	20.5915   	20.6158   	20.6158   	0.438438  	0.378364  	0.207717  	0.238175  	0.189261  
1.257500	20.6913   	20.6574   	20.6816   	20.6816   	0.439908  	0.379549  	0.208291  	0.2388    	0.189801  
1.260000	20.7573   	20.7234   	20.7473   	20.7473   	0.441377  	0.380735  	0.208865  	0.239425  	0.190341  
1.262500	20.8234   	20.7893   	20.8131   	20.8131   	0.442846  	0.381921  	0.20944   	0.24005   	0.190881  
1.265000	20.8895   	20.8553   	20.8789   	20.8789   	0.444316  	0.383107  	0.210014  	0.240674  	0.191421  
1.267500	20.9555   	20.9213   	20.9446   	20.9446   	0.445785  	0.384292  	0.210589  	0.241299  	0.191961  
1.270000	21.0216   	20.9872   	21.0104   	21.0104   	0.447254  	0.385478  	0.211163  	0.241924  	0.192501  
1.272500	21.0877   	21.0532   	21.0761   	21.0761   	0.448724  	0.386664  	0.211738  	0.242549  	0.193041  
1.275000	21.1537   	21.1191   	21.1419   	21.1419   	0.450193  	0.387849  	0.212312  	0.243174  	0.193581  
1.277500	21.2198   	21.1851   	21.2076   	21.2076   	0.451663  	0.389035  	0.212887  	0.243799  	0.194121  
1.280000	21.2859   	21.2511   	21.2734   	21.2734   	0.453132  	0.390221  	0.213461  	0.244423  	0.194661  
1.282500	21.3519   	21.317    	21.3392   	21.3392   	0.454601  	0.391407  	0.214036  	0.245048  	0.195201  
1.285000	21.418    	21.383    	21.4049   	21.4049   	0.456071  	0.392592  	0.21461   	0.245673  	0.195741  
1.287500	21.4841   	21.4489   	21.4707   	21.4707   	0.45754   	0.393778  	0.215184  	0.246298  	0.196281  
1.290000	21.5501   	21.5149   	21.5364   	21.5364   	0.45901   	0.394964  	0.215759  	0.246923  	0.196821  
1.292500	21.6162   	21.5808   	21.6022   	21.6022   	0.460479  	0.39615   	0.216333  	0.247548  	0.197361  
1.295000	21.6823   	21.6468   	21.668    	21.668    	0.461948  	0.397335  	0.216908  	0.248173  	0.197901  
1.297500	21.7483   	21.7128   	21.7337   	21.7337   	0.463418  	0.398521  	0.217482  	0.248797  	0.198441  
1.300000	21.8144   	21.7787   	21.7995   	21.7995   	0.464887  	0.399707  	0.218057  	0.249422  	0.198981  
1.302500	21.8805   	21.8447   	21.8652   	21.8652   	0.466357  	0.400892  	0.218631  	0.250047  	0.199521  
1.305000	21.9465   	21.9106   	21.931    	21.931    	0.467826  	0.402078  	0.219206  	0.250672  	0.200061  
1.307500	22.0126   	21.9766   	21.9968   	21.9968   	0.469295  	0.403264  	0.21978   	0.251297  	0.200601  
1.310000	22.0787   	22.0426   	22.0625   	22.0625   	0.470765  	0.40445   	0.220355  	0.251922  	0.201141  
1.312500	22.1447   	22.1085   	22.1283   	22.1283   	0.472234  	0.405635  	0.220929  	0.252546  	0.201681  
1.315000	22.2108   	22.1745   	22.194    	22.194    	0.473703  	0.406821  	0.221503  	0.253171  	0.202221  
1.317500	22.2769   	22.2404   	22.2598   	22.2598   	0.475173  	0.408007  	0.222078  	0.253796  	0.202761  
1.320000	22.3429   	22.3064   	22.3256   	22.3256   	0.476642  	0.409193  	0.222652  	0.254421  	0.203301  
1.322500	22.409    	22.3724   	22.3913   	22.3913   	0.478112  	0.410378  	0.223227  	0.255046  	0.203841  
1.325000	22.4751   	22.4383   	22.4571   	22.4571   	0.479581  	0.411564  	0.223801  	0.255671  	0.204381  
1.327500	22.5411   	22.5043   	22.5228   	22.5228   	0.48105   	0.41275   	0.224376  	0.256295  	0.204921  
1.330000	22.6072   	22.5702   	22.5886   	22.5886   	0.48252   	0.413935  	0.22495   	0.25692   	0.205461  
1.332500	22.6733   	22.6362   	22.6543   	22.6543   	0.483989  	0.415121  	0.225525  	0.257545  	0.206001  
1.335000	22.7393   	22.7021   	22.7201   	22.7201   	0.485459  	0.416307  	0.226099  	0.25817   	0.206541  
