Energy (MeV/u)	0 - [He-base] F.Hubert et al, AD&ND Tables 46(1990)1	1 - [H -base] J.F.Ziegler et al, Pergamon Press, NY (low energy)	2 - ATIMA 1.2  LS-theory (recommended for high energy)	3 - ATIMA 1.2  without LS-correction	4 - Range straggling - method [0] - LISE	5 - Range straggling - method [1] - Atima	6 - Lateral range - method [0] - LISE	7 - Lateral range - method [1] - Atima	8 - Lateral range - method [2] - PDG
1.000000	14.6802   	14.6562   	14.6936   	14.6936   	0.307688  	0.274219  	0.15506   	0.180417  	0.140188  
1.025000	15.2615   	15.2365   	15.2727   	15.2727   	0.32047   	0.284397  	0.160211  	0.186068  	0.144987  
1.050000	15.8427   	15.8168   	15.8517   	15.8517   	0.333251  	0.294574  	0.165362  	0.191719  	0.149787  
1.075000	16.424    	16.3972   	16.4308   	16.4308   	0.346032  	0.304751  	0.170512  	0.19737   	0.154586  
1.100000	17.0053   	16.9775   	17.0099   	17.0099   	0.358813  	0.314928  	0.175663  	0.203021  	0.159385  
1.125000	17.5866   	17.5579   	17.5889   	17.5889   	0.371594  	0.325106  	0.180814  	0.208671  	0.164185  
1.150000	18.1679   	18.1382   	18.168    	18.168    	0.384375  	0.335283  	0.185965  	0.214322  	0.168984  
1.175000	18.7492   	18.7185   	18.7471   	18.7471   	0.397156  	0.34546   	0.191115  	0.219973  	0.173783  
1.200000	19.3305   	19.2989   	19.3262   	19.3262   	0.409937  	0.355638  	0.196266  	0.225624  	0.178582  
1.225000	19.9118   	19.8792   	19.9052   	19.9052   	0.422718  	0.365815  	0.201417  	0.231275  	0.183382  
1.250000	20.4931   	20.4596   	20.4843   	20.4843   	0.435499  	0.375992  	0.206568  	0.236925  	0.188181  
1.275000	21.1537   	21.1191   	21.1419   	21.1419   	0.450193  	0.387849  	0.212312  	0.243174  	0.193581  
1.300000	21.8144   	21.7787   	21.7995   	21.7995   	0.464887  	0.399707  	0.218057  	0.249422  	0.198981  
1.325000	22.4751   	22.4383   	22.4571   	22.4571   	0.479581  	0.411564  	0.223801  	0.255671  	0.204381  
1.350000	23.1357   	23.0979   	23.1147   	23.1147   	0.494275  	0.423421  	0.229546  	0.261919  	0.209781  
1.375000	23.7964   	23.7575   	23.7722   	23.7722   	0.508969  	0.435279  	0.23529   	0.268167  	0.21518   
1.400000	24.4571   	24.4171   	24.4298   	24.4298   	0.523663  	0.447136  	0.241035  	0.274416  	0.22058   
1.425000	25.1177   	25.0766   	25.0874   	25.0874   	0.538357  	0.458993  	0.246779  	0.280664  	0.22598   
1.450000	25.7784   	25.7362   	25.745    	25.745    	0.553051  	0.47085   	0.252524  	0.286912  	0.23138   
1.475000	26.4391   	26.3958   	26.4026   	26.4026   	0.567744  	0.482708  	0.258268  	0.293161  	0.23678   
1.500000	27.0998   	27.0554   	27.0602   	27.0602   	0.582438  	0.494565  	0.264013  	0.299409  	0.24218   
1.525000	27.8371   	27.7916   	27.7939   	27.7939   	0.599     	0.507768  	0.270368  	0.306241  	0.248172  
1.550000	28.5745   	28.5278   	28.5276   	28.5276   	0.615561  	0.520971  	0.276723  	0.313072  	0.254164  
1.575000	29.3119   	29.264    	29.2613   	29.2613   	0.632122  	0.534175  	0.283078  	0.319904  	0.260155  
1.600000	30.0493   	30.0001   	29.995    	29.995    	0.648683  	0.547378  	0.289433  	0.326735  	0.266147  
1.625000	30.7867   	30.7363   	30.7287   	30.7287   	0.665244  	0.560581  	0.295788  	0.333567  	0.272139  
1.650000	31.5241   	31.4725   	31.4624   	31.4624   	0.681805  	0.573784  	0.302143  	0.340398  	0.278131  
1.675000	32.2615   	32.2087   	32.1961   	32.1961   	0.698367  	0.586987  	0.308498  	0.34723   	0.284123  
1.700000	32.9989   	32.9449   	32.9299   	32.9299   	0.714928  	0.600191  	0.314853  	0.354061  	0.290114  
1.725000	33.7363   	33.6811   	33.6636   	33.6636   	0.731489  	0.613394  	0.321208  	0.360893  	0.296106  
1.750000	34.4737   	34.4172   	34.3973   	34.3973   	0.74805   	0.626597  	0.327563  	0.367724  	0.302098  
1.775000	35.2856   	35.2278   	35.2051   	35.2051   	0.766439  	0.64098   	0.334527  	0.375122  	0.308671  
1.800000	36.0975   	36.0384   	36.0129   	36.0129   	0.784828  	0.655362  	0.341491  	0.38252   	0.315243  
1.825000	36.9094   	36.8489   	36.8207   	36.8207   	0.803217  	0.669745  	0.348455  	0.389918  	0.321816  
1.850000	37.7213   	37.6595   	37.6286   	37.6286   	0.821605  	0.684128  	0.355419  	0.397316  	0.328389  
1.875000	38.5332   	38.4701   	38.4364   	38.4364   	0.839994  	0.69851   	0.362383  	0.404713  	0.334962  
1.900000	39.3451   	39.2807   	39.2442   	39.2442   	0.858383  	0.712893  	0.369347  	0.412111  	0.341534  
1.925000	40.157    	40.0912   	40.052    	40.052    	0.876772  	0.727276  	0.376311  	0.419509  	0.348107  
1.950000	40.9689   	40.9018   	40.8599   	40.8599   	0.895161  	0.741658  	0.383275  	0.426907  	0.35468   
1.975000	41.7808   	41.7124   	41.6677   	41.6677   	0.91355   	0.756041  	0.390239  	0.434305  	0.361252  
2.000000	42.5927   	42.5229   	42.4755   	42.4755   	0.931938  	0.770424  	0.397203  	0.441703  	0.367825  
2.025000	43.4772   	43.406    	43.3558   	43.3558   	0.95212   	0.78589   	0.404764  	0.449652  	0.374969  
2.050000	44.3617   	44.2891   	44.236    	44.236    	0.972302  	0.801357  	0.412326  	0.457601  	0.382114  
2.075000	45.2462   	45.1722   	45.1162   	45.1162   	0.992484  	0.816824  	0.419887  	0.46555   	0.389258  
2.100000	46.1307   	46.0552   	45.9965   	45.9965   	1.01267   	0.832291  	0.427448  	0.473499  	0.396402  
2.125000	47.0153   	46.9383   	46.8767   	46.8767   	1.03285   	0.847758  	0.435009  	0.481448  	0.403546  
2.150000	47.8998   	47.8214   	47.7569   	47.7569   	1.05303   	0.863225  	0.442571  	0.489397  	0.410691  
2.175000	48.7843   	48.7044   	48.6372   	48.6372   	1.07321   	0.878692  	0.450132  	0.497346  	0.417835  
2.200000	49.6688   	49.5875   	49.5174   	49.5174   	1.09339   	0.894159  	0.457693  	0.505295  	0.424979  
2.225000	50.5533   	50.4706   	50.3976   	50.3976   	1.11358   	0.909626  	0.465254  	0.513244  	0.432123  
2.250000	51.4379   	51.3536   	51.2779   	51.2779   	1.13376   	0.925093  	0.472816  	0.521193  	0.439267  
2.275000	52.3933   	52.3076   	52.229    	52.229    	1.1557    	0.941583  	0.480963  	0.529679  	0.446972  
2.300000	53.3487   	53.2615   	53.1802   	53.1802   	1.17765   	0.958074  	0.48911   	0.538165  	0.454676  
2.325000	54.3041   	54.2154   	54.1313   	54.1313   	1.19959   	0.974564  	0.497257  	0.546651  	0.462381  
2.350000	55.2595   	55.1694   	55.0825   	55.0825   	1.22153   	0.991055  	0.505404  	0.555137  	0.470085  
2.375000	56.215    	56.1233   	56.0337   	56.0337   	1.24348   	1.00755   	0.513551  	0.563623  	0.47779   
2.400000	57.1704   	57.0772   	56.9848   	56.9848   	1.26542   	1.02404   	0.521698  	0.572109  	0.485494  
2.425000	58.1258   	58.0312   	57.936    	57.936    	1.28737   	1.04053   	0.529845  	0.580595  	0.493199  
2.450000	59.0812   	58.9851   	58.8871   	58.8871   	1.30931   	1.05702   	0.537992  	0.589081  	0.500903  
2.475000	60.0366   	59.939    	59.8383   	59.8383   	1.33126   	1.07351   	0.546139  	0.597566  	0.508607  
2.500000	60.992    	60.893    	60.7895   	60.7895   	1.3532    	1.09      	0.554286  	0.606052  	0.516312  
2.525000	62.0453   	61.9504   	61.8445   	61.8445   	1.37774   	1.10794   	0.563292  	0.615318  	0.524839  
2.550000	63.0986   	63.0078   	62.8995   	62.8995   	1.40227   	1.12589   	0.572297  	0.624584  	0.533367  
2.575000	64.1518   	64.0652   	63.9545   	63.9545   	1.4268    	1.14383   	0.581302  	0.633849  	0.541895  
2.600000	65.2051   	65.1227   	65.0095   	65.0095   	1.45134   	1.16178   	0.590308  	0.643115  	0.550422  
2.625000	66.2583   	66.1801   	66.0645   	66.0645   	1.47587   	1.17973   	0.599313  	0.652381  	0.55895   
2.650000	67.3116   	67.2375   	67.1195   	67.1195   	1.50041   	1.19767   	0.608319  	0.661647  	0.567477  
2.675000	68.3648   	68.2949   	68.1745   	68.1745   	1.52494   	1.21562   	0.617324  	0.670912  	0.576005  
2.700000	69.4181   	69.3524   	69.2295   	69.2295   	1.54948   	1.23356   	0.626329  	0.680178  	0.584532  
2.725000	70.4714   	70.4098   	70.2845   	70.2845   	1.57401   	1.25151   	0.635335  	0.689444  	0.59306   
2.750000	71.5246   	71.4672   	71.3395   	71.3395   	1.59855   	1.26945   	0.64434   	0.698709  	0.601587  
2.775000	72.5779   	72.5247   	72.3945   	72.3945   	1.62308   	1.2874    	0.653346  	0.707975  	0.610115  
2.800000	73.6311   	73.5821   	73.4495   	73.4495   	1.64762   	1.30534   	0.662351  	0.717241  	0.618642  
2.825000	74.6844   	74.6395   	74.5045   	74.5045   	1.67215   	1.32329   	0.671356  	0.726506  	0.62717   
2.850000	75.7376   	75.6969   	75.5595   	75.5595   	1.69669   	1.34123   	0.680362  	0.735772  	0.635697  
2.875000	76.7909   	76.7544   	76.6145   	76.6145   	1.72122   	1.35918   	0.689367  	0.745038  	0.644225  
2.900000	77.8442   	77.8118   	77.6695   	77.6695   	1.74576   	1.37712   	0.698372  	0.754303  	0.652752  
2.925000	78.8974   	78.8692   	78.7245   	78.7245   	1.77029   	1.39507   	0.707378  	0.763569  	0.66128   
2.950000	79.9507   	79.9266   	79.7795   	79.7795   	1.79483   	1.41302   	0.716383  	0.772835  	0.669808  
2.975000	81.0039   	80.9841   	80.8345   	80.8345   	1.81936   	1.43096   	0.725389  	0.782101  	0.678335  
3.000000	82.0572   	82.0415   	81.8895   	81.8895   	1.8439    	1.44891   	0.734394  	0.791366  	0.686863  
3.025000	83.2412   	83.2329   	83.0793   	83.0793   	1.87181   	1.4687    	0.744515  	0.801636  	0.696461  
3.050000	84.4252   	84.4244   	84.2692   	84.2692   	1.89972   	1.48849   	0.754636  	0.811906  	0.706059  
3.075000	85.6092   	85.6159   	85.459    	85.459    	1.92763   	1.50827   	0.764757  	0.822176  	0.715657  
3.100000	86.7931   	86.8073   	86.6489   	86.6489   	1.95555   	1.52806   	0.774879  	0.832445  	0.725256  
3.125000	87.9771   	87.9988   	87.8387   	87.8387   	1.98346   	1.54785   	0.785     	0.842715  	0.734854  
3.150000	89.1611   	89.1902   	89.0286   	89.0286   	2.01137   	1.56764   	0.795121  	0.852985  	0.744452  
3.175000	90.3451   	90.3817   	90.2184   	90.2184   	2.03928   	1.58743   	0.805242  	0.863255  	0.75405   
3.200000	91.5291   	91.5732   	91.4082   	91.4082   	2.0672    	1.60722   	0.815363  	0.873525  	0.763649  
3.225000	92.7131   	92.7646   	92.5981   	92.5981   	2.09511   	1.62701   	0.825484  	0.883794  	0.773247  
3.250000	93.8971   	93.9561   	93.7879   	93.7879   	2.12302   	1.6468    	0.835605  	0.894064  	0.782845  
3.275000	95.0811   	95.1475   	94.9778   	94.9778   	2.15094   	1.66659   	0.845726  	0.904334  	0.792443  
3.300000	96.2651   	96.339    	96.1676   	96.1676   	2.17885   	1.68638   	0.855848  	0.914604  	0.802042  
3.325000	97.449    	97.5304   	97.3575   	97.3575   	2.20676   	1.70617   	0.865969  	0.924874  	0.81164   
3.350000	98.633    	98.7219   	98.5473   	98.5473   	2.23467   	1.72596   	0.87609   	0.935143  	0.821238  
3.375000	99.817    	99.9134   	99.7372   	99.7372   	2.26259   	1.74575   	0.886211  	0.945413  	0.830836  
3.400000	101.001   	101.105   	100.927   	100.927   	2.2905    	1.76553   	0.896332  	0.955683  	0.840435  
3.425000	102.185   	102.296   	102.117   	102.117   	2.31841   	1.78532   	0.906453  	0.965953  	0.850033  
3.450000	103.369   	103.488   	103.307   	103.307   	2.34632   	1.80511   	0.916574  	0.976223  	0.859631  
3.475000	104.553   	104.679   	104.497   	104.497   	2.37424   	1.8249    	0.926695  	0.986493  	0.869229  
3.500000	105.737   	105.871   	105.686   	105.686   	2.40215   	1.84469   	0.936817  	0.996762  	0.878827  
3.525000	107.048   	107.192   	107.007   	107.007   	2.43336   	1.86624   	0.948023  	1.008     	0.889468  
3.550000	108.36    	108.514   	108.329   	108.329   	2.46457   	1.88779   	0.95923   	1.01924   	0.900109  
3.575000	109.671   	109.835   	109.65    	109.65    	2.49579   	1.90933   	0.970436  	1.03047   	0.91075   
3.600000	110.983   	111.157   	110.971   	110.971   	2.527     	1.93088   	0.981642  	1.04171   	0.921391  
3.625000	112.294   	112.478   	112.292   	112.292   	2.55821   	1.95243   	0.992849  	1.05294   	0.932031  
3.650000	113.606   	113.8     	113.613   	113.613   	2.58943   	1.97398   	1.00406   	1.06418   	0.942672  
3.675000	114.917   	115.121   	114.934   	114.934   	2.62064   	1.99552   	1.01526   	1.07542   	0.953313  
3.700000	116.229   	116.443   	116.255   	116.255   	2.65185   	2.01707   	1.02647   	1.08665   	0.963954  
3.725000	117.54    	117.764   	117.576   	117.576   	2.68306   	2.03862   	1.03767   	1.09789   	0.974595  
3.750000	118.851   	119.086   	118.897   	118.897   	2.71428   	2.06017   	1.04888   	1.10913   	0.985235  
3.775000	120.163   	120.407   	120.218   	120.218   	2.74549   	2.08171   	1.06009   	1.12036   	0.995876  
3.800000	121.474   	121.729   	121.539   	121.539   	2.7767    	2.10326   	1.07129   	1.1316    	1.00652   
3.825000	122.786   	123.05    	122.86    	122.86    	2.80791   	2.12481   	1.0825    	1.14284   	1.01716   
3.850000	124.097   	124.372   	124.181   	124.181   	2.83913   	2.14635   	1.09371   	1.15407   	1.0278    
3.875000	125.409   	125.693   	125.502   	125.502   	2.87034   	2.1679    	1.10491   	1.16531   	1.03844   
3.900000	126.72    	127.014   	126.823   	126.823   	2.90155   	2.18945   	1.11612   	1.17654   	1.04908   
3.925000	128.032   	128.336   	128.144   	128.144   	2.93276   	2.211     	1.12733   	1.18778   	1.05972   
3.950000	129.343   	129.657   	129.465   	129.465   	2.96398   	2.23254   	1.13853   	1.19902   	1.07036   
3.975000	130.655   	130.979   	130.786   	130.786   	2.99519   	2.25409   	1.14974   	1.21025   	1.081     
4.000000	131.966   	132.3     	132.107   	132.107   	3.0264    	2.27564   	1.16095   	1.22149   	1.09164   
4.025000	133.402   	133.749   	133.556   	133.556   	3.06085   	2.29888   	1.17321   	1.23366   	1.10328   
4.050000	134.838   	135.197   	135.005   	135.005   	3.0953    	2.32212   	1.18548   	1.24583   	1.11492   
4.075000	136.274   	136.645   	136.455   	136.455   	3.12974   	2.34536   	1.19774   	1.25801   	1.12656   
4.100000	137.711   	138.093   	137.904   	137.904   	3.16419   	2.3686    	1.21001   	1.27018   	1.1382    
4.125000	139.147   	139.541   	139.353   	139.353   	3.19864   	2.39184   	1.22228   	1.28235   	1.14984   
4.150000	140.583   	140.989   	140.802   	140.802   	3.23308   	2.41508   	1.23454   	1.29452   	1.16148   
4.175000	142.019   	142.438   	142.251   	142.251   	3.26753   	2.43832   	1.24681   	1.30669   	1.17312   
4.200000	143.455   	143.886   	143.7     	143.7     	3.30198   	2.46156   	1.25908   	1.31886   	1.18476   
4.225000	144.891   	145.334   	145.149   	145.149   	3.33642   	2.4848    	1.27134   	1.33104   	1.1964    
4.250000	146.328   	146.782   	146.599   	146.599   	3.37087   	2.50804   	1.28361   	1.34321   	1.20804   
4.275000	147.764   	148.23    	148.048   	148.048   	3.40532   	2.53128   	1.29587   	1.35538   	1.21968   
4.300000	149.2     	149.678   	149.497   	149.497   	3.43976   	2.55452   	1.30814   	1.36755   	1.23132   
4.325000	150.636   	151.126   	150.946   	150.946   	3.47421   	2.57776   	1.32041   	1.37972   	1.24296   
4.350000	152.072   	152.575   	152.395   	152.395   	3.50866   	2.601     	1.33267   	1.39189   	1.2546    
4.375000	153.508   	154.023   	153.844   	153.844   	3.5431    	2.62424   	1.34494   	1.40407   	1.26624   
4.400000	154.945   	155.471   	155.293   	155.293   	3.57755   	2.64748   	1.35721   	1.41624   	1.27788   
4.425000	156.381   	156.919   	156.743   	156.743   	3.612     	2.67072   	1.36947   	1.42841   	1.28952   
4.450000	157.817   	158.367   	158.192   	158.192   	3.64644   	2.69396   	1.38174   	1.44058   	1.30116   
4.475000	159.253   	159.815   	159.641   	159.641   	3.68089   	2.7172    	1.394     	1.45275   	1.3128    
4.500000	160.689   	161.264   	161.09    	161.09    	3.71534   	2.74044   	1.40627   	1.46492   	1.32444   
4.525000	162.248   	162.835   	162.665   	162.665   	3.75296   	2.76532   	1.41958   	1.478     	1.33706   
4.550000	163.806   	164.407   	164.239   	164.239   	3.79058   	2.79019   	1.43288   	1.49108   	1.34968   
4.575000	165.365   	165.979   	165.814   	165.814   	3.82821   	2.81507   	1.44618   	1.50416   	1.3623    
4.600000	166.923   	167.551   	167.388   	167.388   	3.86583   	2.83995   	1.45949   	1.51724   	1.37492   
4.625000	168.482   	169.123   	168.963   	168.963   	3.90345   	2.86483   	1.47279   	1.53032   	1.38754   
4.650000	170.04    	170.695   	170.538   	170.538   	3.94108   	2.88971   	1.48609   	1.5434    	1.40016   
4.675000	171.599   	172.267   	172.112   	172.112   	3.9787    	2.91459   	1.4994    	1.55648   	1.41278   
4.700000	173.157   	173.839   	173.687   	173.687   	4.01632   	2.93947   	1.5127    	1.56956   	1.4254    
4.725000	174.716   	175.411   	175.261   	175.261   	4.05395   	2.96435   	1.52601   	1.58264   	1.43801   
4.750000	176.274   	176.983   	176.836   	176.836   	4.09157   	2.98923   	1.53931   	1.59572   	1.45063   
4.775000	177.833   	178.555   	178.411   	178.411   	4.12919   	3.01411   	1.55261   	1.6088    	1.46325   
4.800000	179.391   	180.127   	179.985   	179.985   	4.16682   	3.03899   	1.56592   	1.62188   	1.47587   
4.825000	180.95    	181.699   	181.56    	181.56    	4.20444   	3.06386   	1.57922   	1.63496   	1.48849   
4.850000	182.508   	183.271   	183.134   	183.134   	4.24206   	3.08874   	1.59253   	1.64804   	1.50111   
4.875000	184.066   	184.842   	184.709   	184.709   	4.27969   	3.11362   	1.60583   	1.66112   	1.51373   
4.900000	185.625   	186.414   	186.284   	186.284   	4.31731   	3.1385    	1.61913   	1.6742    	1.52635   
4.925000	187.183   	187.986   	187.858   	187.858   	4.35493   	3.16338   	1.63244   	1.68728   	1.53897   
4.950000	188.742   	189.558   	189.433   	189.433   	4.39256   	3.18826   	1.64574   	1.70036   	1.55159   
4.975000	190.3     	191.13    	191.007   	191.007   	4.43018   	3.21314   	1.65904   	1.71344   	1.56421   
5.000000	191.859   	192.702   	192.582   	192.582   	4.4678    	3.23802   	1.67235   	1.72652   	1.57683   
5.025000	193.538   	194.395   	194.28    	194.28    	4.50855   	3.26449   	1.68667   	1.74048   	1.59041   
5.050000	195.216   	196.088   	195.977   	195.977   	4.5493    	3.29097   	1.70099   	1.75444   	1.604     
5.075000	196.895   	197.782   	197.675   	197.675   	4.59005   	3.31744   	1.71531   	1.76841   	1.61758   
5.100000	198.574   	199.475   	199.373   	199.373   	4.6308    	3.34391   	1.72964   	1.78237   	1.63117   
5.125000	200.252   	201.168   	201.071   	201.071   	4.67155   	3.37039   	1.74396   	1.79634   	1.64475   
5.150000	201.931   	202.861   	202.768   	202.768   	4.7123    	3.39686   	1.75828   	1.8103    	1.65834   
5.175000	203.61    	204.554   	204.466   	204.466   	4.75305   	3.42333   	1.7726    	1.82427   	1.67192   
5.200000	205.289   	206.247   	206.164   	206.164   	4.7938    	3.44981   	1.78693   	1.83823   	1.68551   
5.225000	206.967   	207.941   	207.861   	207.861   	4.83455   	3.47628   	1.80125   	1.85219   	1.69909   
5.250000	208.646   	209.634   	209.559   	209.559   	4.8753    	3.50275   	1.81557   	1.86616   	1.71268   
5.275000	210.325   	211.327   	211.257   	211.257   	4.91605   	3.52923   	1.82989   	1.88012   	1.72626   
5.300000	212.003   	213.02    	212.955   	212.955   	4.9568    	3.5557    	1.84421   	1.89409   	1.73984   
5.325000	213.682   	214.713   	214.652   	214.652   	4.99755   	3.58217   	1.85854   	1.90805   	1.75343   
5.350000	215.361   	216.407   	216.35    	216.35    	5.0383    	3.60865   	1.87286   	1.92202   	1.76701   
5.375000	217.04    	218.1     	218.048   	218.048   	5.07905   	3.63512   	1.88718   	1.93598   	1.7806    
5.400000	218.718   	219.793   	219.745   	219.745   	5.1198    	3.6616    	1.9015    	1.94994   	1.79418   
5.425000	220.397   	221.486   	221.443   	221.443   	5.16055   	3.68807   	1.91582   	1.96391   	1.80777   
5.450000	222.076   	223.179   	223.141   	223.141   	5.2013    	3.71454   	1.93015   	1.97787   	1.82135   
5.475000	223.754   	224.872   	224.839   	224.839   	5.24205   	3.74102   	1.94447   	1.99184   	1.83494   
5.500000	225.433   	226.566   	226.536   	226.536   	5.2828    	3.76749   	1.95879   	2.0058    	1.84852   
5.525000	227.23    	228.378   	228.355   	228.355   	5.32663   	3.79552   	1.97411   	2.02063   	1.86308   
5.550000	229.027   	230.19    	230.174   	230.174   	5.37046   	3.82355   	1.98944   	2.03546   	1.87763   
5.575000	230.824   	232.002   	231.993   	231.993   	5.4143    	3.85158   	2.00476   	2.05029   	1.89219   
5.600000	232.621   	233.814   	233.811   	233.811   	5.45813   	3.87961   	2.02008   	2.06511   	1.90674   
5.625000	234.419   	235.627   	235.63    	235.63    	5.50196   	3.90764   	2.03541   	2.07994   	1.92129   
5.650000	236.216   	237.439   	237.449   	237.449   	5.54579   	3.93567   	2.05073   	2.09477   	1.93585   
5.675000	238.013   	239.251   	239.268   	239.268   	5.58962   	3.9637    	2.06605   	2.1096    	1.9504    
5.700000	239.81    	241.063   	241.087   	241.087   	5.63345   	3.99172   	2.08138   	2.12443   	1.96495   
5.725000	241.607   	242.875   	242.905   	242.905   	5.67729   	4.01975   	2.0967    	2.13925   	1.97951   
5.750000	243.404   	244.688   	244.724   	244.724   	5.72112   	4.04778   	2.11202   	2.15408   	1.99406   
5.775000	245.201   	246.5     	246.543   	246.543   	5.76495   	4.07581   	2.12735   	2.16891   	2.00861   
5.800000	246.998   	248.312   	248.362   	248.362   	5.80878   	4.10384   	2.14267   	2.18374   	2.02317   
5.825000	248.795   	250.124   	250.181   	250.181   	5.85261   	4.13187   	2.15799   	2.19857   	2.03772   
5.850000	250.592   	251.936   	251.999   	251.999   	5.89645   	4.1599    	2.17332   	2.21339   	2.05227   
5.875000	252.389   	253.749   	253.818   	253.818   	5.94028   	4.18793   	2.18864   	2.22822   	2.06683   
5.900000	254.186   	255.561   	255.637   	255.637   	5.98411   	4.21596   	2.20396   	2.24305   	2.08138   
5.925000	255.983   	257.373   	257.456   	257.456   	6.02794   	4.24399   	2.21929   	2.25788   	2.09593   
5.950000	257.78    	259.185   	259.275   	259.275   	6.07177   	4.27202   	2.23461   	2.27271   	2.11049   
5.975000	259.578   	260.997   	261.093   	261.093   	6.1156    	4.30005   	2.24993   	2.28753   	2.12504   
6.000000	261.375   	262.81    	262.912   	262.912   	6.15944   	4.32808   	2.26525   	2.30236   	2.13959   
6.025000	263.288   	264.739   	264.85    	264.85    	6.20631   	4.35763   	2.28156   	2.31804   	2.1551    
6.050000	265.202   	266.668   	266.788   	266.788   	6.25318   	4.38718   	2.29787   	2.33371   	2.17061   
6.075000	267.116   	268.597   	268.726   	268.726   	6.30006   	4.41673   	2.31418   	2.34938   	2.18611   
6.100000	269.03    	270.526   	270.664   	270.664   	6.34693   	4.44628   	2.33049   	2.36506   	2.20162   
6.125000	270.943   	272.456   	272.602   	272.602   	6.3938    	4.47584   	2.3468    	2.38073   	2.21713   
6.150000	272.857   	274.385   	274.54    	274.54    	6.44068   	4.50539   	2.36311   	2.3964    	2.23263   
6.175000	274.771   	276.314   	276.478   	276.478   	6.48755   	4.53494   	2.37942   	2.41208   	2.24814   
6.200000	276.684   	278.243   	278.416   	278.416   	6.53442   	4.56449   	2.39573   	2.42775   	2.26364   
6.225000	278.598   	280.173   	280.354   	280.354   	6.5813    	4.59404   	2.41204   	2.44343   	2.27915   
6.250000	280.512   	282.102   	282.292   	282.292   	6.62817   	4.62359   	2.42835   	2.4591    	2.29466   
6.275000	282.426   	284.031   	284.23    	284.23    	6.67504   	4.65314   	2.44466   	2.47477   	2.31016   
6.300000	284.339   	285.96    	286.168   	286.168   	6.72192   	4.6827    	2.46097   	2.49045   	2.32567   
6.325000	286.253   	287.89    	288.106   	288.106   	6.76879   	4.71225   	2.47728   	2.50612   	2.34117   
6.350000	288.167   	289.819   	290.044   	290.044   	6.81566   	4.7418    	2.49359   	2.52179   	2.35668   
6.375000	290.081   	291.748   	291.982   	291.982   	6.86254   	4.77135   	2.5099    	2.53747   	2.37219   
6.400000	291.994   	293.677   	293.92    	293.92    	6.90941   	4.8009    	2.52621   	2.55314   	2.38769   
6.425000	293.908   	295.606   	295.858   	295.858   	6.95629   	4.83045   	2.54251   	2.56881   	2.4032    
6.450000	295.822   	297.536   	297.796   	297.796   	7.00316   	4.86001   	2.55882   	2.58449   	2.41871   
6.475000	297.736   	299.465   	299.734   	299.734   	7.05003   	4.88956   	2.57513   	2.60016   	2.43421   
6.500000	299.649   	301.394   	301.672   	301.672   	7.09691   	4.91911   	2.59144   	2.61584   	2.44972   
6.525000	301.678   	303.439   	303.728   	303.728   	7.14678   	4.95015   	2.6087    	2.63234   	2.46616   
6.550000	303.707   	305.483   	305.784   	305.784   	7.19666   	4.9812    	2.62596   	2.64884   	2.48261   
6.575000	305.736   	307.527   	307.839   	307.839   	7.24654   	5.01224   	2.64322   	2.66534   	2.49905   
6.600000	307.765   	309.572   	309.895   	309.895   	7.29642   	5.04328   	2.66048   	2.68185   	2.5155    
6.625000	309.794   	311.616   	311.95    	311.95    	7.3463    	5.07433   	2.67774   	2.69835   	2.53194   
6.650000	311.822   	313.661   	314.006   	314.006   	7.39618   	5.10537   	2.695     	2.71485   	2.54839   
6.675000	313.851   	315.705   	316.062   	316.062   	7.44606   	5.13641   	2.71226   	2.73135   	2.56483   
6.700000	315.88    	317.75    	318.117   	318.117   	7.49594   	5.16746   	2.72952   	2.74786   	2.58128   
6.725000	317.909   	319.794   	320.173   	320.173   	7.54582   	5.1985    	2.74678   	2.76436   	2.59772   
6.750000	319.938   	321.839   	322.228   	322.228   	7.5957    	5.22954   	2.76404   	2.78086   	2.61417   
6.775000	321.967   	323.883   	324.284   	324.284   	7.64557   	5.26059   	2.7813    	2.79736   	2.63061   
6.800000	323.996   	325.928   	326.339   	326.339   	7.69545   	5.29163   	2.79855   	2.81387   	2.64706   
6.825000	326.024   	327.972   	328.395   	328.395   	7.74533   	5.32267   	2.81581   	2.83037   	2.6635    
6.850000	328.053   	330.016   	330.451   	330.451   	7.79521   	5.35372   	2.83307   	2.84687   	2.67994   
6.875000	330.082   	332.061   	332.506   	332.506   	7.84509   	5.38476   	2.85033   	2.86338   	2.69639   
6.900000	332.111   	334.105   	334.562   	334.562   	7.89497   	5.4158    	2.86759   	2.87988   	2.71283   
6.925000	334.14    	336.15    	336.617   	336.617   	7.94485   	5.44685   	2.88485   	2.89638   	2.72928   
6.950000	336.169   	338.194   	338.673   	338.673   	7.99473   	5.47789   	2.90211   	2.91288   	2.74572   
6.975000	338.197   	340.239   	340.728   	340.728   	8.04461   	5.50893   	2.91937   	2.92939   	2.76217   
7.000000	340.226   	342.283   	342.784   	342.784   	8.09448   	5.53998   	2.93663   	2.94589   	2.77861   
7.025000	342.369   	344.441   	344.956   	344.956   	8.14734   	5.57248   	2.95485   	2.96321   	2.79598   
7.050000	344.511   	346.599   	347.127   	347.127   	8.20019   	5.60499   	2.97307   	2.98052   	2.81335   
7.075000	346.654   	348.757   	349.299   	349.299   	8.25304   	5.6375    	2.99129   	2.99784   	2.83073   
7.100000	348.797   	350.915   	351.471   	351.471   	8.30589   	5.67001   	3.00951   	3.01516   	2.8481    
7.125000	350.939   	353.073   	353.642   	353.642   	8.35874   	5.70252   	3.02773   	3.03247   	2.86547   
7.150000	353.082   	355.231   	355.814   	355.814   	8.41159   	5.73502   	3.04594   	3.04979   	2.88284   
7.175000	355.224   	357.389   	357.985   	357.985   	8.46444   	5.76753   	3.06416   	3.06711   	2.90021   
7.200000	357.367   	359.547   	360.157   	360.157   	8.51729   	5.80004   	3.08238   	3.08442   	2.91758   
7.225000	359.509   	361.705   	362.329   	362.329   	8.57015   	5.83255   	3.1006    	3.10174   	2.93495   
7.250000	361.652   	363.864   	364.5     	364.5     	8.623     	5.86506   	3.11882   	3.11906   	2.95232   
7.275000	363.794   	366.022   	366.672   	366.672   	8.67585   	5.89756   	3.13704   	3.13637   	2.96969   
7.300000	365.937   	368.18    	368.844   	368.844   	8.7287    	5.93007   	3.15526   	3.15369   	2.98706   
7.325000	368.079   	370.338   	371.015   	371.015   	8.78155   	5.96258   	3.17348   	3.17101   	3.00443   
7.350000	370.222   	372.496   	373.187   	373.187   	8.8344    	5.99509   	3.1917    	3.18832   	3.0218    
7.375000	372.365   	374.654   	375.358   	375.358   	8.88725   	6.0276    	3.20992   	3.20564   	3.03918   
7.400000	374.507   	376.812   	377.53    	377.53    	8.9401    	6.0601    	3.22814   	3.22296   	3.05655   
7.425000	376.65    	378.97    	379.702   	379.702   	8.99295   	6.09261   	3.24636   	3.24027   	3.07392   
7.450000	378.792   	381.128   	381.873   	381.873   	9.04581   	6.12512   	3.26458   	3.25759   	3.09129   
7.475000	380.935   	383.286   	384.045   	384.045   	9.09866   	6.15763   	3.2828    	3.27491   	3.10866   
7.500000	383.077   	385.444   	386.217   	386.217   	9.15151   	6.19014   	3.30102   	3.29222   	3.12603   
7.525000	385.332   	387.714   	388.503   	388.503   	9.2073    	6.22409   	3.32019   	3.31034   	3.14432   
7.550000	387.587   	389.984   	390.789   	390.789   	9.26309   	6.25803   	3.33936   	3.32846   	3.1626    
7.575000	389.842   	392.254   	393.075   	393.075   	9.31889   	6.29198   	3.35853   	3.34657   	3.18089   
7.600000	392.097   	394.524   	395.362   	395.362   	9.37468   	6.32593   	3.3777    	3.36469   	3.19917   
7.625000	394.352   	396.795   	397.648   	397.648   	9.43047   	6.35988   	3.39687   	3.38281   	3.21746   
7.650000	396.607   	399.065   	399.934   	399.934   	9.48627   	6.39383   	3.41604   	3.40093   	3.23574   
7.675000	398.862   	401.335   	402.221   	402.221   	9.54206   	6.42778   	3.43521   	3.41904   	3.25403   
7.700000	401.117   	403.605   	404.507   	404.507   	9.59785   	6.46173   	3.45438   	3.43716   	3.27232   
7.725000	403.372   	405.875   	406.793   	406.793   	9.65364   	6.49568   	3.47355   	3.45528   	3.2906    
7.750000	405.627   	408.145   	409.079   	409.079   	9.70944   	6.52963   	3.49272   	3.4734    	3.30889   
7.775000	407.882   	410.415   	411.366   	411.366   	9.76523   	6.56358   	3.51189   	3.49151   	3.32717   
7.800000	410.136   	412.686   	413.652   	413.652   	9.82102   	6.59753   	3.53106   	3.50963   	3.34546   
7.825000	412.391   	414.956   	415.938   	415.938   	9.87682   	6.63147   	3.55023   	3.52775   	3.36375   
7.850000	414.646   	417.226   	418.225   	418.225   	9.93261   	6.66542   	3.5694    	3.54587   	3.38203   
7.875000	416.901   	419.496   	420.511   	420.511   	9.9884    	6.69937   	3.58857   	3.56398   	3.40032   
7.900000	419.156   	421.766   	422.797   	422.797   	10.0442   	6.73332   	3.60774   	3.5821    	3.4186    
7.925000	421.411   	424.036   	425.084   	425.084   	10.1      	6.76727   	3.62691   	3.60022   	3.43689   
7.950000	423.666   	426.306   	427.37    	427.37    	10.1558   	6.80122   	3.64608   	3.61833   	3.45517   
7.975000	425.921   	428.576   	429.656   	429.656   	10.2116   	6.83517   	3.66525   	3.63645   	3.47346   
8.000000	428.176   	430.847   	431.942   	431.942   	10.2674   	6.86912   	3.68442   	3.65457   	3.49175   
8.025000	430.542   	433.227   	434.342   	434.342   	10.3261   	6.90449   	3.70453   	3.67348   	3.51094   
8.050000	432.908   	435.608   	436.742   	436.742   	10.3848   	6.93986   	3.72464   	3.69238   	3.53013   
8.075000	435.274   	437.989   	439.141   	439.141   	10.4435   	6.97523   	3.74475   	3.71129   	3.54932   
8.100000	437.64    	440.37    	441.541   	441.541   	10.5022   	7.0106    	3.76486   	3.73019   	3.56851   
8.125000	440.006   	442.751   	443.941   	443.941   	10.5609   	7.04597   	3.78497   	3.7491    	3.5877    
8.150000	442.372   	445.132   	446.34    	446.34    	10.6196   	7.08134   	3.80508   	3.768     	3.60689   
8.175000	444.738   	447.513   	448.74    	448.74    	10.6783   	7.11671   	3.82519   	3.78691   	3.62608   
8.200000	447.105   	449.893   	451.14    	451.14    	10.737    	7.15208   	3.8453    	3.80582   	3.64527   
8.225000	449.471   	452.274   	453.539   	453.539   	10.7957   	7.18745   	3.86541   	3.82472   	3.66446   
8.250000	451.837   	454.655   	455.939   	455.939   	10.8544   	7.22282   	3.88552   	3.84363   	3.68365   
8.275000	454.203   	457.036   	458.339   	458.339   	10.9131   	7.25819   	3.90563   	3.86253   	3.70285   
8.300000	456.569   	459.417   	460.738   	460.738   	10.9718   	7.29356   	3.92574   	3.88144   	3.72204   
8.325000	458.935   	461.798   	463.138   	463.138   	11.0306   	7.32893   	3.94585   	3.90034   	3.74123   
8.350000	461.301   	464.178   	465.538   	465.538   	11.0893   	7.3643    	3.96596   	3.91925   	3.76042   
8.375000	463.667   	466.559   	467.937   	467.937   	11.148    	7.39967   	3.98607   	3.93816   	3.77961   
8.400000	466.033   	468.94    	470.337   	470.337   	11.2067   	7.43504   	4.00618   	3.95706   	3.7988    
8.425000	468.399   	471.321   	472.737   	472.737   	11.2654   	7.47041   	4.02629   	3.97597   	3.81799   
8.450000	470.765   	473.702   	475.136   	475.136   	11.3241   	7.50578   	4.0464    	3.99487   	3.83718   
8.475000	473.131   	476.083   	477.536   	477.536   	11.3828   	7.54115   	4.06651   	4.01378   	3.85637   
8.500000	475.498   	478.464   	479.936   	479.936   	11.4415   	7.57652   	4.08662   	4.03269   	3.87556   
8.525000	477.974   	480.954   	482.448   	482.448   	11.5031   	7.61329   	4.10766   	4.05237   	3.89565   
8.550000	480.45    	483.444   	484.959   	484.959   	11.5647   	7.65006   	4.1287    	4.07205   	3.91574   
8.575000	482.926   	485.934   	487.471   	487.471   	11.6263   	7.68683   	4.14974   	4.09173   	3.93582   
8.600000	485.402   	488.425   	489.983   	489.983   	11.6879   	7.7236    	4.17078   	4.11142   	3.95591   
8.625000	487.878   	490.915   	492.495   	492.495   	11.7495   	7.76037   	4.19182   	4.1311    	3.97599   
8.650000	490.354   	493.405   	495.007   	495.007   	11.8111   	7.79715   	4.21285   	4.15078   	3.99608   
8.675000	492.83    	495.896   	497.519   	497.519   	11.8727   	7.83392   	4.23389   	4.17046   	4.01617   
8.700000	495.306   	498.386   	500.031   	500.031   	11.9343   	7.87069   	4.25493   	4.19015   	4.03625   
8.725000	497.782   	500.876   	502.542   	502.542   	11.9958   	7.90746   	4.27597   	4.20983   	4.05634   
8.750000	500.258   	503.366   	505.054   	505.054   	12.0574   	7.94423   	4.29701   	4.22951   	4.07643   
8.775000	502.735   	505.857   	507.566   	507.566   	12.119    	7.981     	4.31805   	4.2492    	4.09651   
8.800000	505.211   	508.347   	510.078   	510.078   	12.1806   	8.01777   	4.33909   	4.26888   	4.1166    
8.825000	507.687   	510.837   	512.59    	512.59    	12.2422   	8.05454   	4.36013   	4.28856   	4.13668   
8.850000	510.163   	513.328   	515.102   	515.102   	12.3038   	8.09131   	4.38117   	4.30824   	4.15677   
8.875000	512.639   	515.818   	517.614   	517.614   	12.3654   	8.12808   	4.40221   	4.32793   	4.17686   
8.900000	515.115   	518.308   	520.125   	520.125   	12.427    	8.16485   	4.42325   	4.34761   	4.19694   
8.925000	517.591   	520.798   	522.637   	522.637   	12.4886   	8.20162   	4.44429   	4.36729   	4.21703   
8.950000	520.067   	523.289   	525.149   	525.149   	12.5502   	8.23839   	4.46533   	4.38697   	4.23712   
8.975000	522.543   	525.779   	527.661   	527.661   	12.6118   	8.27516   	4.48637   	4.40666   	4.2572    
9.000000	525.019   	528.269   	530.173   	530.173   	12.6734   	8.31193   	4.50741   	4.42634   	4.27729   
9.025000	527.604   	530.868   	532.796   	532.796   	12.7378   	8.35008   	4.52937   	4.44679   	4.29826   
9.050000	530.189   	533.466   	535.419   	535.419   	12.8023   	8.38823   	4.55134   	4.46724   	4.31924   
9.075000	532.774   	536.065   	538.042   	538.042   	12.8668   	8.42637   	4.5733    	4.48769   	4.34021   
9.100000	535.359   	538.663   	540.665   	540.665   	12.9312   	8.46452   	4.59526   	4.50814   	4.36118   
9.125000	537.944   	541.262   	543.288   	543.288   	12.9957   	8.50267   	4.61722   	4.52859   	4.38216   
9.150000	540.529   	543.86    	545.911   	545.911   	13.0601   	8.54082   	4.63918   	4.54904   	4.40313   
9.175000	543.114   	546.459   	548.533   	548.533   	13.1246   	8.57896   	4.66114   	4.56948   	4.4241    
9.200000	545.699   	549.058   	551.156   	551.156   	13.189    	8.61711   	4.6831    	4.58993   	4.44508   
9.225000	548.284   	551.656   	553.779   	553.779   	13.2535   	8.65526   	4.70506   	4.61038   	4.46605   
9.250000	550.869   	554.255   	556.402   	556.402   	13.318    	8.6934    	4.72702   	4.63083   	4.48702   
9.275000	553.454   	556.853   	559.025   	559.025   	13.3824   	8.73155   	4.74898   	4.65128   	4.508     
9.300000	556.039   	559.452   	561.648   	561.648   	13.4469   	8.7697    	4.77094   	4.67173   	4.52897   
9.325000	558.624   	562.05    	564.271   	564.271   	13.5113   	8.80784   	4.7929    	4.69218   	4.54994   
9.350000	561.209   	564.649   	566.894   	566.894   	13.5758   	8.84599   	4.81487   	4.71263   	4.57092   
9.375000	563.794   	567.247   	569.517   	569.517   	13.6402   	8.88414   	4.83683   	4.73308   	4.59189   
9.400000	566.379   	569.846   	572.14    	572.14    	13.7047   	8.92228   	4.85879   	4.75353   	4.61286   
9.425000	568.964   	572.444   	574.763   	574.763   	13.7692   	8.96043   	4.88075   	4.77398   	4.63384   
9.450000	571.549   	575.043   	577.386   	577.386   	13.8336   	8.99858   	4.90271   	4.79443   	4.65481   
9.475000	574.134   	577.641   	580.009   	580.009   	13.8981   	9.03673   	4.92467   	4.81488   	4.67578   
9.500000	576.719   	580.24    	582.632   	582.632   	13.9625   	9.07487   	4.94663   	4.83533   	4.69676   
9.525000	579.412   	582.945   	585.365   	585.365   	14.0298   	9.11437   	4.9695    	4.85653   	4.71861   
9.550000	582.105   	585.65    	588.098   	588.098   	14.0971   	9.15387   	4.99238   	4.87774   	4.74046   
9.575000	584.798   	588.356   	590.831   	590.831   	14.1644   	9.19337   	5.01525   	4.89894   	4.76232   
9.600000	587.491   	591.061   	593.564   	593.564   	14.2317   	9.23286   	5.03812   	4.92015   	4.78417   
9.625000	590.184   	593.766   	596.297   	596.297   	14.299    	9.27236   	5.061     	4.94136   	4.80602   
9.650000	592.877   	596.471   	599.03    	599.03    	14.3663   	9.31186   	5.08387   	4.96256   	4.82787   
9.675000	595.57    	599.177   	601.763   	601.763   	14.4336   	9.35136   	5.10674   	4.98377   	4.84973   
9.700000	598.263   	601.882   	604.496   	604.496   	14.5009   	9.39086   	5.12962   	5.00497   	4.87158   
9.725000	600.956   	604.587   	607.229   	607.229   	14.5682   	9.43035   	5.15249   	5.02618   	4.89343   
9.750000	603.648   	607.292   	609.962   	609.962   	14.6355   	9.46985   	5.17536   	5.04739   	4.91528   
9.775000	606.341   	609.998   	612.695   	612.695   	14.7028   	9.50935   	5.19824   	5.06859   	4.93714   
9.800000	609.034   	612.703   	615.428   	615.428   	14.7701   	9.54885   	5.22111   	5.0898    	4.95899   
9.825000	611.727   	615.408   	618.161   	618.161   	14.8374   	9.58835   	5.24399   	5.111     	4.98084   
9.850000	614.42    	618.113   	620.894   	620.894   	14.9047   	9.62784   	5.26686   	5.13221   	5.00269   
9.875000	617.113   	620.819   	623.627   	623.627   	14.972    	9.66734   	5.28973   	5.15342   	5.02455   
9.900000	619.806   	623.524   	626.36    	626.36    	15.0393   	9.70684   	5.31261   	5.17462   	5.0464    
9.925000	622.499   	626.229   	629.093   	629.093   	15.1066   	9.74634   	5.33548   	5.19583   	5.06825   
9.950000	625.192   	628.934   	631.826   	631.826   	15.1739   	9.78584   	5.35835   	5.21703   	5.09011   
9.975000	627.885   	631.64    	634.559   	634.559   	15.2412   	9.82533   	5.38123   	5.23824   	5.11196   
10.000000	630.577   	634.345   	637.292   	637.292   	15.3085   	9.86483   	5.4041    	5.25945   	5.13381   
10.025000	633.43    	637.191   	640.188   	640.188   	15.38     	9.90631   	5.42832   	5.28176   	5.15696   
10.050000	636.283   	640.038   	643.084   	643.084   	15.4515   	9.94779   	5.45254   	5.30408   	5.18012   
10.075000	639.136   	642.884   	645.979   	645.979   	15.523    	9.98927   	5.47676   	5.32639   	5.20327   
10.100000	641.989   	645.73    	648.875   	648.875   	15.5944   	10.0307   	5.50099   	5.34871   	5.22642   
10.125000	644.842   	648.577   	651.771   	651.771   	15.6659   	10.0722   	5.52521   	5.37103   	5.24957   
10.150000	647.694   	651.423   	654.667   	654.667   	15.7374   	10.1137   	5.54943   	5.39334   	5.27273   
10.175000	650.547   	654.27    	657.563   	657.563   	15.8089   	10.1552   	5.57365   	5.41566   	5.29588   
10.200000	653.4     	657.116   	660.459   	660.459   	15.8804   	10.1967   	5.59787   	5.43797   	5.31903   
10.225000	656.253   	659.962   	663.355   	663.354   	15.9519   	10.2381   	5.6221    	5.46029   	5.34218   
10.250000	659.106   	662.809   	666.25    	666.25    	16.0234   	10.2796   	5.64632   	5.48261   	5.36534   
10.275000	661.959   	665.655   	669.146   	669.146   	16.0949   	10.3211   	5.67054   	5.50492   	5.38849   
10.300000	664.811   	668.501   	672.042   	672.042   	16.1664   	10.3626   	5.69476   	5.52724   	5.41164   
10.325000	667.664   	671.348   	674.938   	674.938   	16.2379   	10.4041   	5.71898   	5.54955   	5.43479   
10.350000	670.517   	674.194   	677.834   	677.834   	16.3094   	10.4455   	5.74321   	5.57187   	5.45795   
10.375000	673.37    	677.041   	680.73    	680.729   	16.3809   	10.487    	5.76743   	5.59419   	5.4811    
10.400000	676.223   	679.887   	683.625   	683.625   	16.4523   	10.5285   	5.79165   	5.6165    	5.50425   
10.425000	679.076   	682.733   	686.521   	686.521   	16.5238   	10.57     	5.81587   	5.63882   	5.5274    
10.450000	681.928   	685.58    	689.417   	689.417   	16.5953   	10.6115   	5.84009   	5.66113   	5.55055   
10.475000	684.781   	688.426   	692.313   	692.313   	16.6668   	10.6529   	5.86432   	5.68345   	5.57371   
10.500000	687.634   	691.272   	695.209   	695.208   	16.7383   	10.6944   	5.88854   	5.70577   	5.59686   
10.525000	690.487   	694.119   	698.105   	698.104   	16.8098   	10.7359   	5.91276   	5.72808   	5.62001   
10.550000	693.34    	696.965   	701       	701       	16.8813   	10.7774   	5.93698   	5.7504    	5.64316   
10.575000	696.193   	699.812   	703.896   	703.896   	16.9528   	10.8188   	5.9612    	5.77271   	5.66632   
10.600000	699.045   	702.658   	706.792   	706.792   	17.0243   	10.8603   	5.98543   	5.79503   	5.68947   
10.625000	701.898   	705.504   	709.688   	709.688   	17.0958   	10.9018   	6.00965   	5.81735   	5.71262   
10.650000	704.751   	708.351   	712.584   	712.583   	17.1673   	10.9433   	6.03387   	5.83966   	5.73577   
10.675000	707.604   	711.197   	715.48    	715.479   	17.2388   	10.9848   	6.05809   	5.86198   	5.75893   
10.700000	710.457   	714.043   	718.376   	718.375   	17.3102   	11.0262   	6.08231   	5.88429   	5.78208   
10.725000	713.31    	716.89    	721.271   	721.271   	17.3817   	11.0677   	6.10653   	5.90661   	5.80523   
10.750000	716.162   	719.736   	724.167   	724.167   	17.4532   	11.1092   	6.13076   	5.92893   	5.82838   
10.775000	719.015   	722.583   	727.063   	727.063   	17.5247   	11.1507   	6.15498   	5.95124   	5.85154   
10.800000	721.868   	725.429   	729.959   	729.958   	17.5962   	11.1922   	6.1792    	5.97356   	5.87469   
10.825000	724.721   	728.275   	732.855   	732.854   	17.6677   	11.2336   	6.20342   	5.99587   	5.89784   
10.850000	727.574   	731.122   	735.751   	735.75    	17.7392   	11.2751   	6.22764   	6.01819   	5.92099   
10.875000	730.427   	733.968   	738.646   	738.646   	17.8107   	11.3166   	6.25187   	6.04051   	5.94415   
10.900000	733.279   	736.814   	741.542   	741.542   	17.8822   	11.3581   	6.27609   	6.06282   	5.9673    
10.925000	736.132   	739.661   	744.438   	744.438   	17.9537   	11.3996   	6.30031   	6.08514   	5.99045   
10.950000	738.985   	742.507   	747.334   	747.333   	18.0252   	11.441    	6.32453   	6.10745   	6.0136    
10.975000	741.838   	745.354   	750.23    	750.229   	18.0967   	11.4825   	6.34875   	6.12977   	6.03676   
11.000000	744.691   	748.2     	753.126   	753.125   	18.1681   	11.524    	6.37298   	6.15209   	6.05991   
11.025000	747.754   	751.246   	756.235   	756.234   	18.2451   	11.5681   	6.39897   	6.17584   	6.08477   
11.050000	750.817   	754.293   	759.345   	759.344   	18.3221   	11.6121   	6.42495   	6.19959   	6.10962   
11.075000	753.88    	757.339   	762.454   	762.453   	18.3991   	11.6562   	6.45094   	6.22334   	6.13448   
11.100000	756.943   	760.385   	765.564   	765.563   	18.4761   	11.7003   	6.47693   	6.24709   	6.15934   
11.125000	760.006   	763.432   	768.673   	768.672   	18.5531   	11.7444   	6.50292   	6.27084   	6.18419   
11.150000	763.069   	766.478   	771.783   	771.782   	18.63     	11.7884   	6.52891   	6.29459   	6.20905   
11.175000	766.132   	769.524   	774.892   	774.891   	18.707    	11.8325   	6.5549    	6.31834   	6.23391   
11.200000	769.196   	772.57    	778.002   	778.001   	18.784    	11.8766   	6.58089   	6.34209   	6.25876   
11.225000	772.259   	775.617   	781.111   	781.11    	18.861    	11.9207   	6.60688   	6.36585   	6.28362   
11.250000	775.322   	778.663   	784.221   	784.22    	18.938    	11.9648   	6.63287   	6.3896    	6.30848   
11.275000	778.385   	781.709   	787.33    	787.329   	19.015    	12.0088   	6.65886   	6.41335   	6.33333   
11.300000	781.448   	784.756   	790.44    	790.438   	19.092    	12.0529   	6.68485   	6.4371    	6.35819   
11.325000	784.511   	787.802   	793.549   	793.548   	19.1689   	12.097    	6.71084   	6.46085   	6.38305   
11.350000	787.574   	790.848   	796.659   	796.657   	19.2459   	12.1411   	6.73683   	6.4846    	6.4079    
11.375000	790.637   	793.895   	799.768   	799.767   	19.3229   	12.1851   	6.76281   	6.50835   	6.43276   
11.400000	793.7     	796.941   	802.878   	802.876   	19.3999   	12.2292   	6.7888    	6.5321    	6.45762   
11.425000	796.763   	799.987   	805.987   	805.986   	19.4769   	12.2733   	6.81479   	6.55585   	6.48247   
11.450000	799.827   	803.033   	809.097   	809.095   	19.5539   	12.3174   	6.84078   	6.57961   	6.50733   
11.475000	802.89    	806.08    	812.206   	812.205   	19.6308   	12.3614   	6.86677   	6.60336   	6.53219   
11.500000	805.953   	809.126   	815.316   	815.314   	19.7078   	12.4055   	6.89276   	6.62711   	6.55704   
11.525000	809.016   	812.172   	818.425   	818.423   	19.7848   	12.4496   	6.91875   	6.65086   	6.5819    
11.550000	812.079   	815.219   	821.535   	821.533   	19.8618   	12.4937   	6.94474   	6.67461   	6.60676   
11.575000	815.142   	818.265   	824.644   	824.642   	19.9388   	12.5377   	6.97073   	6.69836   	6.63161   
11.600000	818.205   	821.311   	827.754   	827.752   	20.0158   	12.5818   	6.99672   	6.72211   	6.65647   
11.625000	821.268   	824.358   	830.863   	830.861   	20.0927   	12.6259   	7.02271   	6.74586   	6.68133   
11.650000	824.331   	827.404   	833.973   	833.971   	20.1697   	12.67     	7.0487    	6.76961   	6.70618   
11.675000	827.394   	830.45    	837.082   	837.08    	20.2467   	12.714    	7.07469   	6.79337   	6.73104   
11.700000	830.458   	833.497   	840.192   	840.19    	20.3237   	12.7581   	7.10067   	6.81712   	6.7559    
11.725000	833.521   	836.543   	843.301   	843.299   	20.4007   	12.8022   	7.12666   	6.84087   	6.78075   
11.750000	836.584   	839.589   	846.411   	846.409   	20.4777   	12.8463   	7.15265   	6.86462   	6.80561   
11.775000	839.647   	842.635   	849.52    	849.518   	20.5546   	12.8903   	7.17864   	6.88837   	6.83047   
11.800000	842.71    	845.682   	852.63    	852.627   	20.6316   	12.9344   	7.20463   	6.91212   	6.85532   
11.825000	845.773   	848.728   	855.739   	855.737   	20.7086   	12.9785   	7.23062   	6.93587   	6.88018   
11.850000	848.836   	851.774   	858.849   	858.846   	20.7856   	13.0226   	7.25661   	6.95962   	6.90504   
11.875000	851.899   	854.821   	861.958   	861.956   	20.8626   	13.0667   	7.2826    	6.98337   	6.92989   
11.900000	854.962   	857.867   	865.068   	865.065   	20.9396   	13.1107   	7.30859   	7.00713   	6.95475   
11.925000	858.026   	860.913   	868.177   	868.175   	21.0166   	13.1548   	7.33458   	7.03088   	6.97961   
11.950000	861.089   	863.96    	871.287   	871.284   	21.0935   	13.1989   	7.36057   	7.05463   	7.00446   
11.975000	864.152   	867.006   	874.396   	874.394   	21.1705   	13.243    	7.38656   	7.07838   	7.02932   
12.000000	867.215   	870.052   	877.506   	877.503   	21.2475   	13.287    	7.41255   	7.10213   	7.05418   
12.025000	870.485   	873.296   	880.825   	880.822   	21.3299   	13.3336   	7.44027   	7.1273    	7.08071   
12.050000	873.755   	876.541   	884.144   	884.142   	21.4123   	13.3802   	7.46799   	7.15247   	7.10724   
12.075000	877.025   	879.785   	887.464   	887.461   	21.4946   	13.4268   	7.49572   	7.17763   	7.13377   
12.100000	880.295   	883.029   	890.783   	890.781   	21.577    	13.4734   	7.52344   	7.2028    	7.1603    
12.125000	883.565   	886.274   	894.103   	894.1     	21.6594   	13.52     	7.55116   	7.22797   	7.18683   
12.150000	886.835   	889.518   	897.422   	897.419   	21.7418   	13.5666   	7.57889   	7.25313   	7.21336   
12.175000	890.105   	892.762   	900.742   	900.739   	21.8241   	13.6132   	7.60661   	7.2783    	7.23989   
12.200000	893.375   	896.007   	904.061   	904.058   	21.9065   	13.6598   	7.63433   	7.30347   	7.26642   
12.225000	896.645   	899.251   	907.381   	907.377   	21.9889   	13.7064   	7.66206   	7.32864   	7.29295   
12.250000	899.916   	902.495   	910.7     	910.697   	22.0713   	13.753    	7.68978   	7.3538    	7.31948   
12.275000	903.186   	905.739   	914.019   	914.016   	22.1536   	13.7996   	7.7175    	7.37897   	7.34601   
12.300000	906.456   	908.984   	917.339   	917.336   	22.236    	13.8462   	7.74523   	7.40414   	7.37254   
12.325000	909.726   	912.228   	920.658   	920.655   	22.3184   	13.8928   	7.77295   	7.42931   	7.39907   
12.350000	912.996   	915.472   	923.978   	923.974   	22.4008   	13.9394   	7.80067   	7.45447   	7.4256    
12.375000	916.266   	918.717   	927.297   	927.294   	22.4831   	13.986    	7.8284    	7.47964   	7.45213   
12.400000	919.536   	921.961   	930.617   	930.613   	22.5655   	14.0326   	7.85612   	7.50481   	7.47866   
12.425000	922.806   	925.205   	933.936   	933.932   	22.6479   	14.0792   	7.88384   	7.52998   	7.50519   
12.450000	926.076   	928.45    	937.256   	937.252   	22.7303   	14.1258   	7.91157   	7.55514   	7.53172   
12.475000	929.346   	931.694   	940.575   	940.571   	22.8126   	14.1724   	7.93929   	7.58031   	7.55824   
12.500000	932.616   	934.938   	943.894   	943.891   	22.895    	14.219    	7.96701   	7.60548   	7.58477   
12.525000	935.886   	938.182   	947.214   	947.21    	22.9774   	14.2656   	7.99474   	7.63065   	7.6113    
12.550000	939.156   	941.427   	950.533   	950.529   	23.0598   	14.3122   	8.02246   	7.65581   	7.63783   
12.575000	942.426   	944.671   	953.853   	953.849   	23.1421   	14.3588   	8.05018   	7.68098   	7.66436   
12.600000	945.697   	947.915   	957.172   	957.168   	23.2245   	14.4054   	8.07791   	7.70615   	7.69089   
12.625000	948.967   	951.16    	960.492   	960.487   	23.3069   	14.452    	8.10563   	7.73132   	7.71742   
12.650000	952.237   	954.404   	963.811   	963.807   	23.3893   	14.4986   	8.13335   	7.75648   	7.74395   
12.675000	955.507   	957.648   	967.131   	967.126   	23.4716   	14.5452   	8.16108   	7.78165   	7.77048   
12.700000	958.777   	960.893   	970.45    	970.446   	23.554    	14.5918   	8.1888    	7.80682   	7.79701   
12.725000	962.047   	964.137   	973.769   	973.765   	23.6364   	14.6384   	8.21652   	7.83199   	7.82354   
12.750000	965.317   	967.381   	977.089   	977.084   	23.7188   	14.685    	8.24425   	7.85715   	7.85007   
12.775000	968.587   	970.625   	980.408   	980.404   	23.8011   	14.7316   	8.27197   	7.88232   	7.8766    
12.800000	971.857   	973.87    	983.728   	983.723   	23.8835   	14.7782   	8.29969   	7.90749   	7.90313   
12.825000	975.127   	977.114   	987.047   	987.042   	23.9659   	14.8248   	8.32742   	7.93266   	7.92966   
12.850000	978.397   	980.358   	990.367   	990.362   	24.0483   	14.8714   	8.35514   	7.95782   	7.95619   
12.875000	981.667   	983.603   	993.686   	993.681   	24.1306   	14.918    	8.38286   	7.98299   	7.98272   
12.900000	984.937   	986.847   	997.005   	997.001   	24.213    	14.9646   	8.41059   	8.00816   	8.00925   
12.925000	988.207   	990.091   	1000.32   	1000.32   	24.2954   	15.0112   	8.43831   	8.03333   	8.03578   
12.950000	991.478   	993.335   	1003.64   	1003.64   	24.3778   	15.0578   	8.46603   	8.05849   	8.06231   
12.975000	994.748   	996.58    	1006.96   	1006.96   	24.4601   	15.1044   	8.49376   	8.08366   	8.08884   
13.000000	998.018   	999.824   	1010.28   	1010.28   	24.5425   	15.151    	8.52148   	8.10883   	8.11537   
13.025000	1001.49   	1003.26   	1013.81   	1013.8    	24.6302   	15.2001   	8.55091   	8.13538   	8.14355   
13.050000	1004.97   	1006.7    	1017.34   	1017.33   	24.7179   	15.2491   	8.58033   	8.16193   	8.17172   
13.075000	1008.44   	1010.15   	1020.86   	1020.86   	24.8055   	15.2981   	8.60976   	8.18848   	8.19989   
13.100000	1011.91   	1013.59   	1024.39   	1024.38   	24.8932   	15.3472   	8.63918   	8.21503   	8.22806   
13.125000	1015.39   	1017.03   	1027.91   	1027.91   	24.9809   	15.3962   	8.66861   	8.24157   	8.25624   
13.150000	1018.86   	1020.47   	1031.44   	1031.43   	25.0685   	15.4453   	8.69803   	8.26812   	8.28441   
13.175000	1022.34   	1023.91   	1034.96   	1034.96   	25.1562   	15.4943   	8.72746   	8.29467   	8.31258   
13.200000	1025.81   	1027.35   	1038.49   	1038.49   	25.2439   	15.5433   	8.75688   	8.32122   	8.34076   
13.225000	1029.28   	1030.79   	1042.02   	1042.01   	25.3315   	15.5924   	8.78631   	8.34777   	8.36893   
13.250000	1032.76   	1034.23   	1045.54   	1045.54   	25.4192   	15.6414   	8.81573   	8.37432   	8.3971    
13.275000	1036.23   	1037.67   	1049.07   	1049.06   	25.5069   	15.6905   	8.84516   	8.40087   	8.42527   
13.300000	1039.71   	1041.11   	1052.59   	1052.59   	25.5945   	15.7395   	8.87458   	8.42742   	8.45345   
13.325000	1043.18   	1044.55   	1056.12   	1056.11   	25.6822   	15.7885   	8.90401   	8.45397   	8.48162   
13.350000	1046.65   	1047.99   	1059.65   	1059.64   	25.7699   	15.8376   	8.93343   	8.48052   	8.50979   
13.375000	1050.13   	1051.43   	1063.17   	1063.17   	25.8575   	15.8866   	8.96286   	8.50707   	8.53797   
13.400000	1053.6    	1054.87   	1066.7    	1066.69   	25.9452   	15.9357   	8.99228   	8.53362   	8.56614   
13.425000	1057.08   	1058.31   	1070.22   	1070.22   	26.0329   	15.9847   	9.02171   	8.56017   	8.59431   
13.450000	1060.55   	1061.75   	1073.75   	1073.74   	26.1205   	16.0337   	9.05113   	8.58672   	8.62248   
13.475000	1064.02   	1065.19   	1077.28   	1077.27   	26.2082   	16.0828   	9.08056   	8.61327   	8.65066   
13.500000	1067.5    	1068.63   	1080.8    	1080.8    	26.2959   	16.1318   	9.10998   	8.63982   	8.67883   
13.525000	1070.97   	1072.07   	1084.33   	1084.32   	26.3835   	16.1809   	9.13941   	8.66636   	8.707     
13.550000	1074.45   	1075.51   	1087.85   	1087.85   	26.4712   	16.2299   	9.16883   	8.69291   	8.73518   
13.575000	1077.92   	1078.95   	1091.38   	1091.37   	26.5589   	16.2789   	9.19826   	8.71946   	8.76335   
13.600000	1081.39   	1082.39   	1094.9    	1094.9    	26.6465   	16.328    	9.22768   	8.74601   	8.79152   
13.625000	1084.87   	1085.83   	1098.43   	1098.42   	26.7342   	16.377    	9.25711   	8.77256   	8.81969   
13.650000	1088.34   	1089.27   	1101.96   	1101.95   	26.8219   	16.4261   	9.28653   	8.79911   	8.84787   
13.675000	1091.82   	1092.71   	1105.48   	1105.48   	26.9095   	16.4751   	9.31596   	8.82566   	8.87604   
13.700000	1095.29   	1096.15   	1109.01   	1109      	26.9972   	16.5241   	9.34538   	8.85221   	8.90421   
13.725000	1098.76   	1099.6    	1112.53   	1112.53   	27.0849   	16.5732   	9.37481   	8.87876   	8.93239   
13.750000	1102.24   	1103.04   	1116.06   	1116.05   	27.1725   	16.6222   	9.40423   	8.90531   	8.96056   
13.775000	1105.71   	1106.48   	1119.59   	1119.58   	27.2602   	16.6713   	9.43366   	8.93186   	8.98873   
13.800000	1109.19   	1109.92   	1123.11   	1123.11   	27.3479   	16.7203   	9.46308   	8.95841   	9.0169    
13.825000	1112.66   	1113.36   	1126.64   	1126.63   	27.4355   	16.7693   	9.49251   	8.98496   	9.04508   
13.850000	1116.13   	1116.8    	1130.16   	1130.16   	27.5232   	16.8184   	9.52193   	9.01151   	9.07325   
13.875000	1119.61   	1120.24   	1133.69   	1133.68   	27.6109   	16.8674   	9.55136   	9.03806   	9.10142   
13.900000	1123.08   	1123.68   	1137.22   	1137.21   	27.6985   	16.9165   	9.58078   	9.0646    	9.1296    
13.925000	1126.56   	1127.12   	1140.74   	1140.74   	27.7862   	16.9655   	9.61021   	9.09115   	9.15777   
13.950000	1130.03   	1130.56   	1144.27   	1144.26   	27.8739   	17.0145   	9.63963   	9.1177    	9.18594   
13.975000	1133.5    	1134      	1147.79   	1147.79   	27.9615   	17.0636   	9.66906   	9.14425   	9.21411   
14.000000	1136.98   	1137.44   	1151.32   	1151.31   	28.0492   	17.1126   	9.69848   	9.1708    	9.24229   
14.025000	1140.65   	1141.07   	1155.05   	1155.04   	28.1421   	17.1641   	9.72958   	9.1987    	9.27208   
14.050000	1144.33   	1144.71   	1158.78   	1158.77   	28.2349   	17.2155   	9.76068   	9.2266    	9.30186   
14.075000	1148      	1148.34   	1162.51   	1162.5    	28.3278   	17.267    	9.79177   	9.2545    	9.33165   
14.100000	1151.68   	1151.98   	1166.24   	1166.23   	28.4207   	17.3184   	9.82287   	9.2824    	9.36144   
14.125000	1155.35   	1155.61   	1169.96   	1169.96   	28.5135   	17.3698   	9.85397   	9.3103    	9.39123   
14.150000	1159.03   	1159.25   	1173.69   	1173.69   	28.6064   	17.4213   	9.88507   	9.3382    	9.42102   
14.175000	1162.7    	1162.88   	1177.42   	1177.42   	28.6993   	17.4727   	9.91616   	9.3661    	9.45081   
14.200000	1166.38   	1166.52   	1181.15   	1181.15   	28.7921   	17.5242   	9.94726   	9.394     	9.4806    
14.225000	1170.05   	1170.15   	1184.88   	1184.88   	28.885    	17.5756   	9.97836   	9.4219    	9.51038   
14.250000	1173.73   	1173.79   	1188.61   	1188.6    	28.9779   	17.6271   	10.0095   	9.4498    	9.54017   
14.275000	1177.4    	1177.42   	1192.34   	1192.33   	29.0708   	17.6785   	10.0406   	9.4777    	9.56996   
14.300000	1181.08   	1181.05   	1196.07   	1196.06   	29.1636   	17.73     	10.0717   	9.50561   	9.59975   
14.325000	1184.75   	1184.69   	1199.8    	1199.79   	29.2565   	17.7814   	10.1027   	9.53351   	9.62954   
