Energy (MeV/u)	0 - [He-base] F.Hubert et al, AD&ND Tables 46(1990)1	1 - [H -base] J.F.Ziegler et al, Pergamon Press, NY (low energy)	2 - ATIMA 1.2  LS-theory (recommended for high energy)	3 - ATIMA 1.2  without LS-correction	4 - Range straggling - method [0] - LISE	5 - Range straggling - method [1] - Atima	6 - Lateral range - method [0] - LISE	7 - Lateral range - method [1] - Atima	8 - Lateral range - method [2] - PDG
1.000000	17.1023   	17.0977   	17.0135   	17.0135   	0.318982  	0.28443   	0.391351  	0.433397  	0.389241  
1.025000	17.7604   	17.7557   	17.6645   	17.6645   	0.331679  	0.294073  	0.404932  	0.44802   	0.40287   
1.050000	18.4185   	18.4136   	18.3156   	18.3156   	0.344376  	0.303715  	0.418513  	0.462642  	0.416499  
1.075000	19.0766   	19.0715   	18.9666   	18.9666   	0.357072  	0.313358  	0.432094  	0.477264  	0.430128  
1.100000	19.7347   	19.7295   	19.6176   	19.6176   	0.369769  	0.323001  	0.445675  	0.491887  	0.443757  
1.125000	20.3928   	20.3874   	20.2686   	20.2686   	0.382466  	0.332644  	0.459255  	0.506509  	0.457385  
1.150000	21.0509   	21.0453   	20.9197   	20.9197   	0.395163  	0.342286  	0.472836  	0.521131  	0.471014  
1.175000	21.709    	21.7033   	21.5707   	21.5707   	0.407859  	0.351929  	0.486417  	0.535754  	0.484643  
1.200000	22.3671   	22.3612   	22.2217   	22.2217   	0.420556  	0.361572  	0.499998  	0.550376  	0.498272  
1.225000	23.0252   	23.0191   	22.8728   	22.8728   	0.433253  	0.371214  	0.513579  	0.564998  	0.511901  
1.250000	23.6833   	23.677    	23.5238   	23.5238   	0.44595   	0.380857  	0.52716   	0.579621  	0.52553   
1.275000	24.4202   	24.4138   	24.2534   	24.2534   	0.460171  	0.391297  	0.542058  	0.595444  	0.540507  
1.300000	25.1571   	25.1505   	24.9831   	24.9831   	0.474392  	0.401737  	0.556956  	0.611267  	0.555485  
1.325000	25.894    	25.8872   	25.7128   	25.7128   	0.488614  	0.412177  	0.571855  	0.62709   	0.570462  
1.350000	26.6309   	26.6239   	26.4424   	26.4424   	0.502835  	0.422618  	0.586753  	0.642913  	0.58544   
1.375000	27.3678   	27.3606   	27.1721   	27.1721   	0.517056  	0.433058  	0.601651  	0.658736  	0.600417  
1.400000	28.1047   	28.0973   	27.9018   	27.9018   	0.531278  	0.443498  	0.616549  	0.674559  	0.615395  
1.425000	28.8416   	28.834    	28.6314   	28.6314   	0.545499  	0.453938  	0.631448  	0.690382  	0.630373  
1.450000	29.5785   	29.5707   	29.3611   	29.3611   	0.55972   	0.464378  	0.646346  	0.706205  	0.64535   
1.475000	30.3155   	30.3074   	30.0907   	30.0907   	0.573942  	0.474818  	0.661244  	0.722028  	0.660328  
1.500000	31.0524   	31.0441   	30.8204   	30.8204   	0.588163  	0.485258  	0.676143  	0.737851  	0.675305  
1.525000	31.8638   	31.8553   	31.6247   	31.6247   	0.603835  	0.496452  	0.692306  	0.754821  	0.691584  
1.550000	32.6752   	32.6665   	32.4289   	32.4289   	0.619508  	0.507646  	0.708468  	0.771791  	0.707862  
1.575000	33.4866   	33.4777   	33.2332   	33.2332   	0.63518   	0.518839  	0.724631  	0.788761  	0.72414   
1.600000	34.298    	34.289    	34.0375   	34.0375   	0.650852  	0.530033  	0.740794  	0.805732  	0.740419  
1.625000	35.1095   	35.1002   	34.8418   	34.8418   	0.666525  	0.541227  	0.756957  	0.822702  	0.756697  
1.650000	35.9209   	35.9114   	35.646    	35.646    	0.682197  	0.552421  	0.77312   	0.839672  	0.772976  
1.675000	36.7323   	36.7226   	36.4503   	36.4503   	0.697869  	0.563614  	0.789283  	0.856643  	0.789254  
1.700000	37.5437   	37.5338   	37.2546   	37.2546   	0.713542  	0.574808  	0.805446  	0.873613  	0.805533  
1.725000	38.3552   	38.345    	38.0589   	38.0589   	0.729214  	0.586002  	0.821608  	0.890583  	0.821811  
1.750000	39.1666   	39.1562   	38.8631   	38.8631   	0.744886  	0.597195  	0.837771  	0.907553  	0.838089  
1.775000	40.0492   	40.0386   	39.7389   	39.7389   	0.761953  	0.609107  	0.855132  	0.925582  	0.855589  
1.800000	40.9318   	40.921    	40.6147   	40.6147   	0.77902   	0.621019  	0.872493  	0.943611  	0.873088  
1.825000	41.8145   	41.8034   	41.4904   	41.4904   	0.796087  	0.632931  	0.889855  	0.96164   	0.890587  
1.850000	42.6971   	42.6858   	42.3662   	42.3662   	0.813153  	0.644843  	0.907216  	0.979668  	0.908087  
1.875000	43.5797   	43.5682   	43.242    	43.242    	0.83022   	0.656755  	0.924577  	0.997697  	0.925586  
1.900000	44.4624   	44.4506   	44.1178   	44.1178   	0.847287  	0.668668  	0.941938  	1.01573   	0.943086  
1.925000	45.345    	45.333    	44.9935   	44.9935   	0.864354  	0.68058   	0.959299  	1.03375   	0.960585  
1.950000	46.2276   	46.2154   	45.8693   	45.8693   	0.881421  	0.692492  	0.97666   	1.05178   	0.978084  
1.975000	47.1103   	47.0978   	46.7451   	46.7451   	0.898487  	0.704404  	0.994021  	1.06981   	0.995584  
2.000000	47.9929   	47.9802   	47.6208   	47.6208   	0.915554  	0.716316  	1.01138   	1.08784   	1.01308   
2.025000	48.9441   	48.9311   	48.5656   	48.5656   	0.933969  	0.728917  	1.02992   	1.10691   	1.03179   
2.050000	49.8952   	49.882    	49.5103   	49.5103   	0.952384  	0.741518  	1.04846   	1.12597   	1.05049   
2.075000	50.8464   	50.8329   	50.455    	50.455    	0.970798  	0.75412   	1.067     	1.14504   	1.0692    
2.100000	51.7975   	51.7838   	51.3997   	51.3997   	0.989213  	0.766721  	1.08553   	1.1641    	1.0879    
2.125000	52.7487   	52.7347   	52.3445   	52.3445   	1.00763   	0.779323  	1.10407   	1.18317   	1.1066    
2.150000	53.6998   	53.6856   	53.2892   	53.2892   	1.02604   	0.791924  	1.12261   	1.20223   	1.12531   
2.175000	54.651    	54.6365   	54.2339   	54.2339   	1.04446   	0.804526  	1.14115   	1.2213    	1.14401   
2.200000	55.6021   	55.5874   	55.1786   	55.1786   	1.06287   	0.817127  	1.15968   	1.24037   	1.16272   
2.225000	56.5533   	56.5383   	56.1234   	56.1234   	1.08129   	0.829729  	1.17822   	1.25943   	1.18142   
2.250000	57.5044   	57.4892   	57.0681   	57.0681   	1.0997    	0.84233   	1.19676   	1.2785    	1.20013   
2.275000	58.5224   	58.5063   	58.0796   	58.0796   	1.11942   	0.855597  	1.21641   	1.29856   	1.21997   
2.300000	59.5404   	59.5234   	59.0912   	59.0912   	1.13915   	0.868864  	1.23607   	1.31862   	1.2398    
2.325000	60.5583   	60.5406   	60.1027   	60.1027   	1.15887   	0.882132  	1.25572   	1.33868   	1.25964   
2.350000	61.5763   	61.5577   	61.1143   	61.1143   	1.17859   	0.895399  	1.27537   	1.35874   	1.27948   
2.375000	62.5943   	62.5749   	62.1258   	62.1258   	1.19832   	0.908666  	1.29503   	1.37881   	1.29932   
2.400000	63.6123   	63.592    	63.1374   	63.1374   	1.21804   	0.921933  	1.31468   	1.39887   	1.31916   
2.425000	64.6302   	64.6092   	64.1489   	64.1489   	1.23776   	0.9352    	1.33433   	1.41893   	1.339     
2.450000	65.6482   	65.6263   	65.1605   	65.1605   	1.25749   	0.948467  	1.35399   	1.43899   	1.35884   
2.475000	66.6662   	66.6435   	66.172    	66.172    	1.27721   	0.961734  	1.37364   	1.45905   	1.37868   
2.500000	67.6842   	67.6606   	67.1836   	67.1836   	1.29693   	0.975002  	1.39329   	1.47911   	1.39852   
2.525000	68.8102   	68.7734   	68.2918   	68.2918   	1.31855   	0.989228  	1.41458   	1.50058   	1.42003   
2.550000	69.9362   	69.8861   	69.4001   	69.4001   	1.34017   	1.00345   	1.43587   	1.52205   	1.44154   
2.575000	71.0623   	70.9989   	70.5083   	70.5083   	1.36179   	1.01768   	1.45716   	1.54352   	1.46305   
2.600000	72.1883   	72.1117   	71.6166   	71.6166   	1.3834    	1.03191   	1.47845   	1.56499   	1.48455   
2.625000	73.3144   	73.2244   	72.7248   	72.7248   	1.40502   	1.04613   	1.49974   	1.58646   	1.50606   
2.650000	74.4404   	74.3372   	73.833    	73.833    	1.42664   	1.06036   	1.52103   	1.60793   	1.52757   
2.675000	75.5664   	75.45     	74.9413   	74.9413   	1.44826   	1.07458   	1.54231   	1.6294    	1.54908   
2.700000	76.6925   	76.5628   	76.0495   	76.0495   	1.46988   	1.08881   	1.5636    	1.65087   	1.57059   
2.725000	77.8185   	77.6755   	77.1577   	77.1577   	1.4915    	1.10304   	1.58489   	1.67234   	1.5921    
2.750000	78.9445   	78.7883   	78.266    	78.266    	1.51311   	1.11726   	1.60618   	1.69381   	1.61361   
2.775000	80.0706   	79.9011   	79.3742   	79.3742   	1.53473   	1.13149   	1.62747   	1.71527   	1.63512   
2.800000	81.1966   	81.0138   	80.4825   	80.4825   	1.55635   	1.14571   	1.64876   	1.73674   	1.65663   
2.825000	82.3226   	82.1266   	81.5907   	81.5907   	1.57797   	1.15994   	1.67005   	1.75821   	1.67814   
2.850000	83.4487   	83.2394   	82.6989   	82.6989   	1.59959   	1.17417   	1.69133   	1.77968   	1.69964   
2.875000	84.5747   	84.3521   	83.8072   	83.8072   	1.62121   	1.18839   	1.71262   	1.80115   	1.72115   
2.900000	85.7007   	85.4649   	84.9154   	84.9154   	1.64282   	1.20262   	1.73391   	1.82262   	1.74266   
2.925000	86.8268   	86.5777   	86.0237   	86.0237   	1.66444   	1.21684   	1.7552    	1.84409   	1.76417   
2.950000	87.9528   	87.6904   	87.1319   	87.1319   	1.68606   	1.23107   	1.77649   	1.86556   	1.78568   
2.975000	89.0789   	88.8032   	88.2401   	88.2401   	1.70768   	1.2453    	1.79778   	1.88703   	1.80719   
3.000000	90.2049   	89.916    	89.3484   	89.3484   	1.7293    	1.25952   	1.81907   	1.9085    	1.8287    
3.025000	91.4473   	91.1511   	90.5806   	90.5806   	1.75335   	1.27497   	1.84243   	1.93176   	1.85232   
3.050000	92.6898   	92.3862   	91.8129   	91.8129   	1.7774    	1.29041   	1.86579   	1.95503   	1.87594   
3.075000	93.9322   	93.6213   	93.0451   	93.0451   	1.80145   	1.30586   	1.88916   	1.9783    	1.89956   
3.100000	95.1746   	94.8564   	94.2774   	94.2774   	1.8255    	1.32131   	1.91252   	2.00156   	1.92318   
3.125000	96.4171   	96.0915   	95.5097   	95.5097   	1.84955   	1.33675   	1.93588   	2.02483   	1.94681   
3.150000	97.6595   	97.3266   	96.7419   	96.7419   	1.8736    	1.3522    	1.95925   	2.04809   	1.97043   
3.175000	98.902    	98.5617   	97.9742   	97.9742   	1.89766   	1.36765   	1.98261   	2.07136   	1.99405   
3.200000	100.144   	99.7968   	99.2064   	99.2064   	1.92171   	1.38309   	2.00597   	2.09463   	2.01767   
3.225000	101.387   	101.032   	100.439   	100.439   	1.94576   	1.39854   	2.02934   	2.11789   	2.04129   
3.250000	102.629   	102.267   	101.671   	101.671   	1.96981   	1.41399   	2.0527    	2.14116   	2.06491   
3.275000	103.872   	103.502   	102.903   	102.903   	1.99386   	1.42943   	2.07607   	2.16443   	2.08854   
3.300000	105.114   	104.737   	104.135   	104.135   	2.01791   	1.44488   	2.09943   	2.18769   	2.11216   
3.325000	106.357   	105.972   	105.368   	105.368   	2.04196   	1.46033   	2.12279   	2.21096   	2.13578   
3.350000	107.599   	107.207   	106.6     	106.6     	2.06601   	1.47577   	2.14616   	2.23422   	2.1594    
3.375000	108.841   	108.442   	107.832   	107.832   	2.09006   	1.49122   	2.16952   	2.25749   	2.18302   
3.400000	110.084   	109.678   	109.064   	109.064   	2.11412   	1.50667   	2.19288   	2.28076   	2.20664   
3.425000	111.326   	110.913   	110.297   	110.297   	2.13817   	1.52211   	2.21625   	2.30402   	2.23026   
3.450000	112.569   	112.148   	111.529   	111.529   	2.16222   	1.53756   	2.23961   	2.32729   	2.25389   
3.475000	113.811   	113.383   	112.761   	112.761   	2.18627   	1.55301   	2.26297   	2.35056   	2.27751   
3.500000	115.054   	114.618   	113.993   	113.993   	2.21032   	1.56845   	2.28634   	2.37382   	2.30113   
3.525000	116.409   	115.97    	115.345   	115.345   	2.23671   	1.58506   	2.3117    	2.3988    	2.32679   
3.550000	117.764   	117.323   	116.696   	116.696   	2.2631    	1.60167   	2.33707   	2.42378   	2.35246   
3.575000	119.12    	118.675   	118.048   	118.048   	2.28949   	1.61828   	2.36244   	2.44876   	2.37812   
3.600000	120.475   	120.027   	119.399   	119.399   	2.31588   	1.63488   	2.3878    	2.47373   	2.40378   
3.625000	121.83    	121.38    	120.75    	120.75    	2.34227   	1.65149   	2.41317   	2.49871   	2.42945   
3.650000	123.186   	122.732   	122.102   	122.102   	2.36865   	1.6681    	2.43854   	2.52369   	2.45511   
3.675000	124.541   	124.084   	123.453   	123.453   	2.39504   	1.68471   	2.4639    	2.54867   	2.48078   
3.700000	125.896   	125.436   	124.805   	124.805   	2.42143   	1.70132   	2.48927   	2.57365   	2.50644   
3.725000	127.251   	126.789   	126.156   	126.156   	2.44782   	1.71792   	2.51464   	2.59862   	2.5321    
3.750000	128.607   	128.141   	127.508   	127.508   	2.47421   	1.73453   	2.54001   	2.6236    	2.55777   
3.775000	129.962   	129.493   	128.859   	128.859   	2.5006    	1.75114   	2.56537   	2.64858   	2.58343   
3.800000	131.317   	130.846   	130.21    	130.21    	2.52699   	1.76775   	2.59074   	2.67356   	2.6091    
3.825000	132.673   	132.198   	131.562   	131.562   	2.55338   	1.78435   	2.61611   	2.69853   	2.63476   
3.850000	134.028   	133.55    	132.913   	132.913   	2.57977   	1.80096   	2.64147   	2.72351   	2.66042   
3.875000	135.383   	134.903   	134.265   	134.265   	2.60615   	1.81757   	2.66684   	2.74849   	2.68609   
3.900000	136.739   	136.255   	135.616   	135.616   	2.63254   	1.83418   	2.69221   	2.77347   	2.71175   
3.925000	138.094   	137.607   	136.967   	136.967   	2.65893   	1.85079   	2.71757   	2.79845   	2.73741   
3.950000	139.449   	138.96    	138.319   	138.319   	2.68532   	1.86739   	2.74294   	2.82342   	2.76308   
3.975000	140.805   	140.312   	139.67    	139.67    	2.71171   	1.884     	2.76831   	2.8484    	2.78874   
4.000000	142.16    	141.664   	141.022   	141.022   	2.7381    	1.90061   	2.79367   	2.87338   	2.81441   
4.025000	143.625   	143.13    	142.488   	142.488   	2.76675   	1.91833   	2.82096   	2.89999   	2.84202   
4.050000	145.09    	144.595   	143.955   	143.955   	2.79539   	1.93605   	2.84824   	2.92659   	2.86963   
4.075000	146.556   	146.06    	145.421   	145.421   	2.82404   	1.95377   	2.87553   	2.9532    	2.89724   
4.100000	148.021   	147.525   	146.888   	146.888   	2.85269   	1.97149   	2.90281   	2.9798    	2.92485   
4.125000	149.486   	148.991   	148.354   	148.354   	2.88134   	1.98921   	2.9301    	3.00641   	2.95246   
4.150000	150.951   	150.456   	149.821   	149.821   	2.90998   	2.00693   	2.95739   	3.03302   	2.98007   
4.175000	152.416   	151.921   	151.287   	151.287   	2.93863   	2.02465   	2.98467   	3.05962   	3.00768   
4.200000	153.882   	153.387   	152.754   	152.754   	2.96728   	2.04237   	3.01196   	3.08623   	3.03529   
4.225000	155.347   	154.852   	154.22    	154.22    	2.99592   	2.06009   	3.03924   	3.11284   	3.0629    
4.250000	156.812   	156.317   	155.687   	155.687   	3.02457   	2.07781   	3.06653   	3.13944   	3.09051   
4.275000	158.277   	157.782   	157.153   	157.153   	3.05322   	2.09553   	3.09381   	3.16605   	3.11812   
4.300000	159.742   	159.248   	158.62    	158.62    	3.08187   	2.11324   	3.1211    	3.19265   	3.14573   
4.325000	161.208   	160.713   	160.086   	160.086   	3.11051   	2.13096   	3.14838   	3.21926   	3.17335   
4.350000	162.673   	162.178   	161.553   	161.553   	3.13916   	2.14868   	3.17567   	3.24587   	3.20096   
4.375000	164.138   	163.644   	163.019   	163.019   	3.16781   	2.1664    	3.20295   	3.27247   	3.22857   
4.400000	165.603   	165.109   	164.486   	164.486   	3.19646   	2.18412   	3.23024   	3.29908   	3.25618   
4.425000	167.068   	166.574   	165.952   	165.952   	3.2251    	2.20184   	3.25752   	3.32568   	3.28379   
4.450000	168.534   	168.04    	167.419   	167.419   	3.25375   	2.21956   	3.28481   	3.35229   	3.3114    
4.475000	169.999   	169.505   	168.885   	168.885   	3.2824    	2.23728   	3.3121    	3.3789    	3.33901   
4.500000	171.464   	170.97    	170.352   	170.352   	3.31104   	2.255     	3.33938   	3.4055    	3.36662   
4.525000	173.036   	172.545   	171.93    	171.93    	3.34188   	2.27379   	3.36854   	3.43367   	3.39613   
4.550000	174.609   	174.12    	173.508   	173.508   	3.37272   	2.29258   	3.39769   	3.46183   	3.42564   
4.575000	176.181   	175.694   	175.087   	175.087   	3.40356   	2.31137   	3.42685   	3.49      	3.45516   
4.600000	177.754   	177.269   	176.665   	176.665   	3.43439   	2.33016   	3.45601   	3.51816   	3.48467   
4.625000	179.326   	178.844   	178.243   	178.243   	3.46523   	2.34895   	3.48516   	3.54633   	3.51418   
4.650000	180.899   	180.418   	179.821   	179.821   	3.49607   	2.36774   	3.51432   	3.57449   	3.54369   
4.675000	182.471   	181.993   	181.4     	181.4     	3.52691   	2.38652   	3.54348   	3.60266   	3.5732    
4.700000	184.044   	183.568   	182.978   	182.978   	3.55774   	2.40531   	3.57263   	3.63082   	3.60272   
4.725000	185.616   	185.142   	184.556   	184.556   	3.58858   	2.4241    	3.60179   	3.65899   	3.63223   
4.750000	187.189   	186.717   	186.134   	186.134   	3.61942   	2.44289   	3.63095   	3.68715   	3.66174   
4.775000	188.761   	188.292   	187.712   	187.712   	3.65026   	2.46168   	3.6601    	3.71532   	3.69125   
4.800000	190.334   	189.866   	189.291   	189.291   	3.68109   	2.48047   	3.68926   	3.74348   	3.72077   
4.825000	191.906   	191.441   	190.869   	190.869   	3.71193   	2.49926   	3.71842   	3.77165   	3.75028   
4.850000	193.479   	193.016   	192.447   	192.447   	3.74277   	2.51805   	3.74757   	3.79981   	3.77979   
4.875000	195.051   	194.59    	194.025   	194.025   	3.7736    	2.53684   	3.77673   	3.82798   	3.8093    
4.900000	196.624   	196.165   	195.604   	195.604   	3.80444   	2.55563   	3.80589   	3.85614   	3.83881   
4.925000	198.196   	197.74    	197.182   	197.182   	3.83528   	2.57441   	3.83504   	3.88431   	3.86833   
4.950000	199.769   	199.315   	198.76    	198.76    	3.86612   	2.5932    	3.8642    	3.91247   	3.89784   
4.975000	201.341   	200.889   	200.338   	200.338   	3.89695   	2.61199   	3.89336   	3.94064   	3.92735   
5.000000	202.914   	202.464   	201.916   	201.916   	3.92779   	2.63078   	3.92251   	3.96881   	3.95686   
5.025000	204.591   	204.145   	203.603   	203.603   	3.96076   	2.6506    	3.95346   	3.99849   	3.98821   
5.050000	206.269   	205.826   	205.29    	205.29    	3.99373   	2.67043   	3.98442   	4.02818   	4.01955   
5.075000	207.946   	207.507   	206.977   	206.977   	4.0267    	2.69025   	4.01537   	4.05787   	4.0509    
5.100000	209.624   	209.188   	208.664   	208.664   	4.05966   	2.71007   	4.04632   	4.08756   	4.08225   
5.125000	211.301   	210.869   	210.351   	210.351   	4.09263   	2.72989   	4.07727   	4.11725   	4.11359   
5.150000	212.979   	212.55    	212.038   	212.038   	4.1256    	2.74971   	4.10822   	4.14694   	4.14494   
5.175000	214.656   	214.231   	213.725   	213.725   	4.15857   	2.76953   	4.13918   	4.17663   	4.17629   
5.200000	216.334   	215.912   	215.412   	215.412   	4.19154   	2.78936   	4.17013   	4.20632   	4.20763   
5.225000	218.011   	217.593   	217.099   	217.099   	4.22451   	2.80918   	4.20108   	4.23601   	4.23898   
5.250000	219.689   	219.274   	218.786   	218.786   	4.25747   	2.829     	4.23203   	4.2657    	4.27032   
5.275000	221.367   	220.955   	220.473   	220.473   	4.29044   	2.84882   	4.26298   	4.29539   	4.30167   
5.300000	223.044   	222.636   	222.16    	222.16    	4.32341   	2.86864   	4.29394   	4.32507   	4.33302   
5.325000	224.722   	224.317   	223.847   	223.847   	4.35638   	2.88846   	4.32489   	4.35476   	4.36436   
5.350000	226.399   	225.998   	225.534   	225.534   	4.38935   	2.90829   	4.35584   	4.38445   	4.39571   
5.375000	228.077   	227.679   	227.221   	227.221   	4.42232   	2.92811   	4.38679   	4.41414   	4.42705   
5.400000	229.754   	229.36    	228.908   	228.908   	4.45528   	2.94793   	4.41774   	4.44383   	4.4584    
5.425000	231.432   	231.041   	230.595   	230.595   	4.48825   	2.96775   	4.4487    	4.47352   	4.48975   
5.450000	233.109   	232.722   	232.282   	232.282   	4.52122   	2.98757   	4.47965   	4.50321   	4.52109   
5.475000	234.787   	234.403   	233.969   	233.969   	4.55419   	3.00739   	4.5106    	4.5329    	4.55244   
5.500000	236.464   	236.084   	235.656   	235.656   	4.58716   	3.02722   	4.54155   	4.56259   	4.58378   
5.525000	238.245   	237.868   	237.449   	237.449   	4.62221   	3.04804   	4.57427   	4.59372   	4.61692   
5.550000	240.025   	239.653   	239.242   	239.242   	4.65725   	3.06886   	4.60699   	4.62486   	4.65005   
5.575000	241.806   	241.437   	241.035   	241.035   	4.6923    	3.08968   	4.63971   	4.65599   	4.68318   
5.600000	243.586   	243.222   	242.828   	242.828   	4.72735   	3.11051   	4.67243   	4.68713   	4.71631   
5.625000	245.367   	245.007   	244.621   	244.621   	4.76239   	3.13133   	4.70515   	4.71826   	4.74944   
5.650000	247.147   	246.791   	246.414   	246.414   	4.79744   	3.15215   	4.73787   	4.7494    	4.78257   
5.675000	248.928   	248.576   	248.208   	248.208   	4.83249   	3.17297   	4.77059   	4.78053   	4.8157    
5.700000	250.708   	250.36    	250.001   	250.001   	4.86753   	3.1938    	4.80331   	4.81167   	4.84884   
5.725000	252.489   	252.145   	251.794   	251.794   	4.90258   	3.21462   	4.83603   	4.8428    	4.88197   
5.750000	254.269   	253.929   	253.587   	253.587   	4.93763   	3.23544   	4.86874   	4.87394   	4.9151    
5.775000	256.05    	255.714   	255.38    	255.38    	4.97268   	3.25626   	4.90146   	4.90507   	4.94823   
5.800000	257.83    	257.499   	257.173   	257.173   	5.00772   	3.27708   	4.93418   	4.93621   	4.98136   
5.825000	259.611   	259.283   	258.966   	258.966   	5.04277   	3.29791   	4.9669    	4.96734   	5.01449   
5.850000	261.391   	261.068   	260.759   	260.759   	5.07782   	3.31873   	4.99962   	4.99848   	5.04762   
5.875000	263.172   	262.852   	262.553   	262.553   	5.11286   	3.33955   	5.03234   	5.02961   	5.08076   
5.900000	264.953   	264.637   	264.346   	264.346   	5.14791   	3.36037   	5.06506   	5.06075   	5.11389   
5.925000	266.733   	266.421   	266.139   	266.139   	5.18296   	3.3812    	5.09778   	5.09188   	5.14702   
5.950000	268.514   	268.206   	267.932   	267.932   	5.21801   	3.40202   	5.1305    	5.12302   	5.18015   
5.975000	270.294   	269.991   	269.725   	269.725   	5.25305   	3.42284   	5.16322   	5.15415   	5.21328   
6.000000	272.075   	271.775   	271.518   	271.518   	5.2881    	3.44366   	5.19594   	5.18529   	5.24641   
6.025000	273.956   	273.661   	273.415   	273.415   	5.32518   	3.46546   	5.23038   	5.21786   	5.2813    
6.050000	275.838   	275.547   	275.312   	275.312   	5.36226   	3.48725   	5.26483   	5.25042   	5.31618   
6.075000	277.72    	277.432   	277.209   	277.209   	5.39934   	3.50905   	5.29927   	5.28299   	5.35106   
6.100000	279.601   	279.318   	279.106   	279.106   	5.43642   	3.53084   	5.33372   	5.31556   	5.38594   
6.125000	281.483   	281.204   	281.003   	281.003   	5.4735    	3.55264   	5.36816   	5.34813   	5.42083   
6.150000	283.365   	283.09    	282.9     	282.9     	5.51058   	3.57443   	5.40261   	5.3807    	5.45571   
6.175000	285.246   	284.975   	284.797   	284.797   	5.54766   	3.59623   	5.43705   	5.41327   	5.49059   
6.200000	287.128   	286.861   	286.694   	286.694   	5.58474   	3.61802   	5.4715    	5.44583   	5.52548   
6.225000	289.01    	288.747   	288.591   	288.591   	5.62181   	3.63982   	5.50594   	5.4784    	5.56036   
6.250000	290.892   	290.633   	290.488   	290.488   	5.65889   	3.66161   	5.54039   	5.51097   	5.59524   
6.275000	292.773   	292.518   	292.385   	292.385   	5.69597   	3.6834    	5.57483   	5.54354   	5.63012   
6.300000	294.655   	294.404   	294.282   	294.282   	5.73305   	3.7052    	5.60928   	5.57611   	5.66501   
6.325000	296.537   	296.29    	296.179   	296.179   	5.77013   	3.72699   	5.64372   	5.60867   	5.69989   
6.350000	298.418   	298.176   	298.075   	298.075   	5.80721   	3.74879   	5.67817   	5.64124   	5.73477   
6.375000	300.3     	300.061   	299.972   	299.972   	5.84429   	3.77058   	5.71261   	5.67381   	5.76966   
6.400000	302.182   	301.947   	301.869   	301.869   	5.88137   	3.79238   	5.74706   	5.70638   	5.80454   
6.425000	304.063   	303.833   	303.766   	303.766   	5.91845   	3.81417   	5.7815    	5.73895   	5.83942   
6.450000	305.945   	305.719   	305.663   	305.663   	5.95553   	3.83597   	5.81595   	5.77152   	5.8743    
6.475000	307.827   	307.604   	307.56    	307.56    	5.99261   	3.85776   	5.85039   	5.80408   	5.90919   
6.500000	309.708   	309.49    	309.457   	309.457   	6.02969   	3.87956   	5.88483   	5.83665   	5.94407   
6.525000	311.69    	311.475   	311.456   	311.456   	6.06876   	3.9023    	5.92095   	5.8706    	5.98066   
6.550000	313.671   	313.46    	313.455   	313.455   	6.10783   	3.92504   	5.95706   	5.90454   	6.01726   
6.575000	315.652   	315.444   	315.453   	315.453   	6.1469    	3.94778   	5.99317   	5.93848   	6.05385   
6.600000	317.633   	317.429   	317.452   	317.452   	6.18597   	3.97052   	6.02929   	5.97242   	6.09045   
6.625000	319.615   	319.414   	319.451   	319.451   	6.22504   	3.99326   	6.0654    	6.00637   	6.12704   
6.650000	321.596   	321.399   	321.45    	321.45    	6.26411   	4.016     	6.10151   	6.04031   	6.16363   
6.675000	323.577   	323.383   	323.448   	323.448   	6.30318   	4.03874   	6.13763   	6.07425   	6.20023   
6.700000	325.558   	325.368   	325.447   	325.447   	6.34225   	4.06148   	6.17374   	6.1082    	6.23682   
6.725000	327.539   	327.353   	327.446   	327.446   	6.38132   	4.08423   	6.20985   	6.14214   	6.27341   
6.750000	329.521   	329.338   	329.445   	329.445   	6.42039   	4.10697   	6.24596   	6.17608   	6.31001   
6.775000	331.502   	331.322   	331.443   	331.443   	6.45946   	4.12971   	6.28208   	6.21003   	6.3466    
6.800000	333.483   	333.307   	333.442   	333.442   	6.49853   	4.15245   	6.31819   	6.24397   	6.3832    
6.825000	335.464   	335.292   	335.441   	335.441   	6.53759   	4.17519   	6.3543    	6.27791   	6.41979   
6.850000	337.445   	337.277   	337.439   	337.439   	6.57666   	4.19793   	6.39042   	6.31186   	6.45638   
6.875000	339.427   	339.261   	339.438   	339.438   	6.61573   	4.22067   	6.42653   	6.3458    	6.49298   
6.900000	341.408   	341.246   	341.437   	341.437   	6.6548    	4.24341   	6.46264   	6.37974   	6.52957   
6.925000	343.389   	343.231   	343.436   	343.436   	6.69387   	4.26615   	6.49876   	6.41369   	6.56616   
6.950000	345.37    	345.216   	345.434   	345.434   	6.73294   	4.2889    	6.53487   	6.44763   	6.60276   
6.975000	347.352   	347.2     	347.433   	347.433   	6.77201   	4.31164   	6.57098   	6.48157   	6.63935   
7.000000	349.333   	349.185   	349.432   	349.432   	6.81108   	4.33438   	6.6071    	6.51551   	6.67595   
7.025000	351.412   	351.267   	351.531   	351.531   	6.85211   	4.35804   	6.64486   	6.5508    	6.7142    
7.050000	353.491   	353.349   	353.629   	353.629   	6.89313   	4.38171   	6.68262   	6.58609   	6.75245   
7.075000	355.57    	355.431   	355.728   	355.728   	6.93415   	4.40537   	6.72039   	6.62138   	6.79071   
7.100000	357.65    	357.512   	357.826   	357.826   	6.97517   	4.42904   	6.75815   	6.65667   	6.82896   
7.125000	359.729   	359.594   	359.925   	359.925   	7.0162    	4.4527    	6.79591   	6.69196   	6.86721   
7.150000	361.808   	361.676   	362.024   	362.024   	7.05722   	4.47636   	6.83368   	6.72725   	6.90547   
7.175000	363.887   	363.758   	364.122   	364.122   	7.09824   	4.50003   	6.87144   	6.76254   	6.94372   
7.200000	365.967   	365.84    	366.221   	366.221   	7.13926   	4.52369   	6.90921   	6.79783   	6.98198   
7.225000	368.046   	367.922   	368.32    	368.32    	7.18028   	4.54736   	6.94697   	6.83312   	7.02023   
7.250000	370.125   	370.003   	370.418   	370.418   	7.22131   	4.57102   	6.98473   	6.86841   	7.05848   
7.275000	372.204   	372.085   	372.517   	372.517   	7.26233   	4.59469   	7.0225    	6.9037    	7.09674   
7.300000	374.283   	374.167   	374.616   	374.616   	7.30335   	4.61835   	7.06026   	6.93899   	7.13499   
7.325000	376.363   	376.249   	376.714   	376.714   	7.34437   	4.64202   	7.09803   	6.97428   	7.17324   
7.350000	378.442   	378.331   	378.813   	378.813   	7.3854    	4.66568   	7.13579   	7.00957   	7.2115    
7.375000	380.521   	380.412   	380.911   	380.911   	7.42642   	4.68934   	7.17355   	7.04486   	7.24975   
7.400000	382.6     	382.494   	383.01    	383.01    	7.46744   	4.71301   	7.21132   	7.08015   	7.28801   
7.425000	384.679   	384.576   	385.109   	385.109   	7.50846   	4.73667   	7.24908   	7.11544   	7.32626   
7.450000	386.759   	386.658   	387.207   	387.207   	7.54949   	4.76034   	7.28685   	7.15073   	7.36451   
7.475000	388.838   	388.74    	389.306   	389.306   	7.59051   	4.784     	7.32461   	7.18602   	7.40277   
7.500000	390.917   	390.822   	391.405   	391.405   	7.63153   	4.80767   	7.36237   	7.22131   	7.44102   
7.525000	393.093   	392.999   	393.601   	393.601   	7.67447   	4.83223   	7.40176   	7.25793   	7.48092   
7.550000	395.269   	395.176   	395.798   	395.798   	7.71741   	4.8568    	7.44114   	7.29455   	7.52082   
7.575000	397.445   	397.353   	397.995   	397.995   	7.76035   	4.88137   	7.48053   	7.33118   	7.56071   
7.600000	399.62    	399.53    	400.192   	400.192   	7.80329   	4.90594   	7.51991   	7.3678    	7.60061   
7.625000	401.796   	401.707   	402.389   	402.389   	7.84623   	4.93051   	7.55929   	7.40442   	7.64051   
7.650000	403.972   	403.884   	404.586   	404.586   	7.88917   	4.95507   	7.59868   	7.44104   	7.68041   
7.675000	406.148   	406.061   	406.782   	406.782   	7.93211   	4.97964   	7.63806   	7.47766   	7.72031   
7.700000	408.324   	408.238   	408.979   	408.979   	7.97505   	5.00421   	7.67745   	7.51428   	7.7602    
7.725000	410.499   	410.415   	411.176   	411.176   	8.01799   	5.02878   	7.71683   	7.5509    	7.8001    
7.750000	412.675   	412.592   	413.373   	413.373   	8.06093   	5.05334   	7.75622   	7.58753   	7.84      
7.775000	414.851   	414.77    	415.57    	415.57    	8.10387   	5.07791   	7.7956    	7.62415   	7.8799    
7.800000	417.027   	416.947   	417.767   	417.767   	8.14681   	5.10248   	7.83498   	7.66077   	7.91979   
7.825000	419.203   	419.124   	419.963   	419.963   	8.18975   	5.12705   	7.87437   	7.69739   	7.95969   
7.850000	421.379   	421.301   	422.16    	422.16    	8.23269   	5.15161   	7.91375   	7.73401   	7.99959   
7.875000	423.554   	423.478   	424.357   	424.357   	8.27563   	5.17618   	7.95314   	7.77063   	8.03949   
7.900000	425.73    	425.655   	426.554   	426.554   	8.31858   	5.20075   	7.99252   	7.80725   	8.07938   
7.925000	427.906   	427.832   	428.751   	428.751   	8.36152   	5.22532   	8.0319    	7.84388   	8.11928   
7.950000	430.082   	430.009   	430.948   	430.948   	8.40446   	5.24989   	8.07129   	7.8805    	8.15918   
7.975000	432.258   	432.186   	433.144   	433.144   	8.4474    	5.27445   	8.11067   	7.91712   	8.19908   
8.000000	434.433   	434.363   	435.341   	435.341   	8.49034   	5.29902   	8.15006   	7.95374   	8.23898   
8.025000	436.705   	436.634   	437.635   	437.635   	8.53516   	5.32447   	8.19103   	7.99163   	8.28049   
8.050000	438.976   	438.905   	439.928   	439.928   	8.57999   	5.34993   	8.23201   	8.02951   	8.322     
8.075000	441.247   	441.176   	442.222   	442.222   	8.62482   	5.37538   	8.27299   	8.0674    	8.36351   
8.100000	443.518   	443.446   	444.515   	444.515   	8.66964   	5.40084   	8.31396   	8.10529   	8.40503   
8.125000	445.789   	445.717   	446.809   	446.809   	8.71447   	5.42629   	8.35494   	8.14318   	8.44654   
8.150000	448.06    	447.988   	449.102   	449.102   	8.7593    	5.45174   	8.39591   	8.18106   	8.48805   
8.175000	450.331   	450.259   	451.395   	451.395   	8.80412   	5.4772    	8.43689   	8.21895   	8.52956   
8.200000	452.602   	452.529   	453.689   	453.689   	8.84895   	5.50265   	8.47787   	8.25684   	8.57108   
8.225000	454.874   	454.8     	455.982   	455.982   	8.89377   	5.5281    	8.51884   	8.29472   	8.61259   
8.250000	457.145   	457.071   	458.276   	458.276   	8.9386    	5.55356   	8.55982   	8.33261   	8.6541    
8.275000	459.416   	459.341   	460.569   	460.569   	8.98343   	5.57901   	8.60079   	8.3705    	8.69561   
8.300000	461.687   	461.612   	462.863   	462.863   	9.02825   	5.60446   	8.64177   	8.40838   	8.73713   
8.325000	463.958   	463.883   	465.156   	465.156   	9.07308   	5.62992   	8.68275   	8.44627   	8.77864   
8.350000	466.229   	466.154   	467.45    	467.45    	9.11791   	5.65537   	8.72372   	8.48416   	8.82015   
8.375000	468.5     	468.424   	469.743   	469.743   	9.16273   	5.68083   	8.7647    	8.52205   	8.86167   
8.400000	470.771   	470.695   	472.037   	472.037   	9.20756   	5.70628   	8.80568   	8.55993   	8.90318   
8.425000	473.043   	472.966   	474.33    	474.33    	9.25239   	5.73173   	8.84665   	8.59782   	8.94469   
8.450000	475.314   	475.237   	476.624   	476.624   	9.29721   	5.75719   	8.88763   	8.63571   	8.9862    
8.475000	477.585   	477.507   	478.917   	478.917   	9.34204   	5.78264   	8.9286    	8.67359   	9.02772   
8.500000	479.856   	479.778   	481.21    	481.21    	9.38687   	5.80809   	8.96958   	8.71148   	9.06923   
8.525000	482.221   	482.141   	483.599   	483.599   	9.43355   	5.83442   	9.01211   	8.75064   	9.11233   
8.550000	484.586   	484.504   	485.988   	485.988   	9.48023   	5.86074   	9.05463   	8.7898    	9.15543   
8.575000	486.952   	486.867   	488.376   	488.376   	9.52692   	5.88706   	9.09716   	8.82896   	9.19853   
8.600000	489.317   	489.23    	490.765   	490.765   	9.5736    	5.91338   	9.13969   	8.86812   	9.24163   
8.625000	491.682   	491.593   	493.154   	493.154   	9.62028   	5.9397    	9.18221   	8.90728   	9.28473   
8.650000	494.047   	493.955   	495.542   	495.542   	9.66697   	5.96603   	9.22474   	8.94644   	9.32783   
8.675000	496.412   	496.318   	497.931   	497.931   	9.71365   	5.99235   	9.26727   	8.98561   	9.37094   
8.700000	498.778   	498.681   	500.32    	500.32    	9.76033   	6.01867   	9.3098    	9.02477   	9.41404   
8.725000	501.143   	501.044   	502.708   	502.708   	9.80702   	6.04499   	9.35232   	9.06393   	9.45714   
8.750000	503.508   	503.407   	505.097   	505.097   	9.8537    	6.07131   	9.39485   	9.10309   	9.50024   
8.775000	505.873   	505.77    	507.486   	507.486   	9.90038   	6.09764   	9.43738   	9.14225   	9.54334   
8.800000	508.239   	508.133   	509.874   	509.874   	9.94707   	6.12396   	9.4799    	9.18141   	9.58644   
8.825000	510.604   	510.496   	512.263   	512.263   	9.99375   	6.15028   	9.52243   	9.22057   	9.62954   
8.850000	512.969   	512.859   	514.652   	514.652   	10.0404   	6.1766    	9.56496   	9.25973   	9.67264   
8.875000	515.334   	515.221   	517.04    	517.04    	10.0871   	6.20293   	9.60748   	9.29889   	9.71574   
8.900000	517.699   	517.584   	519.429   	519.429   	10.1338   	6.22925   	9.65001   	9.33805   	9.75884   
8.925000	520.065   	519.947   	521.818   	521.818   	10.1805   	6.25557   	9.69254   	9.37721   	9.80194   
8.950000	522.43    	522.31    	524.206   	524.206   	10.2272   	6.28189   	9.73507   	9.41637   	9.84505   
8.975000	524.795   	524.673   	526.595   	526.595   	10.2738   	6.30821   	9.77759   	9.45553   	9.88815   
9.000000	527.16    	527.036   	528.984   	528.984   	10.3205   	6.33454   	9.82012   	9.49469   	9.93125   
9.025000	529.618   	529.489   	531.466   	531.466   	10.369    	6.36171   	9.86419   	9.5351    	9.97591   
9.050000	532.077   	531.943   	533.949   	533.949   	10.4176   	6.38888   	9.90825   	9.57551   	10.0206   
9.075000	534.535   	534.397   	536.431   	536.431   	10.4661   	6.41605   	9.95232   	9.61592   	10.0652   
9.100000	536.993   	536.85    	538.914   	538.914   	10.5146   	6.44321   	9.99638   	9.65634   	10.1099   
9.125000	539.451   	539.304   	541.396   	541.396   	10.5631   	6.47038   	10.0404   	9.69675   	10.1546   
9.150000	541.909   	541.758   	543.879   	543.879   	10.6116   	6.49755   	10.0845   	9.73716   	10.1992   
9.175000	544.368   	544.211   	546.361   	546.361   	10.6601   	6.52472   	10.1286   	9.77757   	10.2439   
9.200000	546.826   	546.665   	548.844   	548.844   	10.7086   	6.55189   	10.1726   	9.81798   	10.2885   
9.225000	549.284   	549.119   	551.326   	551.326   	10.7572   	6.57906   	10.2167   	9.85839   	10.3332   
9.250000	551.742   	551.572   	553.809   	553.809   	10.8057   	6.60623   	10.2608   	9.8988    	10.3779   
9.275000	554.2     	554.026   	556.291   	556.291   	10.8542   	6.6334    	10.3048   	9.93921   	10.4225   
9.300000	556.658   	556.479   	558.774   	558.774   	10.9027   	6.66057   	10.3489   	9.97962   	10.4672   
9.325000	559.117   	558.933   	561.256   	561.256   	10.9512   	6.68774   	10.393    	10.02     	10.5118   
9.350000	561.575   	561.387   	563.739   	563.739   	10.9997   	6.71491   	10.437    	10.0604   	10.5565   
9.375000	564.033   	563.84    	566.221   	566.221   	11.0482   	6.74208   	10.4811   	10.1009   	10.6012   
9.400000	566.491   	566.294   	568.704   	568.704   	11.0967   	6.76925   	10.5252   	10.1413   	10.6458   
9.425000	568.949   	568.748   	571.186   	571.186   	11.1453   	6.79642   	10.5692   	10.1817   	10.6905   
9.450000	571.408   	571.201   	573.669   	573.669   	11.1938   	6.82359   	10.6133   	10.2221   	10.7351   
9.475000	573.866   	573.655   	576.151   	576.151   	11.2423   	6.85076   	10.6574   	10.2625   	10.7798   
9.500000	576.324   	576.109   	578.634   	578.634   	11.2908   	6.87793   	10.7014   	10.3029   	10.8245   
9.525000	578.874   	578.651   	581.209   	581.209   	11.3411   	6.90593   	10.747    	10.3445   	10.8707   
9.550000	581.424   	581.194   	583.784   	583.784   	11.3914   	6.93393   	10.7926   	10.3861   	10.9168   
9.575000	583.974   	583.736   	586.359   	586.359   	11.4417   	6.96192   	10.8382   	10.4277   	10.963    
9.600000	586.524   	586.279   	588.934   	588.934   	11.4921   	6.98992   	10.8838   	10.4693   	11.0092   
9.625000	589.074   	588.821   	591.509   	591.509   	11.5424   	7.01792   	10.9293   	10.5109   	11.0554   
9.650000	591.624   	591.364   	594.084   	594.084   	11.5927   	7.04591   	10.9749   	10.5526   	11.1016   
9.675000	594.174   	593.906   	596.659   	596.659   	11.643    	7.07391   	11.0205   	10.5942   	11.1478   
9.700000	596.725   	596.449   	599.235   	599.235   	11.6933   	7.10191   	11.0661   	10.6358   	11.194    
9.725000	599.275   	598.991   	601.81    	601.81    	11.7437   	7.1299    	11.1117   	10.6774   	11.2402   
9.750000	601.825   	601.534   	604.385   	604.385   	11.794    	7.1579    	11.1573   	10.719    	11.2864   
9.775000	604.375   	604.076   	606.96    	606.96    	11.8443   	7.1859    	11.2028   	10.7606   	11.3326   
9.800000	606.925   	606.619   	609.535   	609.535   	11.8946   	7.21389   	11.2484   	10.8022   	11.3787   
9.825000	609.475   	609.161   	612.11    	612.11    	11.9449   	7.24189   	11.294    	10.8438   	11.4249   
9.850000	612.025   	611.704   	614.685   	614.685   	11.9952   	7.26989   	11.3396   	10.8854   	11.4711   
9.875000	614.575   	614.246   	617.26    	617.26    	12.0456   	7.29788   	11.3852   	10.927    	11.5173   
9.900000	617.125   	616.789   	619.836   	619.836   	12.0959   	7.32588   	11.4308   	10.9686   	11.5635   
9.925000	619.675   	619.331   	622.411   	622.411   	12.1462   	7.35388   	11.4763   	11.0102   	11.6097   
9.950000	622.225   	621.874   	624.986   	624.986   	12.1965   	7.38187   	11.5219   	11.0519   	11.6559   
9.975000	624.775   	624.417   	627.561   	627.561   	12.2468   	7.40987   	11.5675   	11.0935   	11.7021   
10.000000	627.325   	626.959   	630.136   	630.136   	12.2971   	7.43787   	11.6131   	11.1351   	11.7483   
10.025000	630.011   	629.607   	632.845   	632.845   	12.35     	7.46713   	11.6608   	11.1784   	11.7966   
10.050000	632.697   	632.255   	635.553   	635.553   	12.4028   	7.49638   	11.7086   	11.2217   	11.845    
10.075000	635.383   	634.903   	638.262   	638.262   	12.4556   	7.52564   	11.7563   	11.2651   	11.8934   
10.100000	638.069   	637.552   	640.971   	640.971   	12.5084   	7.5549    	11.8041   	11.3084   	11.9418   
10.125000	640.755   	640.2     	643.68    	643.68    	12.5612   	7.58416   	11.8518   	11.3518   	11.9901   
10.150000	643.441   	642.848   	646.389   	646.388   	12.614    	7.61341   	11.8995   	11.3951   	12.0385   
10.175000	646.127   	645.496   	649.097   	649.097   	12.6668   	7.64267   	11.9473   	11.4384   	12.0869   
10.200000	648.813   	648.144   	651.806   	651.806   	12.7196   	7.67193   	11.995    	11.4818   	12.1353   
10.225000	651.499   	650.792   	654.515   	654.515   	12.7725   	7.70119   	12.0427   	11.5251   	12.1837   
10.250000	654.185   	653.44    	657.224   	657.223   	12.8253   	7.73045   	12.0905   	11.5684   	12.232    
10.275000	656.871   	656.088   	659.932   	659.932   	12.8781   	7.7597    	12.1382   	11.6118   	12.2804   
10.300000	659.557   	658.737   	662.641   	662.641   	12.9309   	7.78896   	12.186    	11.6551   	12.3288   
10.325000	662.243   	661.385   	665.35    	665.35    	12.9837   	7.81822   	12.2337   	11.6984   	12.3772   
10.350000	664.929   	664.033   	668.059   	668.058   	13.0365   	7.84748   	12.2814   	11.7418   	12.4256   
10.375000	667.614   	666.681   	670.767   	670.767   	13.0893   	7.87673   	12.3292   	11.7851   	12.4739   
10.400000	670.3     	669.329   	673.476   	673.476   	13.1421   	7.90599   	12.3769   	11.8284   	12.5223   
10.425000	672.986   	671.977   	676.185   	676.185   	13.1949   	7.93525   	12.4247   	11.8718   	12.5707   
10.450000	675.672   	674.625   	678.894   	678.893   	13.2478   	7.96451   	12.4724   	11.9151   	12.6191   
10.475000	678.358   	677.274   	681.602   	681.602   	13.3006   	7.99376   	12.5201   	11.9585   	12.6674   
10.500000	681.044   	679.922   	684.311   	684.311   	13.3534   	8.02302   	12.5679   	12.0018   	12.7158   
10.525000	683.73    	682.57    	687.02    	687.02    	13.4062   	8.05228   	12.6156   	12.0451   	12.7642   
10.550000	686.416   	685.218   	689.729   	689.728   	13.459    	8.08154   	12.6634   	12.0885   	12.8126   
10.575000	689.102   	687.866   	692.438   	692.437   	13.5118   	8.1108    	12.7111   	12.1318   	12.861    
10.600000	691.788   	690.514   	695.146   	695.146   	13.5646   	8.14005   	12.7588   	12.1751   	12.9093   
10.625000	694.474   	693.162   	697.855   	697.855   	13.6174   	8.16931   	12.8066   	12.2185   	12.9577   
10.650000	697.16    	695.81    	700.564   	700.563   	13.6703   	8.19857   	12.8543   	12.2618   	13.0061   
10.675000	699.846   	698.459   	703.273   	703.272   	13.7231   	8.22783   	12.9021   	12.3051   	13.0545   
10.700000	702.532   	701.107   	705.981   	705.981   	13.7759   	8.25708   	12.9498   	12.3485   	13.1028   
10.725000	705.218   	703.755   	708.69    	708.69    	13.8287   	8.28634   	12.9975   	12.3918   	13.1512   
10.750000	707.904   	706.403   	711.399   	711.398   	13.8815   	8.3156    	13.0453   	12.4351   	13.1996   
10.775000	710.589   	709.051   	714.108   	714.107   	13.9343   	8.34486   	13.093    	12.4785   	13.248    
10.800000	713.275   	711.699   	716.816   	716.816   	13.9871   	8.37411   	13.1407   	12.5218   	13.2964   
10.825000	715.961   	714.347   	719.525   	719.525   	14.0399   	8.40337   	13.1885   	12.5652   	13.3447   
10.850000	718.647   	716.995   	722.234   	722.233   	14.0928   	8.43263   	13.2362   	12.6085   	13.3931   
10.875000	721.333   	719.644   	724.943   	724.942   	14.1456   	8.46189   	13.284    	12.6518   	13.4415   
10.900000	724.019   	722.292   	727.651   	727.651   	14.1984   	8.49115   	13.3317   	12.6952   	13.4899   
10.925000	726.705   	724.94    	730.36    	730.36    	14.2512   	8.5204    	13.3794   	12.7385   	13.5382   
10.950000	729.391   	727.588   	733.069   	733.068   	14.304    	8.54966   	13.4272   	12.7818   	13.5866   
10.975000	732.077   	730.236   	735.778   	735.777   	14.3568   	8.57892   	13.4749   	12.8252   	13.635    
11.000000	734.763   	732.884   	738.487   	738.486   	14.4096   	8.60818   	13.5227   	12.8685   	13.6834   
11.025000	737.627   	735.688   	741.368   	741.367   	14.4656   	8.63941   	13.5731   	12.914    	13.7345   
11.050000	740.491   	738.492   	744.249   	744.249   	14.5216   	8.67064   	13.6236   	12.9595   	13.7857   
11.075000	743.355   	741.296   	747.131   	747.13    	14.5776   	8.70187   	13.6741   	13.005    	13.8369   
11.100000	746.219   	744.1     	750.012   	750.011   	14.6336   	8.7331    	13.7246   	13.0505   	13.8881   
11.125000	749.083   	746.904   	752.894   	752.893   	14.6895   	8.76433   	13.7751   	13.096    	13.9392   
11.150000	751.947   	749.708   	755.775   	755.774   	14.7455   	8.79556   	13.8255   	13.1416   	13.9904   
11.175000	754.811   	752.512   	758.657   	758.655   	14.8015   	8.8268    	13.876    	13.1871   	14.0416   
11.200000	757.675   	755.316   	761.538   	761.537   	14.8575   	8.85803   	13.9265   	13.2326   	14.0927   
11.225000	760.539   	758.12    	764.42    	764.418   	14.9135   	8.88926   	13.977    	13.2781   	14.1439   
11.250000	763.403   	760.924   	767.301   	767.3     	14.9694   	8.92049   	14.0275   	13.3236   	14.1951   
11.275000	766.267   	763.728   	770.183   	770.181   	15.0254   	8.95172   	14.0779   	13.3691   	14.2462   
11.300000	769.131   	766.532   	773.064   	773.062   	15.0814   	8.98295   	14.1284   	13.4146   	14.2974   
11.325000	771.995   	769.336   	775.945   	775.944   	15.1374   	9.01418   	14.1789   	13.4601   	14.3486   
11.350000	774.859   	772.14    	778.827   	778.825   	15.1934   	9.04542   	14.2294   	13.5056   	14.3997   
11.375000	777.723   	774.944   	781.708   	781.707   	15.2494   	9.07665   	14.2799   	13.5511   	14.4509   
11.400000	780.587   	777.748   	784.59    	784.588   	15.3053   	9.10788   	14.3303   	13.5967   	14.5021   
11.425000	783.451   	780.552   	787.471   	787.469   	15.3613   	9.13911   	14.3808   	13.6422   	14.5533   
11.450000	786.315   	783.356   	790.353   	790.351   	15.4173   	9.17034   	14.4313   	13.6877   	14.6044   
11.475000	789.179   	786.16    	793.234   	793.232   	15.4733   	9.20157   	14.4818   	13.7332   	14.6556   
11.500000	792.043   	788.964   	796.116   	796.114   	15.5293   	9.2328    	14.5323   	13.7787   	14.7068   
11.525000	794.907   	791.768   	798.997   	798.995   	15.5853   	9.26404   	14.5827   	13.8242   	14.7579   
11.550000	797.771   	794.572   	801.878   	801.876   	15.6412   	9.29527   	14.6332   	13.8697   	14.8091   
11.575000	800.636   	797.376   	804.76    	804.758   	15.6972   	9.3265    	14.6837   	13.9152   	14.8603   
11.600000	803.5     	800.18    	807.641   	807.639   	15.7532   	9.35773   	14.7342   	13.9607   	14.9114   
11.625000	806.364   	802.984   	810.523   	810.521   	15.8092   	9.38896   	14.7847   	14.0062   	14.9626   
11.650000	809.228   	805.788   	813.404   	813.402   	15.8652   	9.42019   	14.8351   	14.0518   	15.0138   
11.675000	812.092   	808.592   	816.286   	816.283   	15.9212   	9.45142   	14.8856   	14.0973   	15.0649   
11.700000	814.956   	811.396   	819.167   	819.165   	15.9771   	9.48265   	14.9361   	14.1428   	15.1161   
11.725000	817.82    	814.2     	822.049   	822.046   	16.0331   	9.51389   	14.9866   	14.1883   	15.1673   
11.750000	820.684   	817.004   	824.93    	824.927   	16.0891   	9.54512   	15.0371   	14.2338   	15.2185   
11.775000	823.548   	819.808   	827.812   	827.809   	16.1451   	9.57635   	15.0875   	14.2793   	15.2696   
11.800000	826.412   	822.612   	830.693   	830.69    	16.2011   	9.60758   	15.138    	14.3248   	15.3208   
11.825000	829.276   	825.416   	833.574   	833.572   	16.257    	9.63881   	15.1885   	14.3703   	15.372    
11.850000	832.14    	828.22    	836.456   	836.453   	16.313    	9.67004   	15.239    	14.4158   	15.4231   
11.875000	835.004   	831.024   	839.337   	839.334   	16.369    	9.70127   	15.2895   	14.4613   	15.4743   
11.900000	837.868   	833.828   	842.219   	842.216   	16.425    	9.73251   	15.3399   	14.5069   	15.5255   
11.925000	840.732   	836.632   	845.1     	845.097   	16.481    	9.76374   	15.3904   	14.5524   	15.5766   
11.950000	843.596   	839.436   	847.982   	847.979   	16.537    	9.79497   	15.4409   	14.5979   	15.6278   
11.975000	846.46    	842.24    	850.863   	850.86    	16.5929   	9.8262    	15.4914   	14.6434   	15.679    
12.000000	849.324   	845.044   	853.745   	853.741   	16.6489   	9.85743   	15.5419   	14.6889   	15.7302   
12.025000	852.363   	848.004   	856.795   	856.792   	16.708    	9.89057   	15.595    	14.7365   	15.784    
12.050000	855.401   	850.964   	859.845   	859.842   	16.7671   	9.92371   	15.6481   	14.7841   	15.8379   
12.075000	858.44    	853.924   	862.895   	862.892   	16.8262   	9.95684   	15.7013   	14.8317   	15.8918   
12.100000	861.479   	856.884   	865.946   	865.942   	16.8853   	9.98998   	15.7544   	14.8793   	15.9456   
12.125000	864.518   	859.844   	868.996   	868.992   	16.9444   	10.0231   	15.8076   	14.9269   	15.9995   
12.150000	867.556   	862.804   	872.046   	872.043   	17.0036   	10.0563   	15.8607   	14.9746   	16.0534   
12.175000	870.595   	865.764   	875.097   	875.093   	17.0627   	10.0894   	15.9138   	15.0222   	16.1073   
12.200000	873.634   	868.724   	878.147   	878.143   	17.1218   	10.1225   	15.967    	15.0698   	16.1611   
12.225000	876.673   	871.684   	881.197   	881.193   	17.1809   	10.1557   	16.0201   	15.1174   	16.215    
12.250000	879.711   	874.644   	884.248   	884.244   	17.24     	10.1888   	16.0733   	15.165    	16.2689   
12.275000	882.75    	877.604   	887.298   	887.294   	17.2991   	10.2219   	16.1264   	15.2126   	16.3228   
12.300000	885.789   	880.564   	890.348   	890.344   	17.3582   	10.2551   	16.1795   	15.2602   	16.3766   
12.325000	888.828   	883.524   	893.398   	893.394   	17.4173   	10.2882   	16.2327   	15.3078   	16.4305   
12.350000	891.867   	886.484   	896.449   	896.444   	17.4764   	10.3213   	16.2858   	15.3554   	16.4844   
12.375000	894.905   	889.444   	899.499   	899.495   	17.5355   	10.3545   	16.339    	15.4031   	16.5383   
12.400000	897.944   	892.404   	902.549   	902.545   	17.5946   	10.3876   	16.3921   	15.4507   	16.5921   
12.425000	900.983   	895.364   	905.6     	905.595   	17.6537   	10.4208   	16.4452   	15.4983   	16.646    
12.450000	904.022   	898.324   	908.65    	908.645   	17.7128   	10.4539   	16.4984   	15.5459   	16.6999   
12.475000	907.06    	901.283   	911.7     	911.695   	17.7719   	10.487    	16.5515   	15.5935   	16.7538   
12.500000	910.099   	904.243   	914.75    	914.746   	17.831    	10.5202   	16.6047   	15.6411   	16.8076   
12.525000	913.138   	907.203   	917.801   	917.796   	17.8901   	10.5533   	16.6578   	15.6887   	16.8615   
12.550000	916.177   	910.163   	920.851   	920.846   	17.9492   	10.5864   	16.711    	15.7363   	16.9154   
12.575000	919.215   	913.123   	923.901   	923.896   	18.0083   	10.6196   	16.7641   	15.7839   	16.9693   
12.600000	922.254   	916.083   	926.952   	926.947   	18.0674   	10.6527   	16.8172   	15.8316   	17.0231   
12.625000	925.293   	919.043   	930.002   	929.997   	18.1265   	10.6859   	16.8704   	15.8792   	17.077    
12.650000	928.332   	922.003   	933.052   	933.047   	18.1856   	10.719    	16.9235   	15.9268   	17.1309   
12.675000	931.37    	924.963   	936.103   	936.097   	18.2447   	10.7521   	16.9767   	15.9744   	17.1847   
12.700000	934.409   	927.923   	939.153   	939.147   	18.3038   	10.7853   	17.0298   	16.022    	17.2386   
12.725000	937.448   	930.883   	942.203   	942.198   	18.3629   	10.8184   	17.0829   	16.0696   	17.2925   
12.750000	940.487   	933.843   	945.253   	945.248   	18.4221   	10.8515   	17.1361   	16.1172   	17.3464   
12.775000	943.525   	936.803   	948.304   	948.298   	18.4812   	10.8847   	17.1892   	16.1648   	17.4002   
12.800000	946.564   	939.763   	951.354   	951.348   	18.5403   	10.9178   	17.2424   	16.2125   	17.4541   
12.825000	949.603   	942.723   	954.404   	954.399   	18.5994   	10.951    	17.2955   	16.2601   	17.508    
12.850000	952.642   	945.683   	957.455   	957.449   	18.6585   	10.9841   	17.3486   	16.3077   	17.5619   
12.875000	955.68    	948.643   	960.505   	960.499   	18.7176   	11.0172   	17.4018   	16.3553   	17.6157   
12.900000	958.719   	951.603   	963.555   	963.549   	18.7767   	11.0504   	17.4549   	16.4029   	17.6696   
12.925000	961.758   	954.563   	966.605   	966.599   	18.8358   	11.0835   	17.5081   	16.4505   	17.7235   
12.950000	964.797   	957.523   	969.656   	969.65    	18.8949   	11.1166   	17.5612   	16.4981   	17.7774   
12.975000	967.835   	960.483   	972.706   	972.7     	18.954    	11.1498   	17.6143   	16.5457   	17.8312   
13.000000	970.874   	963.442   	975.756   	975.75    	19.0131   	11.1829   	17.6675   	16.5933   	17.8851   
13.025000	974.084   	966.558   	978.972   	978.966   	19.0753   	11.2178   	17.7232   	16.643    	17.9416   
13.050000	977.295   	969.674   	982.188   	982.181   	19.1374   	11.2527   	17.779    	16.6926   	17.9981   
13.075000	980.505   	972.789   	985.403   	985.397   	19.1996   	11.2875   	17.8347   	16.7423   	18.0546   
13.100000	983.716   	975.905   	988.619   	988.612   	19.2618   	11.3224   	17.8904   	16.7919   	18.1111   
13.125000	986.926   	979.02    	991.834   	991.828   	19.324    	11.3573   	17.9462   	16.8416   	18.1676   
13.150000	990.136   	982.136   	995.05    	995.044   	19.3861   	11.3921   	18.0019   	16.8912   	18.2241   
13.175000	993.347   	985.251   	998.266   	998.259   	19.4483   	11.427    	18.0576   	16.9408   	18.2806   
13.200000	996.557   	988.367   	1001.48   	1001.47   	19.5105   	11.4619   	18.1134   	16.9905   	18.3371   
13.225000	999.768   	991.482   	1004.7    	1004.69   	19.5726   	11.4968   	18.1691   	17.0401   	18.3936   
13.250000	1002.98   	994.598   	1007.91   	1007.91   	19.6348   	11.5316   	18.2249   	17.0898   	18.4501   
13.275000	1006.19   	997.714   	1011.13   	1011.12   	19.697    	11.5665   	18.2806   	17.1394   	18.5066   
13.300000	1009.4    	1000.83   	1014.34   	1014.34   	19.7592   	11.6014   	18.3363   	17.1891   	18.5631   
13.325000	1012.61   	1003.94   	1017.56   	1017.55   	19.8213   	11.6363   	18.3921   	17.2387   	18.6196   
13.350000	1015.82   	1007.06   	1020.78   	1020.77   	19.8835   	11.6711   	18.4478   	17.2883   	18.6761   
13.375000	1019.03   	1010.18   	1023.99   	1023.98   	19.9457   	11.706    	18.5035   	17.338    	18.7326   
13.400000	1022.24   	1013.29   	1027.21   	1027.2    	20.0078   	11.7409   	18.5593   	17.3876   	18.7891   
13.425000	1025.45   	1016.41   	1030.42   	1030.42   	20.07     	11.7757   	18.615    	17.4373   	18.8456   
13.450000	1028.66   	1019.52   	1033.64   	1033.63   	20.1322   	11.8106   	18.6707   	17.4869   	18.9022   
13.475000	1031.87   	1022.64   	1036.85   	1036.85   	20.1944   	11.8455   	18.7265   	17.5366   	18.9587   
13.500000	1035.08   	1025.75   	1040.07   	1040.06   	20.2565   	11.8804   	18.7822   	17.5862   	19.0152   
13.525000	1038.29   	1028.87   	1043.28   	1043.28   	20.3187   	11.9152   	18.838    	17.6359   	19.0717   
13.550000	1041.5    	1031.98   	1046.5    	1046.49   	20.3809   	11.9501   	18.8937   	17.6855   	19.1282   
13.575000	1044.71   	1035.1    	1049.72   	1049.71   	20.443    	11.985    	18.9494   	17.7351   	19.1847   
13.600000	1047.92   	1038.22   	1052.93   	1052.92   	20.5052   	12.0199   	19.0052   	17.7848   	19.2412   
13.625000	1051.13   	1041.33   	1056.15   	1056.14   	20.5674   	12.0547   	19.0609   	17.8344   	19.2977   
13.650000	1054.34   	1044.45   	1059.36   	1059.36   	20.6296   	12.0896   	19.1166   	17.8841   	19.3542   
13.675000	1057.55   	1047.56   	1062.58   	1062.57   	20.6917   	12.1245   	19.1724   	17.9337   	19.4107   
13.700000	1060.77   	1050.68   	1065.79   	1065.79   	20.7539   	12.1593   	19.2281   	17.9834   	19.4672   
13.725000	1063.98   	1053.79   	1069.01   	1069      	20.8161   	12.1942   	19.2839   	18.033    	19.5237   
13.750000	1067.19   	1056.91   	1072.23   	1072.22   	20.8783   	12.2291   	19.3396   	18.0826   	19.5802   
13.775000	1070.4    	1060.02   	1075.44   	1075.43   	20.9404   	12.264    	19.3953   	18.1323   	19.6367   
13.800000	1073.61   	1063.14   	1078.66   	1078.65   	21.0026   	12.2988   	19.4511   	18.1819   	19.6932   
13.825000	1076.82   	1066.26   	1081.87   	1081.86   	21.0648   	12.3337   	19.5068   	18.2316   	19.7497   
13.850000	1080.03   	1069.37   	1085.09   	1085.08   	21.1269   	12.3686   	19.5625   	18.2812   	19.8062   
13.875000	1083.24   	1072.49   	1088.3    	1088.3    	21.1891   	12.4034   	19.6183   	18.3309   	19.8627   
13.900000	1086.45   	1075.6    	1091.52   	1091.51   	21.2513   	12.4383   	19.674    	18.3805   	19.9192   
13.925000	1089.66   	1078.72   	1094.73   	1094.73   	21.3135   	12.4732   	19.7297   	18.4302   	19.9757   
13.950000	1092.87   	1081.83   	1097.95   	1097.94   	21.3756   	12.5081   	19.7855   	18.4798   	20.0322   
13.975000	1096.08   	1084.95   	1101.17   	1101.16   	21.4378   	12.5429   	19.8412   	18.5294   	20.0887   
14.000000	1099.29   	1088.06   	1104.38   	1104.37   	21.5      	12.5778   	19.897    	18.5791   	20.1452   
14.025000	1102.67   	1091.33   	1107.76   	1107.75   	21.5652   	12.6143   	19.9552   	18.6307   	20.2043   
14.050000	1106.05   	1094.61   	1111.14   	1111.13   	21.6304   	12.6508   	20.0135   	18.6823   	20.2634   
14.075000	1109.43   	1097.88   	1114.51   	1114.51   	21.6956   	12.6873   	20.0718   	18.7339   	20.3225   
14.100000	1112.81   	1101.15   	1117.89   	1117.89   	21.7607   	12.7239   	20.1301   	18.7856   	20.3815   
14.125000	1116.19   	1104.42   	1121.27   	1121.26   	21.8259   	12.7604   	20.1883   	18.8372   	20.4406   
14.150000	1119.57   	1107.69   	1124.65   	1124.64   	21.8911   	12.7969   	20.2466   	18.8888   	20.4997   
14.175000	1122.94   	1110.96   	1128.03   	1128.02   	21.9563   	12.8334   	20.3049   	18.9404   	20.5588   
14.200000	1126.32   	1114.23   	1131.4    	1131.4    	22.0215   	12.8699   	20.3632   	18.9921   	20.6179   
14.225000	1129.7    	1117.5    	1134.78   	1134.78   	22.0867   	12.9064   	20.4214   	19.0437   	20.6769   
14.250000	1133.08   	1120.77   	1138.16   	1138.15   	22.1519   	12.9429   	20.4797   	19.0953   	20.736    
14.275000	1136.46   	1124.04   	1141.54   	1141.53   	22.2171   	12.9794   	20.538    	19.1469   	20.7951   
14.300000	1139.84   	1127.31   	1144.92   	1144.91   	22.2823   	13.0159   	20.5963   	19.1985   	20.8542   
14.325000	1143.22   	1130.58   	1148.29   	1148.29   	22.3475   	13.0524   	20.6545   	19.2502   	20.9133   
