Energy (MeV/u)	0 - [He-base] F.Hubert et al, AD&ND Tables 46(1990)1	1 - [H -base] J.F.Ziegler et al, Pergamon Press, NY (low energy)	2 - ATIMA 1.2  LS-theory (recommended for high energy)	3 - ATIMA 1.2  without LS-correction	4 - Range straggling - method [0] - LISE	5 - Range straggling - method [1] - Atima	6 - Lateral range - method [0] - LISE	7 - Lateral range - method [1] - Atima	8 - Lateral range - method [2] - PDG
10.000000	804.732   	823.957   	782.5     	782.5     	16.8782   	10.4935   	3.52205   	3.61084   	3.3129    
10.250000	842.288   	861.584   	819.192   	819.191   	17.7059   	10.9607   	3.68811   	3.77201   	3.47062   
10.500000	879.845   	899.211   	855.884   	855.883   	18.5337   	11.4279   	3.85416   	3.93318   	3.62834   
10.750000	917.401   	936.839   	892.576   	892.575   	19.3615   	11.8951   	4.02022   	4.09435   	3.78606   
11.000000	954.957   	974.466   	929.268   	929.267   	20.1893   	12.3623   	4.18627   	4.25551   	3.94378   
11.250000	995.407   	1014.93   	968.937   	968.935   	21.0918   	12.8659   	4.36637   	4.42896   	4.11502   
11.500000	1035.86   	1055.39   	1008.61   	1008.6    	21.9944   	13.3694   	4.54647   	4.60242   	4.28627   
11.750000	1076.31   	1095.86   	1048.27   	1048.27   	22.897    	13.873    	4.72657   	4.77587   	4.45751   
12.000000	1116.76   	1136.32   	1087.94   	1087.94   	23.7996   	14.3765   	4.90667   	4.94932   	4.62876   
12.250000	1160.06   	1179.59   	1130.56   	1130.55   	24.7762   	14.9156   	5.10075   	5.13493   	4.81348   
12.500000	1203.36   	1222.85   	1173.17   	1173.17   	25.7527   	15.4547   	5.29484   	5.32055   	4.99821   
12.750000	1246.67   	1266.12   	1215.79   	1215.78   	26.7293   	15.9938   	5.48893   	5.50616   	5.18294   
13.000000	1289.97   	1309.38   	1258.4    	1258.4    	27.7058   	16.5329   	5.68301   	5.69177   	5.36767   
13.250000	1336.09   	1355.42   	1303.94   	1303.93   	28.7555   	17.1066   	5.89099   	5.8894    	5.56581   
13.500000	1382.21   	1401.46   	1349.47   	1349.46   	29.8051   	17.6804   	6.09897   	6.08703   	5.76394   
13.750000	1428.33   	1447.5    	1395      	1394.99   	30.8548   	18.2541   	6.30695   	6.28466   	5.96207   
14.000000	1474.44   	1493.54   	1440.53   	1440.53   	31.9044   	18.8278   	6.51493   	6.48229   	6.16021   
14.250000	1523.34   	1542.32   	1488.95   	1488.95   	33.0264   	19.4359   	6.7367    	6.69178   	6.37166   
14.500000	1572.24   	1591.11   	1537.37   	1537.37   	34.1484   	20.0439   	6.95847   	6.90126   	6.58311   
14.750000	1621.14   	1639.89   	1585.79   	1585.79   	35.2704   	20.6519   	7.18024   	7.11075   	6.79456   
15.000000	1670.04   	1688.67   	1634.21   	1634.21   	36.3923   	21.2599   	7.40201   	7.32024   	7.006     
15.250000	1721.68   	1740.17   	1685.49   	1685.49   	37.5858   	21.9017   	7.63744   	7.54142   	7.23066   
15.500000	1773.33   	1791.67   	1736.77   	1736.77   	38.7793   	22.5435   	7.87288   	7.76261   	7.45532   
15.750000	1824.98   	1843.16   	1788.05   	1788.05   	39.9727   	23.1853   	8.10832   	7.98379   	7.67998   
16.000000	1876.62   	1894.66   	1839.33   	1839.33   	41.1662   	23.8271   	8.34375   	8.20498   	7.90463   
16.250000	1930.98   	1948.85   	1893.44   	1893.44   	42.4302   	24.5017   	8.59271   	8.43768   	8.14237   
16.500000	1985.35   	2003.04   	1947.55   	1947.55   	43.6942   	25.1763   	8.84167   	8.67038   	8.38011   
16.750000	2039.71   	2057.23   	2001.66   	2001.66   	44.9582   	25.851    	9.09063   	8.90309   	8.61785   
17.000000	2094.07   	2111.41   	2055.77   	2055.77   	46.2222   	26.5256   	9.33959   	9.13579   	8.85559   
17.250000	2151.12   	2168.26   	2112.68   	2112.68   	47.5558   	27.2323   	9.60193   	9.37984   	9.10628   
17.500000	2208.17   	2225.12   	2169.59   	2169.6    	48.8894   	27.939    	9.86427   	9.62388   	9.35696   
17.750000	2265.21   	2281.97   	2226.5    	2226.51   	50.2229   	28.6457   	10.1266   	9.86793   	9.60765   
18.000000	2322.26   	2338.82   	2283.4    	2283.42   	51.5565   	29.3525   	10.3889   	10.112    	9.85834   
18.250000	2381.97   	2398.31   	2343.08   	2343.1    	52.9588   	30.0908   	10.6645   	10.3672   	10.1218   
18.500000	2441.67   	2457.8    	2402.76   	2402.78   	54.3612   	30.8291   	10.9401   	10.6224   	10.3854   
18.750000	2501.38   	2517.29   	2462.44   	2462.47   	55.7635   	31.5674   	11.2156   	10.8776   	10.6489   
19.000000	2561.09   	2576.79   	2522.12   	2522.15   	57.1658   	32.3057   	11.4912   	11.1328   	10.9124   
19.250000	2623.43   	2638.89   	2584.54   	2584.58   	58.6358   	33.075    	11.7798   	11.399    	11.1886   
19.500000	2685.76   	2701      	2646.96   	2647      	60.1059   	33.8443   	12.0685   	11.6653   	11.4647   
19.750000	2748.1    	2763.11   	2709.38   	2709.42   	61.5759   	34.6136   	12.3571   	11.9315   	11.7409   
20.000000	2810.44   	2825.22   	2771.8    	2771.85   	63.046    	35.3829   	12.6457   	12.1977   	12.0171   
20.250000	2875.39   	2889.93   	2836.93   	2836.98   	64.5826   	36.1825   	12.9472   	12.4747   	12.3058   
20.500000	2940.33   	2954.63   	2902.06   	2902.12   	66.1193   	36.9821   	13.2488   	12.7517   	12.5945   
20.750000	3005.28   	3019.33   	2967.19   	2967.25   	67.656    	37.7818   	13.5503   	13.0287   	12.8832   
21.000000	3070.22   	3084.04   	3032.32   	3032.39   	69.1927   	38.5814   	13.8518   	13.3057   	13.1719   
21.250000	3137.75   	3151.31   	3100.12   	3100.2    	70.7949   	39.4107   	14.166    	13.5933   	13.4729   
21.500000	3205.27   	3218.59   	3167.93   	3168.01   	72.3971   	40.2401   	14.4803   	13.8809   	13.774    
21.750000	3272.8    	3285.87   	3235.74   	3235.83   	73.9993   	41.0695   	14.7945   	14.1686   	14.075    
22.000000	3340.33   	3353.14   	3303.55   	3303.64   	75.6016   	41.8988   	15.1087   	14.4562   	14.3761   
22.250000	3410.41   	3422.97   	3374      	3374.1    	77.2682   	42.7573   	15.4355   	14.7542   	14.6893   
22.500000	3480.49   	3492.8    	3444.46   	3444.56   	78.9348   	43.6158   	15.7622   	15.0523   	15.0026   
22.750000	3550.58   	3562.63   	3514.91   	3515.03   	80.6014   	44.4742   	16.089    	15.3503   	15.3158   
23.000000	3620.66   	3632.46   	3585.37   	3585.49   	82.268    	45.3327   	16.4157   	15.6484   	15.629    
23.250000	3693.28   	3704.83   	3658.44   	3658.56   	83.9976   	46.2193   	16.7548   	15.9566   	15.9543   
23.500000	3765.9    	3777.19   	3731.5    	3731.64   	85.7273   	47.106    	17.0939   	16.2649   	16.2795   
23.750000	3838.52   	3849.55   	3804.57   	3804.71   	87.4569   	47.9926   	17.433    	16.5731   	16.6047   
24.000000	3911.15   	3921.92   	3877.64   	3877.79   	89.1866   	48.8793   	17.772    	16.8814   	16.9299   
24.250000	3986.28   	3996.79   	3953.28   	3953.45   	90.9778   	49.7931   	18.1232   	17.1997   	17.267    
24.500000	4061.41   	4071.67   	4028.93   	4029.1    	92.7691   	50.7069   	18.4744   	17.5179   	17.604    
24.750000	4136.55   	4146.54   	4104.57   	4104.76   	94.5603   	51.6207   	18.8255   	17.8362   	17.941    
25.000000	4211.68   	4221.42   	4180.22   	4180.42   	96.3516   	52.5345   	19.1767   	18.1544   	18.278    
25.250000	4290.55   	4300.03   	4259.66   	4259.88   	98.2326   	53.4877   	19.5455   	18.4873   	18.6323   
25.500000	4369.41   	4378.64   	4339.1    	4339.34   	100.114   	54.4409   	19.9144   	18.8201   	18.9866   
25.750000	4448.27   	4457.25   	4418.55   	4418.8    	101.995   	55.3942   	20.2833   	19.1529   	19.3409   
26.000000	4527.14   	4535.86   	4497.99   	4498.26   	103.876   	56.3474   	20.6521   	19.4858   	19.6952   
26.250000	4606      	4614.47   	4577.43   	4577.72   	105.757   	57.3007   	21.021    	19.8186   	20.0495   
26.500000	4684.86   	4693.07   	4656.87   	4657.18   	107.638   	58.2539   	21.3899   	20.1514   	20.4038   
26.750000	4763.73   	4771.68   	4736.31   	4736.64   	109.519   	59.2071   	21.7587   	20.4843   	20.7581   
27.000000	4842.59   	4850.29   	4815.76   	4816.11   	111.4     	60.1604   	22.1276   	20.8171   	21.1124   
27.250000	4926.36   	4933.82   	4900.15   	4900.52   	113.396   	61.1647   	22.5193   	21.1687   	21.4891   
27.500000	5010.13   	5017.35   	4984.54   	4984.94   	115.393   	62.169    	22.9111   	21.5203   	21.8658   
27.750000	5093.9    	5100.87   	5068.94   	5069.36   	117.389   	63.1733   	23.3028   	21.8719   	22.2425   
28.000000	5177.67   	5184.4    	5153.33   	5153.77   	119.386   	64.1776   	23.6946   	22.2235   	22.6192   
28.250000	5261.44   	5267.93   	5237.73   	5238.19   	121.382   	65.1819   	24.0863   	22.5751   	22.9959   
28.500000	5345.21   	5351.45   	5322.12   	5322.6    	123.379   	66.1862   	24.4781   	22.9267   	23.3725   
28.750000	5428.98   	5434.98   	5406.51   	5407.02   	125.375   	67.1905   	24.8698   	23.2783   	23.7492   
29.000000	5512.75   	5518.51   	5490.91   	5491.44   	127.372   	68.1948   	25.2615   	23.6299   	24.1259   
29.250000	5601.35   	5606.88   	5580.12   	5580.68   	129.479   	69.2477   	25.6753   	23.9994   	24.5242   
29.500000	5689.95   	5695.26   	5669.34   	5669.92   	131.586   	70.3006   	26.0891   	24.369    	24.9225   
29.750000	5778.55   	5783.63   	5758.55   	5759.16   	133.693   	71.3535   	26.5029   	24.7385   	25.3208   
30.000000	5867.15   	5872.01   	5847.77   	5848.4    	135.8     	72.4064   	26.9166   	25.1081   	25.7191   
30.250000	5955.75   	5960.39   	5936.99   	5937.64   	137.907   	73.4593   	27.3304   	25.4777   	26.1174   
30.500000	6044.35   	6048.76   	6026.2    	6026.88   	140.014   	74.5122   	27.7442   	25.8472   	26.5156   
30.750000	6132.95   	6137.14   	6115.42   	6116.13   	142.121   	75.5651   	28.1579   	26.2168   	26.9139   
31.000000	6221.55   	6225.52   	6204.63   	6205.37   	144.228   	76.618    	28.5717   	26.5863   	27.3122   
31.250000	6314.91   	6318.68   	6298.64   	6299.4    	146.447   	77.7196   	29.0073   	26.9737   	27.732    
31.500000	6408.27   	6411.84   	6392.64   	6393.43   	148.666   	78.8211   	29.443    	27.361    	28.1517   
31.750000	6501.63   	6505      	6486.65   	6487.47   	150.886   	79.9226   	29.8786   	27.7483   	28.5715   
32.000000	6594.99   	6598.16   	6580.66   	6581.5    	153.105   	81.0241   	30.3142   	28.1356   	28.9913   
32.250000	6688.35   	6691.32   	6674.66   	6675.53   	155.324   	82.1257   	30.7498   	28.5229   	29.411    
32.500000	6781.71   	6784.48   	6768.67   	6769.57   	157.543   	83.2272   	31.1855   	28.9102   	29.8308   
32.750000	6875.07   	6877.64   	6862.67   	6863.6    	159.763   	84.3287   	31.6211   	29.2976   	30.2505   
33.000000	6968.43   	6970.8    	6956.68   	6957.63   	161.982   	85.4302   	32.0567   	29.6849   	30.6703   
33.250000	7066.48   	7068.68   	7055.42   	7056.41   	164.313   	86.5804   	32.5139   	30.0897   	31.1113   
33.500000	7164.54   	7166.57   	7154.17   	7155.18   	166.644   	87.7306   	32.9711   	30.4945   	31.5523   
33.750000	7262.59   	7264.45   	7252.91   	7253.95   	168.975   	88.8808   	33.4284   	30.8993   	31.9933   
34.000000	7360.64   	7362.33   	7351.66   	7352.72   	171.306   	90.031    	33.8856   	31.3041   	32.4344   
34.250000	7458.7    	7460.22   	7450.4    	7451.49   	173.637   	91.1812   	34.3428   	31.7089   	32.8754   
34.500000	7556.75   	7558.1    	7549.15   	7550.27   	175.968   	92.3314   	34.8      	32.1137   	33.3164   
34.750000	7654.8    	7655.98   	7647.89   	7649.04   	178.299   	93.4816   	35.2572   	32.5185   	33.7574   
35.000000	7752.86   	7753.86   	7746.64   	7747.81   	180.63    	94.6318   	35.7144   	32.9233   	34.1984   
35.250000	7856.68   	7857.56   	7851.22   	7852.42   	183.098   	95.8421   	36.1981   	33.3495   	34.6656   
35.500000	7960.51   	7961.26   	7955.79   	7957.03   	185.567   	97.0523   	36.6818   	33.7757   	35.1327   
35.750000	8064.34   	8064.96   	8060.37   	8061.64   	188.035   	98.2626   	37.1655   	34.2019   	35.5999   
36.000000	8168.16   	8168.66   	8164.94   	8166.25   	190.503   	99.4729   	37.6493   	34.6281   	36.067    
36.250000	8271.99   	8272.36   	8269.52   	8270.85   	192.971   	100.683   	38.133    	35.0543   	36.5342   
36.500000	8375.82   	8376.06   	8374.09   	8375.46   	195.44    	101.893   	38.6167   	35.4805   	37.0013   
36.750000	8479.64   	8479.76   	8478.67   	8480.07   	197.908   	103.104   	39.1004   	35.9067   	37.4685   
37.000000	8583.47   	8583.46   	8583.24   	8584.68   	200.376   	104.314   	39.5841   	36.3329   	37.9357   
37.250000	8687.3    	8687.16   	8687.82   	8689.29   	202.845   	105.524   	40.0678   	36.7591   	38.4028   
37.500000	8791.12   	8790.86   	8792.4    	8793.9    	205.313   	106.735   	40.5515   	37.1853   	38.87     
37.750000	8894.95   	8894.56   	8896.97   	8898.51   	207.781   	107.945   	41.0352   	37.6115   	39.3371   
38.000000	8998.78   	8998.26   	9001.55   	9003.11   	210.25    	109.155   	41.5189   	38.0377   	39.8043   
38.250000	9109.41   	9108.83   	9113      	9114.61   	212.879   	110.435   	42.0338   	38.489    	40.3023   
38.500000	9220.05   	9219.4    	9224.45   	9226.11   	215.509   	111.715   	42.5486   	38.9403   	40.8003   
38.750000	9330.68   	9329.97   	9335.9    	9337.61   	218.139   	112.994   	43.0635   	39.3916   	41.2982   
39.000000	9441.32   	9440.53   	9447.35   	9449.11   	220.769   	114.274   	43.5784   	39.8429   	41.7962   
39.250000	9551.95   	9551.1    	9558.8    	9560.61   	223.398   	115.554   	44.0932   	40.2941   	42.2942   
39.500000	9662.59   	9661.67   	9670.25   	9672.11   	226.028   	116.834   	44.6081   	40.7454   	42.7922   
39.750000	9773.22   	9772.24   	9781.71   	9783.6    	228.658   	118.114   	45.123    	41.1967   	43.2902   
40.000000	9883.86   	9882.81   	9893.16   	9895.1    	231.288   	119.393   	45.6378   	41.648    	43.7882   
40.250000	9994.49   	9993.37   	10004.6   	10006.6   	233.918   	120.673   	46.1527   	42.0993   	44.2862   
40.500000	10105.1   	10103.9   	10116.1   	10118.1   	236.547   	121.953   	46.6676   	42.5506   	44.7842   
40.750000	10215.8   	10214.5   	10227.5   	10229.6   	239.177   	123.233   	47.1824   	43.0018   	45.2821   
41.000000	10326.4   	10325.1   	10339     	10341.1   	241.807   	124.512   	47.6973   	43.4531   	45.7801   
41.250000	10443.7   	10442.4   	10457.2   	10459.4   	244.596   	125.861   	48.2428   	43.929    	46.3085   
41.500000	10561     	10559.7   	10575.4   	10577.6   	247.385   	127.209   	48.7882   	44.4049   	46.8369   
41.750000	10678.3   	10677     	10693.6   	10695.9   	250.174   	128.557   	49.3337   	44.8807   	47.3653   
42.000000	10795.7   	10794.3   	10811.8   	10814.2   	252.963   	129.906   	49.8792   	45.3566   	47.8936   
42.250000	10913     	10911.7   	10930.1   	10932.4   	255.752   	131.254   	50.4247   	45.8324   	48.422    
42.500000	11030.3   	11029     	11048.3   	11050.7   	258.541   	132.602   	50.9702   	46.3083   	48.9504   
42.750000	11147.6   	11146.3   	11166.5   	11169     	261.33    	133.951   	51.5156   	46.7842   	49.4788   
43.000000	11264.9   	11263.6   	11284.7   	11287.2   	264.119   	135.299   	52.0611   	47.26     	50.0071   
43.250000	11382.2   	11380.9   	11402.9   	11405.5   	266.908   	136.648   	52.6066   	47.7359   	50.5355   
43.500000	11499.6   	11498.2   	11521.2   	11523.8   	269.697   	137.996   	53.1521   	48.2117   	51.0639   
43.750000	11616.9   	11615.5   	11639.4   	11642     	272.486   	139.344   	53.6976   	48.6876   	51.5923   
44.000000	11734.2   	11732.9   	11757.6   	11760.3   	275.275   	140.693   	54.2431   	49.1635   	52.1206   
44.250000	11858.1   	11856.8   	11882.5   	11885.2   	278.22    	142.108   	54.8186   	49.6634   	52.6789   
44.500000	11982     	11980.8   	12007.3   	12010.2   	281.166   	143.524   	55.3941   	50.1633   	53.2372   
44.750000	12105.8   	12104.7   	12132.2   	12135.1   	284.111   	144.939   	55.9696   	50.6632   	53.7955   
45.000000	12229.7   	12228.6   	12257.1   	12260     	287.056   	146.355   	56.5451   	51.1631   	54.3537   
45.250000	12353.6   	12352.6   	12381.9   	12384.9   	290.001   	147.77    	57.1206   	51.663    	54.912    
45.500000	12477.5   	12476.5   	12506.8   	12509.9   	292.946   	149.186   	57.6961   	52.163    	55.4703   
45.750000	12601.4   	12600.5   	12631.7   	12634.8   	295.891   	150.601   	58.2716   	52.6629   	56.0286   
46.000000	12725.2   	12724.4   	12756.6   	12759.7   	298.836   	152.017   	58.8471   	53.1628   	56.5868   
46.250000	12849.1   	12848.4   	12881.4   	12884.6   	301.781   	153.432   	59.4227   	53.6627   	57.1451   
46.500000	12973     	12972.3   	13006.3   	13009.5   	304.726   	154.848   	59.9982   	54.1626   	57.7034   
46.750000	13096.9   	13096.3   	13131.2   	13134.5   	307.671   	156.263   	60.5737   	54.6625   	58.2617   
47.000000	13220.8   	13220.2   	13256     	13259.4   	310.616   	157.679   	61.1492   	55.1625   	58.8199   
47.250000	13351.1   	13350.7   	13387.5   	13390.9   	313.714   	159.16    	61.7542   	55.6859   	59.4077   
47.500000	13481.4   	13481.2   	13518.9   	13522.3   	316.812   	160.641   	62.3592   	56.2094   	59.9954   
47.750000	13611.7   	13611.6   	13650.3   	13653.8   	319.91    	162.123   	62.9642   	56.7329   	60.5831   
48.000000	13742.1   	13742.1   	13781.7   	13785.3   	323.008   	163.604   	63.5691   	57.2564   	61.1708   
48.250000	13872.4   	13872.6   	13913.1   	13916.7   	326.106   	165.085   	64.1741   	57.7799   	61.7585   
48.500000	14002.7   	14003.1   	14044.6   	14048.2   	329.204   	166.566   	64.7791   	58.3033   	62.3462   
48.750000	14133.1   	14133.5   	14176     	14179.7   	332.302   	168.048   	65.3841   	58.8268   	62.9339   
49.000000	14263.4   	14264     	14307.4   	14311.2   	335.4     	169.529   	65.9891   	59.3503   	63.5217   
49.250000	14393.7   	14394.5   	14438.8   	14442.6   	338.498   	171.01    	66.5941   	59.8738   	64.1094   
49.500000	14524.1   	14524.9   	14570.2   	14574.1   	341.596   	172.492   	67.1991   	60.3973   	64.6971   
49.750000	14654.4   	14655.4   	14701.6   	14705.6   	344.694   	173.973   	67.8041   	60.9208   	65.2848   
50.000000	14784.7   	14785.9   	14833.1   	14837     	347.792   	175.454   	68.409    	61.4442   	65.8725   
50.250000	14923.5   	14924.9   	14973     	14977.1   	351.089   	177.021   	69.0525   	61.9984   	66.4988   
50.500000	15062.2   	15063.9   	15113     	15117.1   	354.387   	178.588   	69.6959   	62.5525   	67.125    
50.750000	15201     	15202.9   	15253     	15257.1   	357.684   	180.155   	70.3393   	63.1067   	67.7512   
51.000000	15339.8   	15341.9   	15393     	15397.2   	360.981   	181.722   	70.9827   	63.6608   	68.3775   
51.250000	15478.5   	15480.9   	15532.9   	15537.2   	364.278   	183.289   	71.6261   	64.215    	69.0037   
51.500000	15617.3   	15619.9   	15672.9   	15677.2   	367.575   	184.856   	72.2695   	64.7691   	69.6299   
51.750000	15756     	15758.9   	15812.9   	15817.3   	370.872   	186.423   	72.9129   	65.3232   	70.2562   
52.000000	15894.8   	15897.9   	15952.9   	15957.3   	374.169   	187.99    	73.5563   	65.8774   	70.8824   
52.250000	16033.6   	16036.9   	16092.8   	16097.3   	377.466   	189.557   	74.1997   	66.4315   	71.5087   
52.500000	16172.3   	16175.9   	16232.8   	16237.4   	380.763   	191.124   	74.8431   	66.9857   	72.1349   
52.750000	16311.1   	16314.9   	16372.8   	16377.4   	384.06    	192.691   	75.4865   	67.5398   	72.7611   
53.000000	16449.8   	16453.9   	16512.8   	16517.4   	387.357   	194.258   	76.1299   	68.094    	73.3874   
53.250000	16588.6   	16592.9   	16652.7   	16657.5   	390.654   	195.825   	76.7733   	68.6481   	74.0136   
53.500000	16727.4   	16731.9   	16792.7   	16797.5   	393.951   	197.392   	77.4167   	69.2022   	74.6398   
53.750000	16866.1   	16870.9   	16932.7   	16937.5   	397.248   	198.959   	78.0601   	69.7564   	75.2661   
54.000000	17004.9   	17009.9   	17072.7   	17077.6   	400.545   	200.526   	78.7035   	70.3105   	75.8923   
54.250000	17143.6   	17148.9   	17212.7   	17217.6   	403.842   	202.093   	79.3469   	70.8647   	76.5185   
54.500000	17282.4   	17287.9   	17352.6   	17357.6   	407.139   	203.66    	79.9903   	71.4188   	77.1448   
54.750000	17421.2   	17426.9   	17492.6   	17497.7   	410.436   	205.227   	80.6338   	71.9729   	77.771    
55.000000	17559.9   	17565.9   	17632.6   	17637.7   	413.733   	206.794   	81.2772   	72.5271   	78.3973   
55.250000	17709     	17715.3   	17783     	17788.2   	417.272   	208.465   	81.9673   	73.1185   	79.0706   
55.500000	17858     	17864.8   	17933.5   	17938.7   	420.811   	210.136   	82.6575   	73.7099   	79.744    
55.750000	18007.1   	18014.2   	18083.9   	18089.2   	424.35    	211.807   	83.3477   	74.3013   	80.4173   
56.000000	18156.2   	18163.6   	18234.4   	18239.7   	427.889   	213.478   	84.0379   	74.8927   	81.0907   
56.250000	18305.2   	18313.1   	18384.8   	18390.2   	431.428   	215.15    	84.728    	75.4841   	81.764    
56.500000	18454.3   	18462.5   	18535.3   	18540.7   	434.967   	216.821   	85.4182   	76.0755   	82.4374   
56.750000	18603.3   	18611.9   	18685.7   	18691.2   	438.506   	218.492   	86.1084   	76.667    	83.1107   
57.000000	18752.4   	18761.3   	18836.2   	18841.7   	442.045   	220.163   	86.7986   	77.2584   	83.7841   
57.250000	18901.4   	18910.8   	18986.6   	18992.3   	445.584   	221.835   	87.4887   	77.8498   	84.4574   
57.500000	19050.5   	19060.2   	19137     	19142.8   	449.123   	223.506   	88.1789   	78.4412   	85.1308   
57.750000	19199.6   	19209.6   	19287.5   	19293.3   	452.662   	225.177   	88.8691   	79.0326   	85.8041   
58.000000	19348.6   	19359     	19437.9   	19443.8   	456.2     	226.848   	89.5593   	79.624    	86.4775   
58.250000	19497.7   	19508.5   	19588.4   	19594.3   	459.739   	228.52    	90.2494   	80.2154   	87.1508   
58.500000	19646.7   	19657.9   	19738.8   	19744.8   	463.278   	230.191   	90.9396   	80.8068   	87.8242   
58.750000	19795.8   	19807.3   	19889.3   	19895.3   	466.817   	231.862   	91.6298   	81.3982   	88.4975   
59.000000	19944.9   	19956.8   	20039.7   	20045.8   	470.356   	233.533   	92.32     	81.9896   	89.1709   
59.250000	20093.9   	20106.2   	20190.2   	20196.3   	473.895   	235.204   	93.0101   	82.581    	89.8442   
59.500000	20243     	20255.6   	20340.6   	20346.8   	477.434   	236.876   	93.7003   	83.1724   	90.5176   
59.750000	20392     	20405     	20491.1   	20497.3   	480.973   	238.547   	94.3905   	83.7639   	91.1909   
60.000000	20541.1   	20554.5   	20641.5   	20647.8   	484.512   	240.218   	95.0807   	84.3553   	91.8643   
60.250000	20700.2   	20714.1   	20802.1   	20808.5   	488.284   	241.988   	95.8161   	84.9827   	92.5835   
60.500000	20859.3   	20873.7   	20962.8   	20969.3   	492.055   	243.758   	96.5516   	85.6101   	93.3027   
60.750000	21018.4   	21033.3   	21123.4   	21130     	495.827   	245.529   	97.287    	86.2376   	94.0219   
61.000000	21177.5   	21192.8   	21284.1   	21290.7   	499.599   	247.299   	98.0224   	86.865    	94.7411   
61.250000	21336.6   	21352.4   	21444.7   	21451.4   	503.371   	249.069   	98.7579   	87.4924   	95.4603   
61.500000	21495.7   	21512     	21605.4   	21612.2   	507.142   	250.839   	99.4933   	88.1199   	96.1796   
61.750000	21654.8   	21671.6   	21766     	21772.9   	510.914   	252.609   	100.229   	88.7473   	96.8988   
62.000000	21813.9   	21831.2   	21926.6   	21933.6   	514.686   	254.38    	100.964   	89.3748   	97.618    
62.250000	21973     	21990.8   	22087.3   	22094.3   	518.458   	256.15    	101.7     	90.0022   	98.3372   
62.500000	22132.1   	22150.4   	22247.9   	22255.1   	522.229   	257.92    	102.435   	90.6296   	99.0564   
62.750000	22291.2   	22310     	22408.6   	22415.8   	526.001   	259.69    	103.171   	91.2571   	99.7756   
63.000000	22450.3   	22469.6   	22569.2   	22576.5   	529.773   	261.46    	103.906   	91.8845   	100.495   
63.250000	22609.4   	22629.2   	22729.9   	22737.2   	533.545   	263.23    	104.641   	92.5119   	101.214   
63.500000	22768.5   	22788.8   	22890.5   	22898     	537.316   	265.001   	105.377   	93.1394   	101.933   
63.750000	22927.6   	22948.4   	23051.1   	23058.7   	541.088   	266.771   	106.112   	93.7668   	102.652   
64.000000	23086.7   	23108     	23211.8   	23219.4   	544.86    	268.541   	106.848   	94.3942   	103.372   
64.250000	23245.8   	23267.6   	23372.4   	23380.1   	548.632   	270.311   	107.583   	95.0217   	104.091   
64.500000	23404.9   	23427.2   	23533.1   	23540.8   	552.403   	272.081   	108.319   	95.6491   	104.81    
64.750000	23564     	23586.8   	23693.7   	23701.6   	556.175   	273.851   	109.054   	96.2765   	105.529   
65.000000	23723.1   	23746.4   	23854.4   	23862.3   	559.947   	275.622   	109.79    	96.904    	106.248   
65.250000	23892.1   	23915.9   	24025     	24033     	563.945   	277.489   	110.569   	97.5664   	107.013   
65.500000	24061     	24085.4   	24195.6   	24203.7   	567.943   	279.357   	111.348   	98.2289   	107.777   
65.750000	24229.9   	24254.9   	24366.2   	24374.4   	571.941   	281.225   	112.128   	98.8913   	108.541   
66.000000	24398.8   	24424.4   	24536.8   	24545.1   	575.94    	283.092   	112.907   	99.5537   	109.305   
66.250000	24567.7   	24594     	24707.4   	24715.8   	579.938   	284.96    	113.687   	100.216   	110.069   
66.500000	24736.6   	24763.5   	24878.1   	24886.5   	583.936   	286.827   	114.466   	100.879   	110.833   
66.750000	24905.5   	24933     	25048.7   	25057.2   	587.934   	288.695   	115.246   	101.541   	111.597   
67.000000	25074.4   	25102.5   	25219.3   	25227.9   	591.933   	290.563   	116.025   	102.204   	112.361   
67.250000	25243.3   	25272     	25389.9   	25398.7   	595.931   	292.43    	116.805   	102.866   	113.125   
67.500000	25412.2   	25441.6   	25560.5   	25569.4   	599.929   	294.298   	117.584   	103.528   	113.889   
67.750000	25581.2   	25611.1   	25731.1   	25740.1   	603.927   	296.166   	118.364   	104.191   	114.653   
68.000000	25750.1   	25780.6   	25901.8   	25910.8   	607.925   	298.033   	119.143   	104.853   	115.417   
68.250000	25919     	25950.1   	26072.4   	26081.5   	611.924   	299.901   	119.922   	105.516   	116.181   
68.500000	26087.9   	26119.6   	26243     	26252.2   	615.922   	301.768   	120.702   	106.178   	116.945   
68.750000	26256.8   	26289.2   	26413.6   	26422.9   	619.92    	303.636   	121.481   	106.841   	117.709   
69.000000	26425.7   	26458.7   	26584.2   	26593.6   	623.918   	305.504   	122.261   	107.503   	118.473   
69.250000	26594.6   	26628.2   	26754.8   	26764.3   	627.916   	307.371   	123.04    	108.165   	119.237   
69.500000	26763.5   	26797.7   	26925.5   	26935     	631.915   	309.239   	123.82    	108.828   	120.001   
69.750000	26932.4   	26967.2   	27096.1   	27105.7   	635.913   	311.107   	124.599   	109.49    	120.765   
70.000000	27101.3   	27136.8   	27266.7   	27276.4   	639.911   	312.974   	125.379   	110.153   	121.529   
70.250000	27279.8   	27316     	27447.1   	27456.9   	644.129   	314.935   	126.201   	110.849   	122.337   
70.500000	27458.3   	27495.2   	27627.4   	27637.3   	648.347   	316.895   	127.023   	111.546   	123.145   
70.750000	27636.8   	27674.4   	27807.8   	27817.8   	652.564   	318.856   	127.845   	112.242   	123.953   
71.000000	27815.3   	27853.6   	27988.2   	27998.3   	656.782   	320.817   	128.668   	112.939   	124.761   
71.250000	27993.8   	28032.8   	28168.5   	28178.7   	661       	322.777   	129.49    	113.635   	125.569   
71.500000	28172.3   	28212.1   	28348.9   	28359.2   	665.218   	324.738   	130.312   	114.332   	126.376   
71.750000	28350.8   	28391.3   	28529.3   	28539.7   	669.435   	326.699   	131.134   	115.028   	127.184   
72.000000	28529.3   	28570.5   	28709.7   	28720.1   	673.653   	328.659   	131.956   	115.724   	127.992   
72.250000	28707.8   	28749.7   	28890     	28900.6   	677.871   	330.62    	132.779   	116.421   	128.8     
72.500000	28886.3   	28928.9   	29070.4   	29081.1   	682.089   	332.581   	133.601   	117.117   	129.608   
72.750000	29064.8   	29108.1   	29250.8   	29261.5   	686.306   	334.541   	134.423   	117.814   	130.416   
73.000000	29243.3   	29287.3   	29431.1   	29442     	690.524   	336.502   	135.245   	118.51    	131.224   
73.250000	29421.8   	29466.6   	29611.5   	29622.4   	694.742   	338.463   	136.068   	119.207   	132.031   
73.500000	29600.3   	29645.8   	29791.9   	29802.9   	698.96    	340.423   	136.89    	119.903   	132.839   
73.750000	29778.8   	29825     	29972.2   	29983.4   	703.177   	342.384   	137.712   	120.6     	133.647   
74.000000	29957.3   	30004.2   	30152.6   	30163.8   	707.395   	344.344   	138.534   	121.296   	134.455   
74.250000	30135.8   	30183.4   	30333     	30344.3   	711.613   	346.305   	139.356   	121.992   	135.263   
74.500000	30314.3   	30362.6   	30513.3   	30524.8   	715.831   	348.266   	140.179   	122.689   	136.071   
74.750000	30492.8   	30541.8   	30693.7   	30705.2   	720.048   	350.226   	141.001   	123.385   	136.879   
75.000000	30671.3   	30721.1   	30874.1   	30885.7   	724.266   	352.187   	141.823   	124.082   	137.686   
75.250000	30859.1   	30909.7   	31064     	31075.7   	728.697   	354.239   	142.687   	124.811   	138.537   
75.500000	31047     	31098.4   	31253.9   	31265.7   	733.127   	356.292   	143.551   	125.541   	139.388   
75.750000	31234.9   	31287.1   	31443.8   	31455.7   	737.558   	358.344   	144.414   	126.27    	140.238   
76.000000	31422.7   	31475.8   	31633.7   	31645.7   	741.988   	360.396   	145.278   	127       	141.089   
76.250000	31610.6   	31664.5   	31823.6   	31835.7   	746.419   	362.448   	146.142   	127.729   	141.94    
76.500000	31798.5   	31853.2   	32013.5   	32025.7   	750.849   	364.501   	147.006   	128.459   	142.79    
76.750000	31986.4   	32041.9   	32203.5   	32215.7   	755.279   	366.553   	147.87    	129.189   	143.641   
77.000000	32174.2   	32230.6   	32393.4   	32405.7   	759.71    	368.605   	148.733   	129.918   	144.492   
77.250000	32362.1   	32419.3   	32583.3   	32595.7   	764.14    	370.658   	149.597   	130.648   	145.342   
77.500000	32550     	32608     	32773.2   	32785.8   	768.571   	372.71    	150.461   	131.377   	146.193   
77.750000	32737.9   	32796.7   	32963.1   	32975.8   	773.001   	374.762   	151.325   	132.107   	147.044   
78.000000	32925.7   	32985.3   	33153     	33165.8   	777.432   	376.814   	152.189   	132.836   	147.894   
78.250000	33113.6   	33174     	33342.9   	33355.8   	781.862   	378.867   	153.052   	133.566   	148.745   
78.500000	33301.5   	33362.7   	33532.8   	33545.8   	786.293   	380.919   	153.916   	134.295   	149.596   
78.750000	33489.4   	33551.4   	33722.7   	33735.8   	790.723   	382.971   	154.78    	135.025   	150.446   
79.000000	33677.2   	33740.1   	33912.6   	33925.8   	795.154   	385.024   	155.644   	135.754   	151.297   
79.250000	33865.1   	33928.8   	34102.5   	34115.8   	799.584   	387.076   	156.508   	136.484   	152.148   
79.500000	34053     	34117.5   	34292.5   	34305.8   	804.014   	389.128   	157.371   	137.213   	152.999   
79.750000	34240.8   	34306.2   	34482.4   	34495.8   	808.445   	391.181   	158.235   	137.943   	153.849   
80.000000	34428.7   	34494.9   	34672.3   	34685.8   	812.875   	393.233   	159.099   	138.672   	154.7     
80.250000	34625.8   	34692.8   	34871.5   	34885.2   	817.512   	395.374   	160.003   	139.434   	155.592   
80.500000	34822.8   	34890.8   	35070.8   	35084.5   	822.148   	397.516   	160.907   	140.196   	156.485   
80.750000	35019.9   	35088.7   	35270     	35283.9   	826.785   	399.658   	161.812   	140.957   	157.377   
81.000000	35216.9   	35286.7   	35469.3   	35483.2   	831.421   	401.799   	162.716   	141.719   	158.27    
81.250000	35414     	35484.6   	35668.5   	35682.6   	836.058   	403.941   	163.62    	142.481   	159.163   
81.500000	35611.1   	35682.6   	35867.7   	35881.9   	840.694   	406.083   	164.524   	143.242   	160.055   
81.750000	35808.1   	35880.6   	36067     	36081.3   	845.331   	408.224   	165.428   	144.004   	160.948   
82.000000	36005.2   	36078.5   	36266.2   	36280.6   	849.967   	410.366   	166.333   	144.766   	161.84    
82.250000	36202.2   	36276.5   	36465.5   	36480     	854.604   	412.507   	167.237   	145.528   	162.733   
82.500000	36399.3   	36474.4   	36664.7   	36679.3   	859.24    	414.649   	168.141   	146.289   	163.625   
82.750000	36596.3   	36672.4   	36864     	36878.6   	863.877   	416.791   	169.045   	147.051   	164.518   
83.000000	36793.4   	36870.3   	37063.2   	37078     	868.513   	418.932   	169.949   	147.813   	165.41    
83.250000	36990.4   	37068.3   	37262.5   	37277.3   	873.15    	421.074   	170.854   	148.574   	166.303   
83.500000	37187.5   	37266.3   	37461.7   	37476.7   	877.786   	423.215   	171.758   	149.336   	167.195   
83.750000	37384.6   	37464.2   	37661     	37676     	882.423   	425.357   	172.662   	150.098   	168.088   
84.000000	37581.6   	37662.2   	37860.2   	37875.4   	887.059   	427.499   	173.566   	150.859   	168.98    
84.250000	37778.7   	37860.1   	38059.4   	38074.7   	891.696   	429.64    	174.47    	151.621   	169.873   
84.500000	37975.7   	38058.1   	38258.7   	38274.1   	896.332   	431.782   	175.375   	152.383   	170.766   
84.750000	38172.8   	38256     	38457.9   	38473.4   	900.969   	433.924   	176.279   	153.144   	171.658   
85.000000	38369.8   	38454     	38657.2   	38672.8   	905.605   	436.065   	177.183   	153.906   	172.551   
85.250000	38575.9   	38661     	38865.6   	38881.3   	910.442   	438.293   	178.126   	154.699   	173.484   
85.500000	38781.9   	38868     	39074     	39089.8   	915.278   	440.52    	179.07    	155.492   	174.418   
85.750000	38988     	39075.1   	39282.4   	39298.3   	920.115   	442.747   	180.013   	156.285   	175.351   
86.000000	39194     	39282.1   	39490.7   	39506.8   	924.951   	444.975   	180.957   	157.078   	176.284   
86.250000	39400.1   	39489.1   	39699.1   	39715.2   	929.787   	447.202   	181.9     	157.871   	177.218   
86.500000	39606.1   	39696.1   	39907.5   	39923.7   	934.624   	449.43    	182.844   	158.664   	178.151   
86.750000	39812.2   	39903.2   	40115.9   	40132.2   	939.46    	451.657   	183.787   	159.457   	179.085   
87.000000	40018.2   	40110.2   	40324.3   	40340.7   	944.296   	453.884   	184.731   	160.25    	180.018   
87.250000	40224.3   	40317.2   	40532.7   	40549.2   	949.133   	456.112   	185.674   	161.043   	180.952   
87.500000	40430.4   	40524.2   	40741.1   	40757.7   	953.969   	458.339   	186.618   	161.836   	181.885   
87.750000	40636.4   	40731.3   	40949.5   	40966.2   	958.806   	460.567   	187.561   	162.629   	182.819   
88.000000	40842.5   	40938.3   	41157.9   	41174.7   	963.642   	462.794   	188.505   	163.422   	183.752   
88.250000	41048.5   	41145.3   	41366.2   	41383.2   	968.478   	465.021   	189.448   	164.215   	184.686   
88.500000	41254.6   	41352.3   	41574.6   	41591.7   	973.315   	467.249   	190.392   	165.008   	185.619   
88.750000	41460.6   	41559.4   	41783     	41800.2   	978.151   	469.476   	191.335   	165.801   	186.553   
89.000000	41666.7   	41766.4   	41991.4   	42008.7   	982.988   	471.704   	192.279   	166.594   	187.486   
89.250000	41872.7   	41973.4   	42199.8   	42217.2   	987.824   	473.931   	193.222   	167.387   	188.42    
89.500000	42078.8   	42180.4   	42408.2   	42425.7   	992.66    	476.159   	194.166   	168.18    	189.353   
89.750000	42284.8   	42387.5   	42616.6   	42634.2   	997.497   	478.386   	195.109   	168.973   	190.287   
90.000000	42490.9   	42594.5   	42825     	42842.6   	1002.33   	480.613   	196.053   	169.766   	191.22    
90.250000	42705.8   	42810.4   	43042.3   	43060.1   	1007.36   	482.922   	197.034   	170.59    	192.193   
90.500000	42920.6   	43026.3   	43259.6   	43277.6   	1012.39   	485.231   	198.016   	171.413   	193.167   
90.750000	43135.5   	43242.2   	43477     	43495     	1017.42   	487.54    	198.997   	172.236   	194.14    
91.000000	43350.4   	43458.1   	43694.3   	43712.5   	1022.45   	489.849   	199.979   	173.06    	195.114   
91.250000	43565.3   	43674     	43911.6   	43929.9   	1027.48   	492.158   	200.96    	173.883   	196.087   
91.500000	43780.1   	43889.9   	44128.9   	44147.4   	1032.51   	494.467   	201.942   	174.707   	197.06    
91.750000	43995     	44105.8   	44346.3   	44364.8   	1037.54   	496.776   	202.923   	175.53    	198.034   
92.000000	44209.9   	44321.7   	44563.6   	44582.3   	1042.56   	499.085   	203.905   	176.353   	199.007   
92.250000	44424.8   	44537.6   	44780.9   	44799.7   	1047.59   	501.395   	204.887   	177.177   	199.981   
92.500000	44639.6   	44753.5   	44998.3   	45017.2   	1052.62   	503.704   	205.868   	178       	200.954   
92.750000	44854.5   	44969.4   	45215.6   	45234.6   	1057.65   	506.013   	206.85    	178.824   	201.927   
93.000000	45069.4   	45185.3   	45432.9   	45452.1   	1062.68   	508.322   	207.831   	179.647   	202.901   
93.250000	45284.2   	45401.2   	45650.2   	45669.5   	1067.71   	510.631   	208.813   	180.47    	203.874   
93.500000	45499.1   	45617.1   	45867.6   	45887     	1072.74   	512.94    	209.794   	181.294   	204.848   
93.750000	45714     	45833     	46084.9   	46104.4   	1077.77   	515.249   	210.776   	182.117   	205.821   
94.000000	45928.9   	46048.9   	46302.2   	46321.9   	1082.8    	517.558   	211.758   	182.94    	206.794   
94.250000	46143.7   	46264.8   	46519.6   	46539.4   	1087.82   	519.867   	212.739   	183.764   	207.768   
94.500000	46358.6   	46480.7   	46736.9   	46756.8   	1092.85   	522.176   	213.721   	184.587   	208.741   
94.750000	46573.5   	46696.6   	46954.2   	46974.3   	1097.88   	524.485   	214.702   	185.411   	209.715   
95.000000	46788.4   	46912.5   	47171.6   	47191.7   	1102.91   	526.794   	215.684   	186.234   	210.688   
95.250000	47011.9   	47137.1   	47397.6   	47417.9   	1108.13   	529.182   	216.702   	187.087   	211.7     
95.500000	47235.4   	47361.7   	47623.7   	47644.2   	1113.34   	531.571   	217.721   	187.94    	212.713   
95.750000	47459     	47586.3   	47849.8   	47870.4   	1118.56   	533.96    	218.74    	188.793   	213.725   
96.000000	47682.5   	47810.9   	48075.9   	48096.6   	1123.77   	536.349   	219.758   	189.646   	214.738   
96.250000	47906     	48035.4   	48302     	48322.9   	1128.99   	538.738   	220.777   	190.499   	215.75    
96.500000	48129.6   	48260     	48528.1   	48549.1   	1134.21   	541.126   	221.795   	191.352   	216.763   
96.750000	48353.1   	48484.6   	48754.2   	48775.3   	1139.42   	543.515   	222.814   	192.205   	217.775   
97.000000	48576.6   	48709.2   	48980.3   	49001.6   	1144.64   	545.904   	223.833   	193.058   	218.788   
97.250000	48800.1   	48933.8   	49206.4   	49227.8   	1149.85   	548.293   	224.851   	193.911   	219.8     
97.500000	49023.7   	49158.4   	49432.5   	49454     	1155.07   	550.681   	225.87    	194.764   	220.813   
97.750000	49247.2   	49383     	49658.5   	49680.3   	1160.28   	553.07    	226.888   	195.617   	221.825   
98.000000	49470.7   	49607.6   	49884.6   	49906.5   	1165.5    	555.459   	227.907   	196.47    	222.837   
98.250000	49694.3   	49832.2   	50110.7   	50132.8   	1170.72   	557.848   	228.926   	197.323   	223.85    
98.500000	49917.8   	50056.8   	50336.8   	50359     	1175.93   	560.237   	229.944   	198.176   	224.862   
98.750000	50141.3   	50281.4   	50562.9   	50585.2   	1181.15   	562.625   	230.963   	199.029   	225.875   
99.000000	50364.9   	50506     	50789     	50811.5   	1186.36   	565.014   	231.981   	199.882   	226.887   
99.250000	50588.4   	50730.6   	51015.1   	51037.7   	1191.58   	567.403   	233       	200.735   	227.9     
99.500000	50811.9   	50955.1   	51241.2   	51263.9   	1196.79   	569.792   	234.019   	201.588   	228.912   
99.750000	51035.4   	51179.7   	51467.3   	51490.2   	1202.01   	572.18    	235.037   	202.441   	229.925   
100.000000	51259     	51404.3   	51693.4   	51716.4   	1207.23   	574.569   	236.056   	203.294   	230.937   
100.250000	51491     	51637.4   	51928     	51951.2   	1212.62   	577.038   	237.11    	204.176   	231.988   
100.500000	51723     	51870.6   	52162.7   	52186.1   	1218.02   	579.506   	238.165   	205.058   	233.039   
100.750000	51955.1   	52103.7   	52397.4   	52420.9   	1223.42   	581.975   	239.22    	205.94    	234.089   
101.000000	52187.1   	52336.8   	52632.1   	52655.8   	1228.82   	584.444   	240.275   	206.822   	235.14    
101.250000	52419.1   	52569.9   	52866.8   	52890.6   	1234.22   	586.912   	241.329   	207.704   	236.191   
101.500000	52651.1   	52803     	53101.5   	53125.4   	1239.61   	589.381   	242.384   	208.585   	237.242   
101.750000	52883.2   	53036.1   	53336.2   	53360.3   	1245.01   	591.85    	243.439   	209.467   	238.292   
102.000000	53115.2   	53269.2   	53570.9   	53595.1   	1250.41   	594.318   	244.493   	210.349   	239.343   
102.250000	53347.2   	53502.3   	53805.6   	53830     	1255.81   	596.787   	245.548   	211.231   	240.394   
102.500000	53579.2   	53735.4   	54040.3   	54064.8   	1261.21   	599.255   	246.603   	212.113   	241.445   
102.750000	53811.3   	53968.5   	54275     	54299.6   	1266.6    	601.724   	247.657   	212.995   	242.495   
103.000000	54043.3   	54201.6   	54509.7   	54534.5   	1272      	604.193   	248.712   	213.877   	243.546   
103.250000	54275.3   	54434.7   	54744.4   	54769.3   	1277.4    	606.661   	249.767   	214.759   	244.597   
103.500000	54507.4   	54667.9   	54979.1   	55004.2   	1282.8    	609.13    	250.822   	215.641   	245.648   
103.750000	54739.4   	54901     	55213.8   	55239     	1288.2    	611.599   	251.876   	216.523   	246.698   
104.000000	54971.4   	55134.1   	55448.5   	55473.9   	1293.59   	614.067   	252.931   	217.405   	247.749   
104.250000	55203.4   	55367.2   	55683.2   	55708.7   	1298.99   	616.536   	253.986   	218.287   	248.8     
104.500000	55435.5   	55600.3   	55917.9   	55943.5   	1304.39   	619.005   	255.04    	219.168   	249.851   
104.750000	55667.5   	55833.4   	56152.6   	56178.4   	1309.79   	621.473   	256.095   	220.05    	250.901   
105.000000	55899.5   	56066.5   	56387.3   	56413.2   	1315.19   	623.942   	257.15    	220.932   	251.952   
105.250000	56139.9   	56308     	56630.4   	56656.5   	1320.76   	626.488   	258.24    	221.842   	253.04    
105.500000	56380.3   	56549.4   	56873.5   	56899.8   	1326.34   	629.034   	259.329   	222.752   	254.129   
105.750000	56620.6   	56790.9   	57116.7   	57143.1   	1331.91   	631.581   	260.419   	223.663   	255.217   
106.000000	56861     	57032.3   	57359.8   	57386.4   	1337.48   	634.127   	261.509   	224.573   	256.305   
106.250000	57101.4   	57273.8   	57602.9   	57629.6   	1343.06   	636.673   	262.599   	225.483   	257.393   
106.500000	57341.8   	57515.2   	57846.1   	57872.9   	1348.63   	639.22    	263.689   	226.393   	258.482   
106.750000	57582.1   	57756.7   	58089.2   	58116.2   	1354.21   	641.766   	264.779   	227.303   	259.57    
107.000000	57822.5   	57998.1   	58332.3   	58359.5   	1359.78   	644.312   	265.868   	228.213   	260.658   
107.250000	58062.9   	58239.6   	58575.5   	58602.8   	1365.36   	646.859   	266.958   	229.123   	261.746   
107.500000	58303.3   	58481     	58818.6   	58846.1   	1370.93   	649.405   	268.048   	230.033   	262.835   
107.750000	58543.6   	58722.5   	59061.7   	59089.4   	1376.51   	651.951   	269.138   	230.943   	263.923   
108.000000	58784     	58964     	59304.9   	59332.6   	1382.08   	654.498   	270.228   	231.854   	265.011   
108.250000	59024.4   	59205.4   	59548     	59575.9   	1387.66   	657.044   	271.318   	232.764   	266.099   
108.500000	59264.7   	59446.9   	59791.1   	59819.2   	1393.23   	659.59    	272.407   	233.674   	267.188   
108.750000	59505.1   	59688.3   	60034.3   	60062.5   	1398.81   	662.137   	273.497   	234.584   	268.276   
109.000000	59745.5   	59929.8   	60277.4   	60305.8   	1404.38   	664.683   	274.587   	235.494   	269.364   
109.250000	59985.9   	60171.2   	60520.5   	60549.1   	1409.95   	667.229   	275.677   	236.404   	270.452   
109.500000	60226.2   	60412.7   	60763.7   	60792.3   	1415.53   	669.776   	276.767   	237.314   	271.541   
109.750000	60466.6   	60654.1   	61006.8   	61035.6   	1421.1    	672.322   	277.857   	238.224   	272.629   
110.000000	60707     	60895.6   	61249.9   	61278.9   	1426.68   	674.868   	278.946   	239.134   	273.717   
110.250000	60955.6   	61145.2   	61501.3   	61530.5   	1432.42   	677.49    	280.07    	240.072   	274.842   
110.500000	61204.1   	61394.9   	61752.8   	61782     	1438.17   	680.111   	281.194   	241.01    	275.967   
110.750000	61452.7   	61644.5   	62004.2   	62033.6   	1443.92   	682.733   	282.318   	241.947   	277.092   
111.000000	61701.3   	61894.1   	62255.6   	62285.2   	1449.66   	685.355   	283.442   	242.885   	278.217   
111.250000	61949.9   	62143.8   	62507     	62536.7   	1455.41   	687.976   	284.566   	243.822   	279.342   
111.500000	62198.4   	62393.4   	62758.4   	62788.3   	1461.15   	690.598   	285.69    	244.76    	280.467   
111.750000	62447     	62643.1   	63009.8   	63039.9   	1466.9    	693.22    	286.815   	245.698   	281.592   
112.000000	62695.6   	62892.7   	63261.2   	63291.4   	1472.65   	695.841   	287.939   	246.635   	282.717   
112.250000	62944.2   	63142.3   	63512.6   	63543     	1478.39   	698.463   	289.063   	247.573   	283.842   
112.500000	63192.7   	63392     	63764     	63794.6   	1484.14   	701.084   	290.187   	248.51    	284.966   
112.750000	63441.3   	63641.6   	64015.5   	64046.1   	1489.88   	703.706   	291.311   	249.448   	286.091   
113.000000	63689.9   	63891.2   	64266.9   	64297.7   	1495.63   	706.328   	292.435   	250.386   	287.216   
113.250000	63938.5   	64140.9   	64518.3   	64549.3   	1501.38   	708.949   	293.559   	251.323   	288.341   
113.500000	64187     	64390.5   	64769.7   	64800.8   	1507.12   	711.571   	294.683   	252.261   	289.466   
113.750000	64435.6   	64640.1   	65021.1   	65052.4   	1512.87   	714.193   	295.807   	253.198   	290.591   
114.000000	64684.2   	64889.8   	65272.5   	65304     	1518.61   	716.814   	296.931   	254.136   	291.716   
114.250000	64932.8   	65139.4   	65523.9   	65555.5   	1524.36   	719.436   	298.055   	255.074   	292.841   
114.500000	65181.3   	65389.1   	65775.3   	65807.1   	1530.11   	722.057   	299.179   	256.011   	293.966   
114.750000	65429.9   	65638.7   	66026.7   	66058.6   	1535.85   	724.679   	300.303   	256.949   	295.091   
115.000000	65678.5   	65888.3   	66278.1   	66310.2   	1541.6    	727.301   	301.427   	257.886   	296.216   
115.250000	65935.1   	66146     	66537.7   	66569.9   	1547.51   	729.994   	302.584   	258.851   	297.377   
115.500000	66191.8   	66403.7   	66797.2   	66829.6   	1553.42   	732.687   	303.741   	259.815   	298.538   
115.750000	66448.4   	66661.3   	67056.7   	67089.3   	1559.33   	735.38    	304.899   	260.78    	299.698   
116.000000	66705     	66919     	67316.3   	67349     	1565.25   	738.073   	306.056   	261.744   	300.859   
116.250000	66961.7   	67176.6   	67575.8   	67608.7   	1571.16   	740.766   	307.213   	262.709   	302.02    
116.500000	67218.3   	67434.3   	67835.3   	67868.4   	1577.07   	743.46    	308.37    	263.673   	303.181   
116.750000	67474.9   	67692     	68094.9   	68128.1   	1582.98   	746.153   	309.528   	264.637   	304.342   
117.000000	67731.6   	67949.6   	68354.4   	68387.7   	1588.9    	748.846   	310.685   	265.602   	305.503   
117.250000	67988.2   	68207.3   	68613.9   	68647.4   	1594.81   	751.539   	311.842   	266.566   	306.664   
117.500000	68244.9   	68464.9   	68873.5   	68907.1   	1600.72   	754.232   	312.999   	267.531   	307.824   
117.750000	68501.5   	68722.6   	69133     	69166.8   	1606.63   	756.925   	314.157   	268.495   	308.985   
118.000000	68758.1   	68980.3   	69392.5   	69426.5   	1612.54   	759.618   	315.314   	269.459   	310.146   
118.250000	69014.8   	69237.9   	69652.1   	69686.2   	1618.46   	762.312   	316.471   	270.424   	311.307   
118.500000	69271.4   	69495.6   	69911.6   	69945.9   	1624.37   	765.005   	317.629   	271.388   	312.468   
118.750000	69528     	69753.2   	70171.1   	70205.6   	1630.28   	767.698   	318.786   	272.353   	313.629   
119.000000	69784.7   	70010.9   	70430.7   	70465.3   	1636.19   	770.391   	319.943   	273.317   	314.79    
119.250000	70041.3   	70268.6   	70690.2   	70725     	1642.11   	773.084   	321.1     	274.281   	315.95    
119.500000	70298     	70526.2   	70949.7   	70984.7   	1648.02   	775.777   	322.258   	275.246   	317.111   
119.750000	70554.6   	70783.9   	71209.3   	71244.4   	1653.93   	778.471   	323.415   	276.21    	318.272   
120.000000	70811.2   	71041.5   	71468.8   	71504     	1659.84   	781.164   	324.572   	277.175   	319.433   
120.250000	71075.8   	71307.1   	71736.3   	71771.7   	1665.92   	783.927   	325.762   	278.165   	320.629   
120.500000	71340.4   	71572.6   	72003.8   	72039.4   	1671.99   	786.69    	326.952   	279.156   	321.825   
120.750000	71604.9   	71838.1   	72271.3   	72307.1   	1678.06   	789.453   	328.141   	280.147   	323.021   
121.000000	71869.5   	72103.7   	72538.8   	72574.7   	1684.14   	792.216   	329.331   	281.137   	324.217   
121.250000	72134.1   	72369.2   	72806.3   	72842.4   	1690.21   	794.979   	330.521   	282.128   	325.413   
121.500000	72398.6   	72634.7   	73073.8   	73110.1   	1696.28   	797.742   	331.71    	283.118   	326.609   
121.750000	72663.2   	72900.3   	73341.3   	73377.7   	1702.36   	800.505   	332.9     	284.109   	327.806   
122.000000	72927.8   	73165.8   	73608.8   	73645.4   	1708.43   	803.268   	334.09    	285.1     	329.002   
122.250000	73192.3   	73431.3   	73876.3   	73913.1   	1714.5    	806.031   	335.279   	286.09    	330.198   
122.500000	73456.9   	73696.9   	74143.8   	74180.7   	1720.58   	808.794   	336.469   	287.081   	331.394   
122.750000	73721.5   	73962.4   	74411.3   	74448.4   	1726.65   	811.557   	337.659   	288.071   	332.59    
123.000000	73986.1   	74227.9   	74678.8   	74716.1   	1732.72   	814.32    	338.848   	289.062   	333.786   
123.250000	74250.6   	74493.5   	74946.3   	74983.7   	1738.8    	817.083   	340.038   	290.053   	334.982   
123.500000	74515.2   	74759     	75213.9   	75251.4   	1744.87   	819.846   	341.228   	291.043   	336.178   
123.750000	74779.8   	75024.5   	75481.4   	75519.1   	1750.94   	822.609   	342.417   	292.034   	337.374   
124.000000	75044.3   	75290.1   	75748.9   	75786.7   	1757.02   	825.372   	343.607   	293.025   	338.57    
124.250000	75308.9   	75555.6   	76016.4   	76054.4   	1763.09   	828.135   	344.797   	294.015   	339.766   
124.500000	75573.5   	75821.1   	76283.9   	76322.1   	1769.16   	830.898   	345.986   	295.006   	340.962   
124.750000	75838     	76086.6   	76551.4   	76589.7   	1775.24   	833.661   	347.176   	295.996   	342.158   
125.000000	76102.6   	76352.2   	76818.9   	76857.4   	1781.31   	836.424   	348.366   	296.987   	343.354   
125.250000	76375     	76625.4   	77094.2   	77132.9   	1787.54   	839.257   	349.587   	298.003   	344.585   
125.500000	76647.3   	76898.7   	77369.5   	77408.4   	1793.77   	842.09    	350.808   	299.019   	345.815   
125.750000	76919.7   	77171.9   	77644.9   	77683.9   	1800      	844.924   	352.029   	300.035   	347.046   
126.000000	77192.1   	77445.2   	77920.2   	77959.4   	1806.23   	847.757   	353.25    	301.052   	348.276   
126.250000	77464.4   	77718.5   	78195.5   	78234.9   	1812.46   	850.59    	354.471   	302.068   	349.507   
126.500000	77736.8   	77991.7   	78470.9   	78510.4   	1818.69   	853.424   	355.693   	303.084   	350.737   
126.750000	78009.2   	78265     	78746.2   	78785.9   	1824.92   	856.257   	356.914   	304.1     	351.968   
127.000000	78281.6   	78538.2   	79021.5   	79061.4   	1831.15   	859.09    	358.135   	305.116   	353.198   
127.250000	78553.9   	78811.5   	79296.8   	79336.9   	1837.38   	861.924   	359.356   	306.132   	354.429   
127.500000	78826.3   	79084.7   	79572.2   	79612.4   	1843.61   	864.757   	360.577   	307.148   	355.659   
127.750000	79098.7   	79358     	79847.5   	79887.9   	1849.84   	867.591   	361.798   	308.164   	356.89    
128.000000	79371     	79631.2   	80122.8   	80163.4   	1856.07   	870.424   	363.019   	309.181   	358.12    
128.250000	79643.4   	79904.5   	80398.2   	80438.9   	1862.3    	873.257   	364.241   	310.197   	359.351   
128.500000	79915.8   	80177.7   	80673.5   	80714.4   	1868.53   	876.091   	365.462   	311.213   	360.581   
128.750000	80188.2   	80451     	80948.8   	80989.9   	1874.76   	878.924   	366.683   	312.229   	361.812   
129.000000	80460.5   	80724.3   	81224.2   	81265.4   	1880.99   	881.757   	367.904   	313.245   	363.042   
129.250000	80732.9   	80997.5   	81499.5   	81540.9   	1887.22   	884.591   	369.125   	314.261   	364.273   
129.500000	81005.3   	81270.8   	81774.8   	81816.4   	1893.45   	887.424   	370.346   	315.277   	365.503   
129.750000	81277.6   	81544     	82050.1   	82091.9   	1899.68   	890.257   	371.568   	316.294   	366.734   
130.000000	81550     	81817.3   	82325.5   	82367.4   	1905.91   	893.091   	372.789   	317.31    	367.964   
130.250000	81830.1   	82098.1   	82608.5   	82650.5   	1912.29   	895.993   	374.041   	318.351   	369.229   
130.500000	82110.1   	82378.9   	82891.5   	82933.7   	1918.67   	898.894   	375.292   	319.392   	370.493   
130.750000	82390.2   	82659.8   	83174.5   	83216.9   	1925.05   	901.796   	376.544   	320.433   	371.757   
131.000000	82670.2   	82940.6   	83457.5   	83500.1   	1931.43   	904.698   	377.796   	321.474   	373.021   
131.250000	82950.3   	83221.4   	83740.6   	83783.3   	1937.81   	907.6     	379.048   	322.515   	374.286   
131.500000	83230.3   	83502.3   	84023.6   	84066.5   	1944.2    	910.502   	380.3     	323.556   	375.55    
131.750000	83510.4   	83783.1   	84306.6   	84349.7   	1950.58   	913.404   	381.552   	324.598   	376.814   
132.000000	83790.4   	84064     	84589.6   	84632.9   	1956.96   	916.305   	382.804   	325.639   	378.079   
132.250000	84070.5   	84344.8   	84872.6   	84916     	1963.34   	919.207   	384.056   	326.68    	379.343   
132.500000	84350.5   	84625.6   	85155.6   	85199.2   	1969.72   	922.109   	385.308   	327.721   	380.607   
132.750000	84630.6   	84906.5   	85438.7   	85482.4   	1976.11   	925.011   	386.559   	328.762   	381.871   
133.000000	84910.6   	85187.3   	85721.7   	85765.6   	1982.49   	927.913   	387.811   	329.803   	383.136   
133.250000	85190.7   	85468.1   	86004.7   	86048.8   	1988.87   	930.815   	389.063   	330.844   	384.4     
133.500000	85470.7   	85749     	86287.7   	86332     	1995.25   	933.716   	390.315   	331.885   	385.664   
133.750000	85750.8   	86029.8   	86570.7   	86615.2   	2001.63   	936.618   	391.567   	332.927   	386.929   
134.000000	86030.8   	86310.6   	86853.8   	86898.4   	2008.01   	939.52    	392.819   	333.968   	388.193   
134.250000	86310.9   	86591.5   	87136.8   	87181.5   	2014.4    	942.422   	394.071   	335.009   	389.457   
134.500000	86590.9   	86872.3   	87419.8   	87464.7   	2020.78   	945.324   	395.323   	336.05    	390.722   
134.750000	86871     	87153.1   	87702.8   	87747.9   	2027.16   	948.226   	396.575   	337.091   	391.986   
135.000000	87151     	87434     	87985.8   	88031.1   	2033.54   	951.127   	397.826   	338.132   	393.25    
135.250000	87438.6   	87722.2   	88276.4   	88321.8   	2040.07   	954.094   	399.108   	339.198   	394.547   
135.500000	87726.3   	88010.5   	88566.9   	88612.6   	2046.6    	957.061   	400.39    	340.263   	395.845   
135.750000	88013.9   	88298.8   	88857.5   	88903.3   	2053.13   	960.028   	401.671   	341.328   	397.142   
136.000000	88301.5   	88587.1   	89148.1   	89194.1   	2059.66   	962.994   	402.953   	342.394   	398.439   
136.250000	88589.1   	88875.4   	89438.6   	89484.8   	2066.18   	965.961   	404.235   	343.459   	399.737   
136.500000	88876.7   	89163.6   	89729.2   	89775.5   	2072.71   	968.928   	405.516   	344.525   	401.034   
136.750000	89164.3   	89451.9   	90019.7   	90066.3   	2079.24   	971.895   	406.798   	345.59    	402.331   
137.000000	89451.9   	89740.2   	90310.3   	90357     	2085.77   	974.861   	408.08    	346.656   	403.629   
137.250000	89739.5   	90028.5   	90600.9   	90647.8   	2092.3    	977.828   	409.362   	347.721   	404.926   
137.500000	90027.2   	90316.7   	90891.4   	90938.5   	2098.83   	980.795   	410.643   	348.786   	406.223   
137.750000	90314.8   	90605     	91182     	91229.2   	2105.36   	983.762   	411.925   	349.852   	407.52    
138.000000	90602.4   	90893.3   	91472.5   	91520     	2111.89   	986.729   	413.207   	350.917   	408.818   
138.250000	90890     	91181.6   	91763.1   	91810.7   	2118.41   	989.695   	414.488   	351.983   	410.115   
138.500000	91177.6   	91469.8   	92053.7   	92101.4   	2124.94   	992.662   	415.77    	353.048   	411.412   
138.750000	91465.2   	91758.1   	92344.2   	92392.2   	2131.47   	995.629   	417.052   	354.114   	412.71    
139.000000	91752.8   	92046.4   	92634.8   	92682.9   	2138      	998.596   	418.333   	355.179   	414.007   
139.250000	92040.4   	92334.7   	92925.4   	92973.7   	2144.53   	1001.56   	419.615   	356.244   	415.304   
139.500000	92328.1   	92622.9   	93215.9   	93264.4   	2151.06   	1004.53   	420.897   	357.31    	416.601   
139.750000	92615.7   	92911.2   	93506.5   	93555.1   	2157.59   	1007.5    	422.178   	358.375   	417.899   
140.000000	92903.3   	93199.5   	93797     	93845.9   	2164.12   	1010.46   	423.46    	359.441   	419.196   
140.250000	93198.3   	93495.1   	94095     	94144     	2170.79   	1013.49   	424.771   	360.53    	420.526   
140.500000	93493.4   	93790.7   	94392.9   	94442.2   	2177.46   	1016.52   	426.081   	361.619   	421.855   
140.750000	93788.5   	94086.2   	94690.9   	94740.4   	2184.13   	1019.55   	427.392   	362.708   	423.185   
141.000000	94083.5   	94381.8   	94988.8   	95038.5   	2190.8    	1022.58   	428.702   	363.797   	424.514   
141.250000	94378.6   	94677.4   	95286.8   	95336.7   	2197.47   	1025.61   	430.013   	364.886   	425.844   
141.500000	94673.6   	94973     	95584.7   	95634.8   	2204.14   	1028.64   	431.324   	365.975   	427.173   
141.750000	94968.7   	95268.6   	95882.7   	95933     	2210.81   	1031.67   	432.634   	367.065   	428.503   
142.000000	95263.8   	95564.1   	96180.6   	96231.1   	2217.48   	1034.7    	433.945   	368.154   	429.832   
142.250000	95558.8   	95859.7   	96478.6   	96529.3   	2224.15   	1037.73   	435.256   	369.243   	431.162   
142.500000	95853.9   	96155.3   	96776.5   	96827.5   	2230.81   	1040.76   	436.566   	370.332   	432.491   
142.750000	96148.9   	96450.9   	97074.5   	97125.6   	2237.48   	1043.79   	437.877   	371.421   	433.821   
143.000000	96444     	96746.5   	97372.4   	97423.8   	2244.15   	1046.82   	439.187   	372.51    	435.151   
143.250000	96739.1   	97042.1   	97670.4   	97721.9   	2250.82   	1049.85   	440.498   	373.599   	436.48    
143.500000	97034.1   	97337.6   	97968.3   	98020.1   	2257.49   	1052.88   	441.809   	374.688   	437.81    
