Energy (MeV/u)	0 - [He-base] F.Hubert et al, AD&ND Tables 46(1990)1	1 - [H -base] J.F.Ziegler et al, Pergamon Press, NY (low energy)	2 - ATIMA 1.2  LS-theory (recommended for high energy)	3 - ATIMA 1.2  without LS-correction	4 - Range straggling - method [0] - LISE	5 - Range straggling - method [1] - Atima	6 - Lateral range - method [0] - LISE	7 - Lateral range - method [1] - Atima	8 - Lateral range - method [2] - PDG
10.000000	627.325   	626.959   	630.136   	630.136   	12.2971   	7.43787   	11.6131   	11.1351   	11.7483   
10.250000	654.185   	653.44    	657.224   	657.223   	12.8253   	7.73045   	12.0905   	11.5684   	12.232    
10.500000	681.044   	679.922   	684.311   	684.311   	13.3534   	8.02302   	12.5679   	12.0018   	12.7158   
10.750000	707.904   	706.403   	711.399   	711.398   	13.8815   	8.3156    	13.0453   	12.4351   	13.1996   
11.000000	734.763   	732.884   	738.487   	738.486   	14.4096   	8.60818   	13.5227   	12.8685   	13.6834   
11.250000	763.403   	760.924   	767.301   	767.3     	14.9694   	8.92049   	14.0275   	13.3236   	14.1951   
11.500000	792.043   	788.964   	796.116   	796.114   	15.5293   	9.2328    	14.5323   	13.7787   	14.7068   
11.750000	820.684   	817.004   	824.93    	824.927   	16.0891   	9.54512   	15.0371   	14.2338   	15.2185   
12.000000	849.324   	845.044   	853.745   	853.741   	16.6489   	9.85743   	15.5419   	14.6889   	15.7302   
12.250000	879.711   	874.644   	884.248   	884.244   	17.24     	10.1888   	16.0733   	15.165    	16.2689   
12.500000	910.099   	904.243   	914.75    	914.746   	17.831    	10.5202   	16.6047   	15.6411   	16.8076   
12.750000	940.487   	933.843   	945.253   	945.248   	18.4221   	10.8515   	17.1361   	16.1172   	17.3464   
13.000000	970.874   	963.442   	975.756   	975.75    	19.0131   	11.1829   	17.6675   	16.5933   	17.8851   
13.250000	1002.98   	994.598   	1007.91   	1007.91   	19.6348   	11.5316   	18.2249   	17.0898   	18.4501   
13.500000	1035.08   	1025.75   	1040.07   	1040.06   	20.2565   	11.8804   	18.7822   	17.5862   	19.0152   
13.750000	1067.19   	1056.91   	1072.23   	1072.22   	20.8783   	12.2291   	19.3396   	18.0826   	19.5802   
14.000000	1099.29   	1088.06   	1104.38   	1104.37   	21.5      	12.5778   	19.897    	18.5791   	20.1452   
14.250000	1133.08   	1120.77   	1138.16   	1138.15   	22.1519   	12.9429   	20.4797   	19.0953   	20.736    
14.500000	1166.87   	1153.47   	1171.94   	1171.93   	22.8038   	13.308    	21.0625   	19.6115   	21.3269   
14.750000	1200.67   	1186.18   	1205.72   	1205.71   	23.4557   	13.6731   	21.6452   	20.1277   	21.9177   
15.000000	1234.46   	1218.89   	1239.5    	1239.49   	24.1077   	14.0382   	22.228    	20.644    	22.5085   
15.250000	1269.91   	1253.13   	1274.87   	1274.86   	24.7893   	14.4188   	22.8355   	21.1796   	23.1246   
15.500000	1305.37   	1287.38   	1310.24   	1310.23   	25.471    	14.7995   	23.443    	21.7152   	23.7408   
15.750000	1340.82   	1321.63   	1345.61   	1345.61   	26.1526   	15.1801   	24.0506   	22.2509   	24.3569   
16.000000	1376.27   	1355.87   	1380.99   	1380.98   	26.8343   	15.5607   	24.6581   	22.7865   	24.973    
16.250000	1413.37   	1391.65   	1417.93   	1417.92   	27.5451   	15.956    	25.29     	23.3409   	25.614    
16.500000	1450.46   	1427.43   	1454.86   	1454.86   	28.2559   	16.3512   	25.9219   	23.8953   	26.2549   
16.750000	1487.55   	1463.21   	1491.8    	1491.8    	28.9667   	16.7465   	26.5538   	24.4498   	26.8958   
17.000000	1524.64   	1498.99   	1528.74   	1528.74   	29.6775   	17.1417   	27.1857   	25.0042   	27.5368   
17.250000	1563.35   	1536.29   	1567.22   	1567.23   	30.417    	17.5509   	27.8415   	25.5772   	28.202    
17.500000	1602.05   	1573.59   	1605.7    	1605.71   	31.1565   	17.9601   	28.4973   	26.1502   	28.8672   
17.750000	1640.76   	1610.9    	1644.18   	1644.19   	31.896    	18.3693   	29.1531   	26.7231   	29.5325   
18.000000	1679.46   	1648.2    	1682.66   	1682.68   	32.6355   	18.7785   	29.809    	27.2961   	30.1977   
18.250000	1719.76   	1687.01   	1722.66   	1722.68   	33.4033   	19.2012   	30.4884   	27.8873   	30.8869   
18.500000	1760.06   	1725.83   	1762.66   	1762.69   	34.1711   	19.6239   	31.1678   	28.4785   	31.5761   
18.750000	1800.36   	1764.64   	1802.66   	1802.69   	34.9389   	20.0467   	31.8472   	29.0697   	32.2654   
19.000000	1840.66   	1803.46   	1842.66   	1842.69   	35.7068   	20.4694   	32.5266   	29.6608   	32.9546   
19.250000	1882.53   	1843.77   	1884.16   	1884.2    	36.5025   	20.9053   	33.2292   	30.2698   	33.6674   
19.500000	1924.4    	1884.09   	1925.66   	1925.7    	37.2983   	21.3411   	33.9318   	30.8787   	34.3803   
19.750000	1966.27   	1924.41   	1967.16   	1967.2    	38.094    	21.777    	34.6344   	31.4877   	35.0932   
20.000000	2008.14   	1964.72   	2008.65   	2008.7    	38.8897   	22.2129   	35.337    	32.0966   	35.8061   
20.250000	2051.56   	2006.53   	2051.63   	2051.69   	39.713    	22.6616   	36.0624   	32.7231   	36.5423   
20.500000	2094.99   	2048.34   	2094.61   	2094.67   	40.5362   	23.1102   	36.7878   	33.3497   	37.2784   
20.750000	2138.41   	2090.15   	2137.58   	2137.65   	41.3595   	23.5589   	37.5132   	33.9762   	38.0146   
21.000000	2181.84   	2131.96   	2180.56   	2180.63   	42.1828   	24.0075   	38.2386   	34.6027   	38.7508   
21.250000	2226.79   	2175.24   	2225      	2225.07   	43.0332   	24.4687   	38.9865   	35.2466   	39.51     
21.500000	2271.75   	2218.53   	2269.44   	2269.52   	43.8836   	24.9298   	39.7344   	35.8904   	40.2692   
21.750000	2316.71   	2261.82   	2313.87   	2313.96   	44.7341   	25.391    	40.4823   	36.5343   	41.0285   
22.000000	2361.67   	2305.11   	2358.31   	2358.4    	45.5845   	25.8522   	41.2303   	37.1781   	41.7877   
22.250000	2408.15   	2349.87   	2404.19   	2404.29   	46.4617   	26.3256   	42.0004   	37.8389   	42.5696   
22.500000	2454.62   	2394.63   	2450.07   	2450.17   	47.3389   	26.7989   	42.7706   	38.4997   	43.3516   
22.750000	2501.1    	2439.39   	2495.95   	2496.06   	48.2162   	27.2723   	43.5407   	39.1604   	44.1335   
23.000000	2547.57   	2484.15   	2541.83   	2541.94   	49.0934   	27.7457   	44.3109   	39.8212   	44.9155   
23.250000	2595.55   	2530.36   	2589.13   	2589.25   	49.9969   	28.2309   	45.1029   	40.4986   	45.7197   
23.500000	2643.53   	2576.58   	2636.43   	2636.56   	50.9004   	28.7161   	45.895    	41.1761   	46.524    
23.750000	2691.5    	2622.8    	2683.73   	2683.87   	51.804    	29.2013   	46.687    	41.8536   	47.3283   
24.000000	2739.48   	2669.02   	2731.03   	2731.18   	52.7075   	29.6865   	47.479    	42.5311   	48.1326   
24.250000	2788.94   	2716.69   	2779.74   	2779.9    	53.6368   	30.1831   	48.2926   	43.225    	48.9588   
24.500000	2838.4    	2764.36   	2828.45   	2828.62   	54.5662   	30.6797   	49.1062   	43.9189   	49.7851   
24.750000	2887.86   	2812.02   	2877.15   	2877.33   	55.4955   	31.1762   	49.9198   	44.6128   	50.6113   
25.000000	2937.32   	2859.69   	2925.86   	2926.05   	56.4248   	31.6728   	50.7334   	45.3067   	51.4376   
25.250000	2988.98   	2909.51   	2976.64   	2976.85   	57.3922   	32.1861   	51.5787   	46.0248   	52.2964   
25.500000	3040.63   	2959.34   	3027.42   	3027.65   	58.3597   	32.6993   	52.424    	46.7428   	53.1551   
25.750000	3092.29   	3009.16   	3078.2    	3078.45   	59.3271   	33.2126   	53.2693   	47.4608   	54.0139   
26.000000	3143.95   	3058.98   	3128.98   	3129.24   	60.2945   	33.7258   	54.1146   	48.1788   	54.8727   
26.250000	3195.61   	3108.8    	3179.76   	3180.04   	61.2619   	34.2391   	54.9599   	48.8968   	55.7314   
26.500000	3247.26   	3158.62   	3230.54   	3230.84   	62.2293   	34.7524   	55.8052   	49.6148   	56.5902   
26.750000	3298.92   	3208.44   	3281.32   	3281.64   	63.1967   	35.2656   	56.6505   	50.3328   	57.4489   
27.000000	3350.58   	3258.26   	3332.1    	3332.44   	64.1641   	35.7789   	57.4959   	51.0508   	58.3077   
27.250000	3405.11   	3310.92   	3385.6    	3385.96   	65.1815   	36.3143   	58.3826   	51.8004   	59.2091   
27.500000	3459.65   	3363.58   	3439.11   	3439.49   	66.1989   	36.8497   	59.2694   	52.5499   	60.1104   
27.750000	3514.19   	3416.24   	3492.61   	3493.01   	67.2163   	37.385    	60.1562   	53.2994   	61.0118   
28.000000	3568.73   	3468.9    	3546.11   	3546.53   	68.2336   	37.9204   	61.043    	54.0489   	61.9132   
28.250000	3623.26   	3521.56   	3599.62   	3600.06   	69.251    	38.4558   	61.9297   	54.7984   	62.8146   
28.500000	3677.8    	3574.22   	3653.12   	3653.58   	70.2684   	38.9912   	62.8165   	55.5479   	63.7159   
28.750000	3732.34   	3626.88   	3706.62   	3707.1    	71.2858   	39.5266   	63.7033   	56.2974   	64.6173   
29.000000	3786.88   	3679.54   	3760.13   	3760.63   	72.3032   	40.062    	64.5901   	57.0469   	65.5187   
29.250000	3844.24   	3735      	3816.31   	3816.84   	73.3703   	40.6193   	65.5178   	57.8275   	66.4621   
29.500000	3901.6    	3790.45   	3872.5    	3873.05   	74.4373   	41.1766   	66.4455   	58.608    	67.4056   
29.750000	3958.97   	3845.91   	3928.69   	3929.26   	75.5044   	41.7339   	67.3732   	59.3885   	68.349    
30.000000	4016.33   	3901.37   	3984.87   	3985.47   	76.5714   	42.2912   	68.3009   	60.169    	69.2925   
30.250000	4073.7    	3956.83   	4041.06   	4041.68   	77.6385   	42.8485   	69.2286   	60.9495   	70.2359   
30.500000	4131.06   	4012.28   	4097.25   	4097.89   	78.7055   	43.4058   	70.1563   	61.73     	71.1794   
30.750000	4188.42   	4067.74   	4153.43   	4154.1    	79.7726   	43.9631   	71.0841   	62.5105   	72.1228   
31.000000	4245.79   	4123.2    	4209.62   	4210.31   	80.8396   	44.5204   	72.0118   	63.291    	73.0663   
31.250000	4305.93   	4181.42   	4268.55   	4269.26   	81.9608   	45.1015   	72.9821   	64.1038   	74.0535   
31.500000	4366.07   	4239.64   	4327.47   	4328.21   	83.0819   	45.6826   	73.9524   	64.9165   	75.0407   
31.750000	4426.21   	4297.86   	4386.39   	4387.15   	84.2031   	46.2637   	74.9227   	65.7293   	76.028    
32.000000	4486.35   	4356.08   	4445.32   	4446.1    	85.3242   	46.8448   	75.893    	66.542    	77.0152   
32.250000	4546.49   	4414.29   	4504.24   	4505.05   	86.4454   	47.4259   	76.8633   	67.3548   	78.0024   
32.500000	4606.63   	4472.51   	4563.17   	4564      	87.5665   	48.007    	77.8336   	68.1675   	78.9897   
32.750000	4666.77   	4530.73   	4622.09   	4622.95   	88.6876   	48.5881   	78.8039   	68.9802   	79.9769   
33.000000	4726.91   	4588.95   	4681.02   	4681.9    	89.8088   	49.1692   	79.7743   	69.793    	80.9641   
33.250000	4789.78   	4649.89   	4742.65   	4743.56   	90.9836   	49.774    	80.7871   	70.6379   	81.9951   
33.500000	4852.65   	4710.84   	4804.29   	4805.22   	92.1584   	50.3788   	81.7999   	71.4829   	83.026    
33.750000	4915.52   	4771.78   	4865.93   	4866.89   	93.3331   	50.9835   	82.8127   	72.3278   	84.0569   
34.000000	4978.39   	4832.72   	4927.57   	4928.55   	94.5079   	51.5883   	83.8255   	73.1728   	85.0879   
34.250000	5041.26   	4893.66   	4989.2    	4990.21   	95.6827   	52.1931   	84.8384   	74.0177   	86.1188   
34.500000	5104.13   	4954.61   	5050.84   	5051.87   	96.8575   	52.7979   	85.8512   	74.8626   	87.1497   
34.750000	5167      	5015.55   	5112.48   	5113.53   	98.0323   	53.4026   	86.864    	75.7076   	88.1806   
35.000000	5229.87   	5076.49   	5174.12   	5175.19   	99.2071   	54.0074   	87.8768   	76.5525   	89.2116   
35.250000	5296.09   	5140.79   	5239.08   	5240.19   	100.447   	54.6408   	88.9419   	77.4369   	90.2964   
35.500000	5362.31   	5205.09   	5304.04   	5305.18   	101.686   	55.2742   	90.0069   	78.3213   	91.3812   
35.750000	5428.53   	5269.38   	5369.01   	5370.17   	102.926   	55.9076   	91.072    	79.2057   	92.4661   
36.000000	5494.74   	5333.68   	5433.97   	5435.17   	104.165   	56.541    	92.137    	80.0901   	93.5509   
36.250000	5560.96   	5397.97   	5498.94   	5500.16   	105.405   	57.1744   	93.2021   	80.9745   	94.6357   
36.500000	5627.18   	5462.27   	5563.9    	5565.15   	106.645   	57.8078   	94.2671   	81.8589   	95.7205   
36.750000	5693.4    	5526.57   	5628.87   	5630.15   	107.884   	58.4412   	95.3321   	82.7433   	96.8054   
37.000000	5759.61   	5590.86   	5693.83   	5695.14   	109.124   	59.0746   	96.3972   	83.6277   	97.8902   
37.250000	5825.83   	5655.16   	5758.79   	5760.13   	110.364   	59.708    	97.4622   	84.5121   	98.975    
37.500000	5892.05   	5719.46   	5823.76   	5825.13   	111.603   	60.3414   	98.5273   	85.3965   	100.06    
37.750000	5958.27   	5783.75   	5888.72   	5890.12   	112.843   	60.9748   	99.5923   	86.2809   	101.145   
38.000000	6024.48   	5848.05   	5953.69   	5955.11   	114.082   	61.6082   	100.657   	87.1653   	102.23    
38.250000	6094.63   	5916.3    	6022.56   	6024.03   	115.397   	62.274    	101.784   	88.096    	103.378   
38.500000	6164.79   	5984.55   	6091.44   	6092.94   	116.712   	62.9399   	102.91    	89.0268   	104.526   
38.750000	6234.94   	6052.81   	6160.31   	6161.86   	118.027   	63.6058   	104.036   	89.9575   	105.674   
39.000000	6305.09   	6121.06   	6229.18   	6230.77   	119.341   	64.2717   	105.163   	90.8883   	106.823   
39.250000	6375.24   	6189.31   	6298.06   	6299.69   	120.656   	64.9376   	106.289   	91.8191   	107.971   
39.500000	6445.39   	6257.57   	6366.93   	6368.61   	121.971   	65.6034   	107.416   	92.7498   	109.119   
39.750000	6515.55   	6325.82   	6435.81   	6437.52   	123.286   	66.2693   	108.542   	93.6806   	110.268   
40.000000	6585.7    	6394.07   	6504.68   	6506.44   	124.6     	66.9352   	109.668   	94.6113   	111.416   
40.250000	6655.85   	6462.32   	6573.55   	6575.35   	125.915   	67.6011   	110.795   	95.5421   	112.564   
40.500000	6726      	6530.58   	6642.43   	6644.27   	127.23    	68.267    	111.921   	96.4728   	113.713   
40.750000	6796.15   	6598.83   	6711.3    	6713.18   	128.545   	68.9329   	113.047   	97.4036   	114.861   
41.000000	6866.31   	6667.08   	6780.18   	6782.1    	129.859   	69.5987   	114.174   	98.3343   	116.009   
41.250000	6940.31   	6739.22   	6852.89   	6854.86   	131.247   	70.2963   	115.36    	99.3105   	117.22    
41.500000	7014.31   	6811.35   	6925.61   	6927.62   	132.636   	70.9939   	116.547   	100.287   	118.431   
41.750000	7088.31   	6883.49   	6998.33   	7000.37   	134.024   	71.6915   	117.734   	101.263   	119.642   
42.000000	7162.31   	6955.62   	7071.04   	7073.13   	135.412   	72.3891   	118.92    	102.239   	120.853   
42.250000	7236.31   	7027.76   	7143.76   	7145.89   	136.8     	73.0867   	120.107   	103.215   	122.063   
42.500000	7310.31   	7099.9    	7216.48   	7218.65   	138.189   	73.7843   	121.294   	104.191   	123.274   
42.750000	7384.31   	7172.03   	7289.19   	7291.41   	139.577   	74.4819   	122.48    	105.167   	124.485   
43.000000	7458.31   	7244.17   	7361.91   	7364.17   	140.965   	75.1795   	123.667   	106.143   	125.696   
43.250000	7532.31   	7316.3    	7434.62   	7436.93   	142.353   	75.8771   	124.853   	107.12    	126.907   
43.500000	7606.31   	7388.44   	7507.34   	7509.69   	143.741   	76.5747   	126.04    	108.096   	128.117   
43.750000	7680.31   	7460.57   	7580.06   	7582.44   	145.13    	77.2723   	127.227   	109.072   	129.328   
44.000000	7754.31   	7532.71   	7652.77   	7655.2    	146.518   	77.9699   	128.413   	110.048   	130.539   
44.250000	7832.07   	7608.66   	7729.26   	7731.73   	147.977   	78.6982   	129.659   	111.069   	131.811   
44.500000	7909.84   	7684.6    	7805.74   	7808.26   	149.437   	79.4265   	130.904   	112.089   	133.083   
44.750000	7987.61   	7760.55   	7882.22   	7884.79   	150.896   	80.1548   	132.15    	113.11    	134.355   
45.000000	8065.38   	7836.5    	7958.71   	7961.31   	152.356   	80.883    	133.396   	114.13    	135.627   
45.250000	8143.14   	7912.45   	8035.19   	8037.84   	153.815   	81.6113   	134.641   	115.151   	136.899   
45.500000	8220.91   	7988.4    	8111.68   	8114.37   	155.275   	82.3396   	135.887   	116.171   	138.171   
45.750000	8298.68   	8064.35   	8188.16   	8190.9    	156.734   	83.0679   	137.132   	117.192   	139.443   
46.000000	8376.45   	8140.29   	8264.64   	8267.43   	158.194   	83.7962   	138.378   	118.212   	140.715   
46.250000	8454.22   	8216.24   	8341.13   	8343.95   	159.654   	84.5245   	139.623   	119.233   	141.987   
46.500000	8531.98   	8292.19   	8417.61   	8420.48   	161.113   	85.2528   	140.869   	120.253   	143.259   
46.750000	8609.75   	8368.14   	8494.09   	8497.01   	162.573   	85.9811   	142.114   	121.274   	144.531   
47.000000	8687.52   	8444.09   	8570.58   	8573.54   	164.032   	86.7093   	143.36    	122.294   	145.803   
47.250000	8768.98   	8523.78   	8650.76   	8653.76   	165.561   	87.4675   	144.663   	123.358   	147.136   
47.500000	8850.44   	8603.47   	8730.94   	8733.99   	167.09    	88.2256   	145.966   	124.422   	148.468   
47.750000	8931.9    	8683.17   	8811.12   	8814.22   	168.619   	88.9837   	147.27    	125.486   	149.8     
48.000000	9013.36   	8762.86   	8891.31   	8894.45   	170.148   	89.7418   	148.573   	126.55    	151.132   
48.250000	9094.82   	8842.55   	8971.49   	8974.67   	171.677   	90.4999   	149.876   	127.613   	152.464   
48.500000	9176.28   	8922.25   	9051.67   	9054.9    	173.206   	91.258    	151.179   	128.677   	153.796   
48.750000	9257.74   	9001.94   	9131.85   	9135.13   	174.735   	92.0161   	152.482   	129.741   	155.128   
49.000000	9339.2    	9081.64   	9212.03   	9215.36   	176.264   	92.7742   	153.785   	130.805   	156.46    
49.250000	9420.66   	9161.33   	9292.21   	9295.59   	177.793   	93.5323   	155.089   	131.869   	157.793   
49.500000	9502.13   	9241.02   	9372.4    	9375.81   	179.322   	94.2904   	156.392   	132.933   	159.125   
49.750000	9583.59   	9320.72   	9452.58   	9456.04   	180.85    	95.0485   	157.695   	133.996   	160.457   
50.000000	9665.05   	9400.41   	9532.76   	9536.27   	182.379   	95.8067   	158.998   	135.06    	161.789   
50.250000	9751.32   	9484.99   	9617.77   	9621.32   	183.998   	96.6032   	160.376   	136.18    	163.199   
50.500000	9837.59   	9569.57   	9702.77   	9706.38   	185.617   	97.3998   	161.754   	137.3     	164.61    
50.750000	9923.86   	9654.16   	9787.78   	9791.43   	187.235   	98.1964   	163.132   	138.42    	166.02    
51.000000	10010.1   	9738.74   	9872.79   	9876.49   	188.854   	98.993    	164.51    	139.54    	167.43    
51.250000	10096.4   	9823.32   	9957.8    	9961.54   	190.472   	99.7895   	165.888   	140.66    	168.841   
51.500000	10182.7   	9907.91   	10042.8   	10046.6   	192.091   	100.586   	167.266   	141.78    	170.251   
51.750000	10268.9   	9992.49   	10127.8   	10131.7   	193.71    	101.383   	168.643   	142.9     	171.662   
52.000000	10355.2   	10077.1   	10212.8   	10216.7   	195.328   	102.179   	170.021   	144.02    	173.072   
52.250000	10441.5   	10161.7   	10297.8   	10301.8   	196.947   	102.976   	171.399   	145.14    	174.482   
52.500000	10527.7   	10246.2   	10382.8   	10386.8   	198.565   	103.772   	172.777   	146.26    	175.893   
52.750000	10614     	10330.8   	10467.8   	10471.9   	200.184   	104.569   	174.155   	147.38    	177.303   
53.000000	10700.3   	10415.4   	10552.8   	10556.9   	201.803   	105.366   	175.533   	148.5     	178.714   
53.250000	10786.6   	10500     	10637.9   	10642     	203.421   	106.162   	176.911   	149.62    	180.124   
53.500000	10872.8   	10584.6   	10722.9   	10727     	205.04    	106.959   	178.289   	150.74    	181.534   
53.750000	10959.1   	10669.1   	10807.9   	10812.1   	206.658   	107.755   	179.667   	151.86    	182.945   
54.000000	11045.4   	10753.7   	10892.9   	10897.1   	208.277   	108.552   	181.044   	152.98    	184.355   
54.250000	11131.6   	10838.3   	10977.9   	10982.2   	209.896   	109.348   	182.422   	154.1     	185.765   
54.500000	11217.9   	10922.9   	11062.9   	11067.3   	211.514   	110.145   	183.8     	155.22    	187.176   
54.750000	11304.2   	11007.5   	11147.9   	11152.3   	213.133   	110.942   	185.178   	156.34    	188.586   
55.000000	11390.5   	11092.1   	11232.9   	11237.4   	214.751   	111.738   	186.556   	157.46    	189.997   
55.250000	11482.6   	11182.6   	11323.8   	11328.3   	216.478   	112.581   	188.025   	158.648   	191.502   
55.500000	11574.7   	11273.2   	11414.7   	11419.2   	218.205   	113.424   	189.493   	159.836   	193.008   
55.750000	11666.8   	11363.7   	11505.6   	11510.2   	219.932   	114.267   	190.961   	161.024   	194.514   
56.000000	11759     	11454.3   	11596.5   	11601.1   	221.659   	115.11    	192.43    	162.212   	196.019   
56.250000	11851.1   	11544.8   	11687.4   	11692.1   	223.386   	115.953   	193.898   	163.4     	197.525   
56.500000	11943.2   	11635.3   	11778.3   	11783     	225.112   	116.796   	195.367   	164.588   	199.03    
56.750000	12035.3   	11725.9   	11869.1   	11874     	226.839   	117.639   	196.835   	165.776   	200.536   
57.000000	12127.5   	11816.4   	11960     	11964.9   	228.566   	118.482   	198.304   	166.964   	202.042   
57.250000	12219.6   	11907     	12050.9   	12055.8   	230.293   	119.325   	199.772   	168.152   	203.547   
57.500000	12311.7   	11997.5   	12141.8   	12146.8   	232.02    	120.168   	201.241   	169.34    	205.053   
57.750000	12403.8   	12088.1   	12232.7   	12237.7   	233.747   	121.012   	202.709   	170.528   	206.559   
58.000000	12496     	12178.6   	12323.6   	12328.7   	235.473   	121.855   	204.177   	171.716   	208.064   
58.250000	12588.1   	12269.2   	12414.5   	12419.6   	237.2     	122.698   	205.646   	172.904   	209.57    
58.500000	12680.2   	12359.7   	12505.4   	12510.6   	238.927   	123.541   	207.114   	174.092   	211.075   
58.750000	12772.3   	12450.3   	12596.3   	12601.5   	240.654   	124.384   	208.583   	175.28    	212.581   
59.000000	12864.5   	12540.8   	12687.2   	12692.4   	242.381   	125.227   	210.051   	176.468   	214.087   
59.250000	12956.6   	12631.4   	12778.1   	12783.4   	244.108   	126.07    	211.52    	177.656   	215.592   
59.500000	13048.7   	12721.9   	12869     	12874.3   	245.835   	126.913   	212.988   	178.844   	217.098   
59.750000	13140.9   	12812.5   	12959.9   	12965.3   	247.561   	127.756   	214.457   	180.032   	218.604   
60.000000	13233     	12903     	13050.8   	13056.2   	249.288   	128.599   	215.925   	181.22    	220.109   
60.250000	13330.8   	12999.4   	13147.4   	13152.9   	251.118   	129.485   	217.48    	182.473   	221.707   
60.500000	13428.6   	13095.7   	13244     	13249.6   	252.948   	130.372   	219.036   	183.726   	223.304   
60.750000	13526.4   	13192.1   	13340.6   	13346.2   	254.778   	131.259   	220.591   	184.979   	224.902   
61.000000	13624.2   	13288.4   	13437.2   	13442.9   	256.608   	132.145   	222.147   	186.233   	226.5     
61.250000	13722.1   	13384.8   	13533.8   	13539.6   	258.438   	133.032   	223.702   	187.486   	228.097   
61.500000	13819.9   	13481.1   	13630.4   	13636.3   	260.269   	133.919   	225.258   	188.739   	229.695   
61.750000	13917.7   	13577.5   	13727     	13732.9   	262.099   	134.805   	226.813   	189.992   	231.293   
62.000000	14015.5   	13673.8   	13823.6   	13829.6   	263.929   	135.692   	228.369   	191.246   	232.89    
62.250000	14113.3   	13770.2   	13920.2   	13926.3   	265.759   	136.578   	229.924   	192.499   	234.488   
62.500000	14211.1   	13866.5   	14016.8   	14022.9   	267.589   	137.465   	231.48    	193.752   	236.086   
62.750000	14309     	13962.9   	14113.4   	14119.6   	269.419   	138.352   	233.035   	195.005   	237.683   
63.000000	14406.8   	14059.2   	14210     	14216.3   	271.249   	139.238   	234.591   	196.259   	239.281   
63.250000	14504.6   	14155.6   	14306.6   	14313     	273.079   	140.125   	236.146   	197.512   	240.879   
63.500000	14602.4   	14251.9   	14403.2   	14409.6   	274.909   	141.011   	237.702   	198.765   	242.476   
63.750000	14700.2   	14348.3   	14499.8   	14506.3   	276.739   	141.898   	239.257   	200.018   	244.074   
64.000000	14798     	14444.6   	14596.5   	14603     	278.569   	142.785   	240.813   	201.272   	245.672   
64.250000	14895.9   	14541     	14693.1   	14699.7   	280.399   	143.671   	242.368   	202.525   	247.269   
64.500000	14993.7   	14637.3   	14789.7   	14796.3   	282.229   	144.558   	243.924   	203.778   	248.867   
64.750000	15091.5   	14733.7   	14886.3   	14893     	284.059   	145.444   	245.479   	205.031   	250.465   
65.000000	15189.3   	14830     	14982.9   	14989.7   	285.889   	146.331   	247.035   	206.285   	252.062   
65.250000	15292.7   	14932     	15085.1   	15091.9   	287.819   	147.26    	248.675   	207.601   	253.75    
65.500000	15396     	15034     	15187.2   	15194.2   	289.75    	148.19    	250.314   	208.918   	255.437   
65.750000	15499.4   	15136     	15289.4   	15296.4   	291.68    	149.119   	251.954   	210.234   	257.124   
66.000000	15602.7   	15238     	15391.6   	15398.7   	293.61    	150.049   	253.594   	211.551   	258.811   
66.250000	15706.1   	15340     	15493.8   	15501     	295.54    	150.978   	255.234   	212.867   	260.498   
66.500000	15809.4   	15442     	15596     	15603.2   	297.47    	151.907   	256.874   	214.183   	262.185   
66.750000	15912.8   	15544     	15698.2   	15705.5   	299.4     	152.837   	258.513   	215.5     	263.873   
67.000000	16016.1   	15646     	15800.3   	15807.7   	301.33    	153.766   	260.153   	216.816   	265.56    
67.250000	16119.5   	15748     	15902.5   	15910     	303.261   	154.696   	261.793   	218.133   	267.247   
67.500000	16222.8   	15850     	16004.7   	16012.2   	305.191   	155.625   	263.433   	219.449   	268.934   
67.750000	16326.2   	15952     	16106.9   	16114.5   	307.121   	156.555   	265.072   	220.766   	270.621   
68.000000	16429.6   	16054.1   	16209.1   	16216.8   	309.051   	157.484   	266.712   	222.082   	272.309   
68.250000	16532.9   	16156.1   	16311.3   	16319     	310.981   	158.413   	268.352   	223.399   	273.996   
68.500000	16636.3   	16258.1   	16413.4   	16421.3   	312.911   	159.343   	269.992   	224.715   	275.683   
68.750000	16739.6   	16360.1   	16515.6   	16523.5   	314.841   	160.272   	271.632   	226.032   	277.37    
69.000000	16843     	16462.1   	16617.8   	16625.8   	316.771   	161.202   	273.271   	227.348   	279.057   
69.250000	16946.3   	16564.1   	16720     	16728     	318.702   	162.131   	274.911   	228.664   	280.744   
69.500000	17049.7   	16666.1   	16822.2   	16830.3   	320.632   	163.06    	276.551   	229.981   	282.432   
69.750000	17153     	16768.1   	16924.4   	16932.6   	322.562   	163.99    	278.191   	231.297   	284.119   
70.000000	17256.4   	16870.1   	17026.5   	17034.8   	324.492   	164.919   	279.83    	232.614   	285.806   
70.250000	17365.1   	16977.6   	17134.2   	17142.5   	326.519   	165.889   	281.552   	233.991   	287.58    
70.500000	17473.9   	17085.1   	17241.8   	17250.2   	328.545   	166.859   	283.273   	235.369   	289.355   
70.750000	17582.6   	17192.6   	17349.4   	17357.9   	330.572   	167.829   	284.994   	236.747   	291.129   
71.000000	17691.4   	17300.1   	17457     	17465.6   	332.599   	168.799   	286.715   	238.124   	292.903   
71.250000	17800.1   	17407.6   	17564.7   	17573.3   	334.626   	169.769   	288.437   	239.502   	294.678   
71.500000	17908.9   	17515.1   	17672.3   	17681     	336.652   	170.739   	290.158   	240.88    	296.452   
71.750000	18017.6   	17622.7   	17779.9   	17788.7   	338.679   	171.709   	291.879   	242.257   	298.226   
72.000000	18126.4   	17730.2   	17887.6   	17896.4   	340.706   	172.679   	293.6     	243.635   	300.001   
72.250000	18235.1   	17837.7   	17995.2   	18004.1   	342.733   	173.649   	295.322   	245.012   	301.775   
72.500000	18343.9   	17945.2   	18102.8   	18111.8   	344.759   	174.619   	297.043   	246.39    	303.549   
72.750000	18452.6   	18052.7   	18210.4   	18219.5   	346.786   	175.589   	298.764   	247.768   	305.323   
73.000000	18561.4   	18160.2   	18318.1   	18327.2   	348.813   	176.559   	300.486   	249.145   	307.098   
73.250000	18670.1   	18267.7   	18425.7   	18434.9   	350.84    	177.529   	302.207   	250.523   	308.872   
73.500000	18778.9   	18375.2   	18533.3   	18542.7   	352.866   	178.5     	303.928   	251.901   	310.646   
73.750000	18887.6   	18482.7   	18640.9   	18650.4   	354.893   	179.47    	305.649   	253.278   	312.421   
74.000000	18996.4   	18590.2   	18748.6   	18758.1   	356.92    	180.44    	307.371   	254.656   	314.195   
74.250000	19105.1   	18697.8   	18856.2   	18865.8   	358.947   	181.41    	309.092   	256.034   	315.969   
74.500000	19213.9   	18805.3   	18963.8   	18973.5   	360.973   	182.38    	310.813   	257.411   	317.744   
74.750000	19322.6   	18912.8   	19071.4   	19081.2   	363       	183.35    	312.534   	258.789   	319.518   
75.000000	19431.4   	19020.3   	19179.1   	19188.9   	365.027   	184.32    	314.256   	260.167   	321.292   
75.250000	19545.4   	19133.2   	19292     	19301.9   	367.147   	185.33    	316.056   	261.603   	323.151   
75.500000	19659.4   	19246.1   	19405     	19414.9   	369.267   	186.339   	317.856   	263.04    	325.011   
75.750000	19773.4   	19358.9   	19517.9   	19527.9   	371.387   	187.349   	319.656   	264.477   	326.87    
76.000000	19887.4   	19471.8   	19630.8   	19640.9   	373.507   	188.359   	321.456   	265.914   	328.729   
76.250000	20001.4   	19584.7   	19743.8   	19754     	375.627   	189.369   	323.256   	267.351   	330.588   
76.500000	20115.4   	19697.6   	19856.7   	19867     	377.747   	190.379   	325.057   	268.788   	332.447   
76.750000	20229.4   	19810.5   	19969.7   	19980     	379.866   	191.389   	326.857   	270.225   	334.306   
77.000000	20343.5   	19923.4   	20082.6   	20093     	381.986   	192.399   	328.657   	271.662   	336.165   
77.250000	20457.5   	20036.2   	20195.5   	20206     	384.106   	193.409   	330.457   	273.099   	338.025   
77.500000	20571.5   	20149.1   	20308.5   	20319.1   	386.226   	194.419   	332.257   	274.535   	339.884   
77.750000	20685.5   	20262     	20421.4   	20432.1   	388.346   	195.429   	334.057   	275.972   	341.743   
78.000000	20799.5   	20374.9   	20534.4   	20545.1   	390.466   	196.438   	335.857   	277.409   	343.602   
78.250000	20913.5   	20487.8   	20647.3   	20658.1   	392.586   	197.448   	337.658   	278.846   	345.461   
78.500000	21027.5   	20600.6   	20760.2   	20771.1   	394.706   	198.458   	339.458   	280.283   	347.32    
78.750000	21141.5   	20713.5   	20873.2   	20884.1   	396.826   	199.468   	341.258   	281.72    	349.179   
79.000000	21255.6   	20826.4   	20986.1   	20997.2   	398.946   	200.478   	343.058   	283.157   	351.038   
79.250000	21369.6   	20939.3   	21099.1   	21110.2   	401.066   	201.488   	344.858   	284.594   	352.898   
79.500000	21483.6   	21052.2   	21212     	21223.2   	403.186   	202.498   	346.658   	286.031   	354.757   
79.750000	21597.6   	21165.1   	21324.9   	21336.2   	405.306   	203.508   	348.459   	287.467   	356.616   
80.000000	21711.6   	21277.9   	21437.9   	21449.2   	407.426   	204.518   	350.259   	288.904   	358.475   
80.250000	21830.8   	21396.1   	21556     	21567.5   	409.636   	205.566   	352.135   	290.399   	360.417   
80.500000	21949.9   	21514.2   	21674.1   	21685.7   	411.845   	206.615   	354.012   	291.893   	362.358   
80.750000	22069.1   	21632.3   	21792.3   	21803.9   	414.055   	207.663   	355.888   	293.387   	364.3     
81.000000	22188.2   	21750.4   	21910.4   	21922.1   	416.265   	208.712   	357.765   	294.882   	366.242   
81.250000	22307.4   	21868.6   	22028.5   	22040.3   	418.475   	209.761   	359.642   	296.376   	368.184   
81.500000	22426.5   	21986.7   	22146.6   	22158.5   	420.685   	210.809   	361.518   	297.87    	370.125   
81.750000	22545.7   	22104.8   	22264.8   	22276.7   	422.895   	211.858   	363.395   	299.365   	372.067   
82.000000	22664.8   	22222.9   	22382.9   	22394.9   	425.105   	212.906   	365.271   	300.859   	374.009   
82.250000	22784     	22341.1   	22501     	22513.1   	427.314   	213.955   	367.148   	302.353   	375.95    
82.500000	22903.1   	22459.2   	22619.2   	22631.4   	429.524   	215.004   	369.024   	303.848   	377.892   
82.750000	23022.3   	22577.3   	22737.3   	22749.6   	431.734   	216.052   	370.901   	305.342   	379.834   
83.000000	23141.4   	22695.4   	22855.4   	22867.8   	433.944   	217.101   	372.777   	306.836   	381.775   
83.250000	23260.6   	22813.5   	22973.6   	22986     	436.154   	218.149   	374.654   	308.331   	383.717   
83.500000	23379.7   	22931.7   	23091.7   	23104.2   	438.364   	219.198   	376.531   	309.825   	385.659   
83.750000	23498.9   	23049.8   	23209.8   	23222.4   	440.574   	220.247   	378.407   	311.319   	387.601   
84.000000	23618     	23167.9   	23327.9   	23340.6   	442.783   	221.295   	380.284   	312.814   	389.542   
84.250000	23737.2   	23286     	23446.1   	23458.8   	444.993   	222.344   	382.16    	314.308   	391.484   
84.500000	23856.3   	23404.2   	23564.2   	23577.1   	447.203   	223.393   	384.037   	315.802   	393.426   
84.750000	23975.5   	23522.3   	23682.3   	23695.3   	449.413   	224.441   	385.913   	317.297   	395.367   
85.000000	24094.7   	23640.4   	23800.5   	23813.5   	451.623   	225.49    	387.79    	318.791   	397.309   
85.250000	24218.8   	23763.7   	23923.7   	23936.8   	453.92    	226.575   	389.74    	320.341   	399.331   
85.500000	24343     	23886.9   	24046.9   	24060     	456.216   	227.661   	391.691   	321.891   	401.354   
85.750000	24467.2   	24010.1   	24170.1   	24183.3   	458.513   	228.747   	393.642   	323.441   	403.376   
86.000000	24591.4   	24133.4   	24293.3   	24306.6   	460.81    	229.832   	395.592   	324.992   	405.398   
86.250000	24715.5   	24256.6   	24416.5   	24429.9   	463.107   	230.918   	397.543   	326.542   	407.42    
86.500000	24839.7   	24379.9   	24539.7   	24553.2   	465.404   	232.004   	399.493   	328.092   	409.442   
86.750000	24963.9   	24503.1   	24662.9   	24676.5   	467.7     	233.089   	401.444   	329.642   	411.465   
87.000000	25088.1   	24626.3   	24786.1   	24799.8   	469.997   	234.175   	403.395   	331.192   	413.487   
87.250000	25212.2   	24749.6   	24909.3   	24923.1   	472.294   	235.26    	405.345   	332.742   	415.509   
87.500000	25336.4   	24872.8   	25032.5   	25046.3   	474.591   	236.346   	407.296   	334.292   	417.531   
87.750000	25460.6   	24996.1   	25155.7   	25169.6   	476.888   	237.432   	409.246   	335.842   	419.553   
88.000000	25584.8   	25119.3   	25278.9   	25292.9   	479.185   	238.517   	411.197   	337.392   	421.575   
88.250000	25708.9   	25242.5   	25402.1   	25416.2   	481.481   	239.603   	413.147   	338.942   	423.598   
88.500000	25833.1   	25365.8   	25525.3   	25539.5   	483.778   	240.689   	415.098   	340.492   	425.62    
88.750000	25957.3   	25489     	25648.5   	25662.8   	486.075   	241.774   	417.049   	342.043   	427.642   
89.000000	26081.5   	25612.3   	25771.7   	25786.1   	488.372   	242.86    	418.999   	343.593   	429.664   
89.250000	26205.6   	25735.5   	25894.9   	25909.4   	490.669   	243.945   	420.95    	345.143   	431.686   
89.500000	26329.8   	25858.7   	26018.1   	26032.6   	492.965   	245.031   	422.9     	346.693   	433.709   
89.750000	26454     	25982     	26141.3   	26155.9   	495.262   	246.117   	424.851   	348.243   	435.731   
90.000000	26578.2   	26105.2   	26264.5   	26279.2   	497.559   	247.202   	426.802   	349.793   	437.753   
90.250000	26707.3   	26233.5   	26392.7   	26407.5   	499.939   	248.323   	428.824   	351.397   	439.853   
90.500000	26836.4   	26361.7   	26520.8   	26535.7   	502.319   	249.444   	430.846   	353.001   	441.954   
90.750000	26965.4   	26489.9   	26649     	26664     	504.699   	250.564   	432.867   	354.605   	444.054   
91.000000	27094.5   	26618.2   	26777.2   	26792.2   	507.079   	251.685   	434.889   	356.209   	446.154   
91.250000	27223.6   	26746.4   	26905.3   	26920.5   	509.459   	252.805   	436.911   	357.813   	448.254   
91.500000	27352.7   	26874.7   	27033.5   	27048.7   	511.839   	253.926   	438.933   	359.417   	450.355   
91.750000	27481.8   	27002.9   	27161.6   	27177     	514.219   	255.046   	440.955   	361.021   	452.455   
92.000000	27610.9   	27131.1   	27289.8   	27305.2   	516.599   	256.167   	442.977   	362.625   	454.555   
92.250000	27740     	27259.4   	27417.9   	27433.5   	518.979   	257.287   	444.999   	364.229   	456.656   
92.500000	27869.1   	27387.6   	27546.1   	27561.7   	521.359   	258.408   	447.021   	365.833   	458.756   
92.750000	27998.2   	27515.8   	27674.2   	27690     	523.739   	259.529   	449.043   	367.437   	460.856   
93.000000	28127.3   	27644.1   	27802.4   	27818.2   	526.119   	260.649   	451.065   	369.041   	462.957   
93.250000	28256.3   	27772.3   	27930.5   	27946.5   	528.499   	261.77    	453.087   	370.645   	465.057   
93.500000	28385.4   	27900.6   	28058.7   	28074.7   	530.879   	262.89    	455.109   	372.248   	467.157   
93.750000	28514.5   	28028.8   	28186.8   	28203     	533.259   	264.011   	457.131   	373.852   	469.257   
94.000000	28643.6   	28157     	28315     	28331.2   	535.639   	265.131   	459.153   	375.456   	471.358   
94.250000	28772.7   	28285.3   	28443.1   	28459.5   	538.019   	266.252   	461.175   	377.06    	473.458   
94.500000	28901.8   	28413.5   	28571.3   	28587.7   	540.399   	267.373   	463.197   	378.664   	475.558   
94.750000	29030.9   	28541.8   	28699.4   	28716     	542.779   	268.493   	465.219   	380.268   	477.659   
95.000000	29160     	28670     	28827.6   	28844.2   	545.159   	269.614   	467.241   	381.872   	479.759   
95.250000	29293.9   	28803.1   	28960.6   	28977.3   	547.62    	270.768   	469.332   	383.529   	481.935   
95.500000	29427.8   	28936.2   	29093.6   	29110.5   	550.08    	271.923   	471.424   	385.185   	484.112   
95.750000	29561.7   	29069.4   	29226.6   	29243.6   	552.541   	273.078   	473.515   	386.841   	486.288   
96.000000	29695.6   	29202.5   	29359.6   	29376.7   	555.001   	274.232   	475.606   	388.497   	488.464   
96.250000	29829.5   	29335.6   	29492.6   	29509.8   	557.462   	275.387   	477.697   	390.154   	490.641   
96.500000	29963.4   	29468.7   	29625.5   	29642.9   	559.922   	276.541   	479.788   	391.81    	492.817   
96.750000	30097.3   	29601.8   	29758.5   	29776     	562.383   	277.696   	481.879   	393.466   	494.994   
97.000000	30231.2   	29735     	29891.5   	29909.1   	564.843   	278.851   	483.971   	395.122   	497.17    
97.250000	30365.1   	29868.1   	30024.5   	30042.2   	567.304   	280.005   	486.062   	396.779   	499.346   
97.500000	30499     	30001.2   	30157.5   	30175.3   	569.764   	281.16    	488.153   	398.435   	501.523   
97.750000	30632.9   	30134.3   	30290.5   	30308.4   	572.225   	282.315   	490.244   	400.091   	503.699   
98.000000	30766.8   	30267.5   	30423.5   	30441.5   	574.685   	283.469   	492.335   	401.748   	505.876   
98.250000	30900.7   	30400.6   	30556.5   	30574.6   	577.146   	284.624   	494.426   	403.404   	508.052   
98.500000	31034.6   	30533.7   	30689.5   	30707.7   	579.606   	285.778   	496.518   	405.06    	510.228   
98.750000	31168.5   	30666.8   	30822.5   	30840.9   	582.067   	286.933   	498.609   	406.716   	512.405   
99.000000	31302.4   	30800     	30955.5   	30974     	584.527   	288.088   	500.7     	408.373   	514.581   
99.250000	31436.3   	30933.1   	31088.5   	31107.1   	586.988   	289.242   	502.791   	410.029   	516.757   
99.500000	31570.2   	31066.2   	31221.5   	31240.2   	589.448   	290.397   	504.882   	411.685   	518.934   
99.750000	31704.1   	31199.3   	31354.5   	31373.3   	591.909   	291.551   	506.974   	413.342   	521.11    
100.000000	31838     	31332.4   	31487.5   	31506.4   	594.369   	292.706   	509.065   	414.998   	523.287   
100.250000	31976.6   	31470.3   	31625.2   	31644.3   	596.909   	293.895   	511.223   	416.705   	525.538   
100.500000	32115.2   	31608.2   	31763     	31782.1   	599.448   	295.084   	513.382   	418.413   	527.788   
100.750000	32253.9   	31746.1   	31900.7   	31920     	601.987   	296.272   	515.54    	420.12    	530.039   
101.000000	32392.5   	31884     	32038.5   	32057.8   	604.526   	297.461   	517.699   	421.827   	532.29    
101.250000	32531.1   	32021.9   	32176.2   	32195.7   	607.065   	298.65    	519.857   	423.535   	534.541   
101.500000	32669.7   	32159.8   	32313.9   	32333.6   	609.604   	299.839   	522.016   	425.242   	536.792   
101.750000	32808.3   	32297.7   	32451.7   	32471.4   	612.143   	301.028   	524.174   	426.949   	539.043   
102.000000	32946.9   	32435.6   	32589.4   	32609.3   	614.682   	302.216   	526.332   	428.656   	541.294   
102.250000	33085.5   	32573.5   	32727.2   	32747.1   	617.221   	303.405   	528.491   	430.364   	543.545   
102.500000	33224.2   	32711.4   	32864.9   	32885     	619.76    	304.594   	530.649   	432.071   	545.796   
102.750000	33362.8   	32849.3   	33002.7   	33022.9   	622.299   	305.783   	532.808   	433.778   	548.047   
103.000000	33501.4   	32987.2   	33140.4   	33160.7   	624.838   	306.971   	534.966   	435.486   	550.298   
103.250000	33640     	33125.1   	33278.2   	33298.6   	627.378   	308.16    	537.125   	437.193   	552.549   
103.500000	33778.6   	33263     	33415.9   	33436.5   	629.917   	309.349   	539.283   	438.9     	554.799   
103.750000	33917.2   	33400.9   	33553.7   	33574.3   	632.456   	310.538   	541.442   	440.608   	557.05    
104.000000	34055.8   	33538.8   	33691.4   	33712.2   	634.995   	311.727   	543.6     	442.315   	559.301   
104.250000	34194.5   	33676.7   	33829.2   	33850     	637.534   	312.915   	545.759   	444.022   	561.552   
104.500000	34333.1   	33814.6   	33966.9   	33987.9   	640.073   	314.104   	547.917   	445.73    	563.803   
104.750000	34471.7   	33952.5   	34104.7   	34125.8   	642.612   	315.293   	550.076   	447.437   	566.054   
105.000000	34610.3   	34090.4   	34242.4   	34263.6   	645.151   	316.482   	552.234   	449.144   	568.305   
105.250000	34753.5   	34232.9   	34384.8   	34406.1   	647.766   	317.704   	554.458   	450.901   	570.629   
105.500000	34896.8   	34375.5   	34527.2   	34548.7   	650.381   	318.926   	556.682   	452.658   	572.952   
105.750000	35040     	34518.1   	34669.6   	34691.2   	652.996   	320.147   	558.906   	454.415   	575.276   
106.000000	35183.2   	34660.6   	34812     	34833.7   	655.611   	321.369   	561.129   	456.172   	577.6     
106.250000	35326.5   	34803.2   	34954.4   	34976.2   	658.226   	322.591   	563.353   	457.929   	579.923   
106.500000	35469.7   	34945.8   	35096.8   	35118.7   	660.841   	323.813   	565.577   	459.686   	582.247   
106.750000	35612.9   	35088.3   	35239.2   	35261.3   	663.455   	325.035   	567.801   	461.443   	584.571   
107.000000	35756.2   	35230.9   	35381.6   	35403.8   	666.07    	326.257   	570.025   	463.2     	586.894   
107.250000	35899.4   	35373.5   	35524     	35546.3   	668.685   	327.479   	572.248   	464.957   	589.218   
107.500000	36042.6   	35516     	35666.4   	35688.8   	671.3     	328.701   	574.472   	466.714   	591.541   
107.750000	36185.9   	35658.6   	35808.8   	35831.3   	673.915   	329.923   	576.696   	468.471   	593.865   
108.000000	36329.1   	35801.2   	35951.2   	35973.8   	676.53    	331.145   	578.92    	470.228   	596.189   
108.250000	36472.4   	35943.7   	36093.6   	36116.4   	679.145   	332.366   	581.144   	471.984   	598.512   
108.500000	36615.6   	36086.3   	36236     	36258.9   	681.76    	333.588   	583.367   	473.741   	600.836   
108.750000	36758.8   	36228.9   	36378.4   	36401.4   	684.375   	334.81    	585.591   	475.498   	603.16    
109.000000	36902.1   	36371.4   	36520.8   	36543.9   	686.99    	336.032   	587.815   	477.255   	605.483   
109.250000	37045.3   	36514     	36663.2   	36686.4   	689.605   	337.254   	590.039   	479.012   	607.807   
109.500000	37188.5   	36656.6   	36805.6   	36828.9   	692.219   	338.476   	592.263   	480.769   	610.131   
109.750000	37331.8   	36799.1   	36948     	36971.5   	694.834   	339.698   	594.486   	482.526   	612.454   
110.000000	37475     	36941.7   	37090.4   	37114     	697.449   	340.92    	596.71    	484.283   	614.778   
110.250000	37622.8   	37088.8   	37237.3   	37261.1   	700.138   	342.174   	598.997   	486.088   	617.173   
110.500000	37770.5   	37236     	37384.3   	37408.1   	702.826   	343.428   	601.285   	487.893   	619.567   
110.750000	37918.3   	37383.1   	37531.3   	37555.2   	705.514   	344.681   	603.572   	489.699   	621.962   
111.000000	38066.1   	37530.2   	37678.2   	37702.3   	708.202   	345.935   	605.859   	491.504   	624.357   
111.250000	38213.8   	37677.4   	37825.2   	37849.4   	710.891   	347.189   	608.146   	493.309   	626.751   
111.500000	38361.6   	37824.5   	37972.1   	37996.4   	713.579   	348.443   	610.433   	495.114   	629.146   
111.750000	38509.4   	37971.6   	38119.1   	38143.5   	716.267   	349.697   	612.721   	496.92    	631.541   
112.000000	38657.1   	38118.8   	38266     	38290.6   	718.955   	350.951   	615.008   	498.725   	633.935   
112.250000	38804.9   	38265.9   	38413     	38437.7   	721.644   	352.205   	617.295   	500.53    	636.33    
112.500000	38952.7   	38413     	38560     	38584.8   	724.332   	353.459   	619.582   	502.335   	638.725   
112.750000	39100.4   	38560.2   	38706.9   	38731.8   	727.02    	354.713   	621.869   	504.14    	641.119   
113.000000	39248.2   	38707.3   	38853.9   	38878.9   	729.709   	355.967   	624.156   	505.946   	643.514   
113.250000	39396     	38854.4   	39000.8   	39026     	732.397   	357.221   	626.444   	507.751   	645.909   
113.500000	39543.7   	39001.6   	39147.8   	39173.1   	735.085   	358.474   	628.731   	509.556   	648.303   
113.750000	39691.5   	39148.7   	39294.7   	39320.1   	737.773   	359.728   	631.018   	511.361   	650.698   
114.000000	39839.3   	39295.9   	39441.7   	39467.2   	740.462   	360.982   	633.305   	513.167   	653.093   
114.250000	39987     	39443     	39588.6   	39614.3   	743.15    	362.236   	635.592   	514.972   	655.487   
114.500000	40134.8   	39590.1   	39735.6   	39761.4   	745.838   	363.49    	637.88    	516.777   	657.882   
114.750000	40282.6   	39737.3   	39882.6   	39908.5   	748.526   	364.744   	640.167   	518.582   	660.277   
115.000000	40430.3   	39884.4   	40029.5   	40055.5   	751.215   	365.998   	642.454   	520.387   	662.671   
115.250000	40582.5   	40036     	40180.9   	40207.1   	753.974   	367.282   	644.803   	522.24    	665.135   
115.500000	40734.7   	40187.6   	40332.4   	40358.6   	756.733   	368.566   	647.151   	524.092   	667.599   
115.750000	40887     	40339.2   	40483.8   	40510.2   	759.492   	369.85    	649.5     	525.944   	670.063   
116.000000	41039.2   	40490.8   	40635.2   	40661.7   	762.252   	371.135   	651.849   	527.796   	672.527   
116.250000	41191.4   	40642.4   	40786.6   	40813.3   	765.011   	372.419   	654.197   	529.648   	674.991   
116.500000	41343.6   	40794     	40938.1   	40964.8   	767.77    	373.703   	656.546   	531.501   	677.455   
116.750000	41495.8   	40945.6   	41089.5   	41116.4   	770.529   	374.987   	658.895   	533.353   	679.919   
117.000000	41648     	41097.2   	41240.9   	41267.9   	773.288   	376.271   	661.243   	535.205   	682.383   
117.250000	41800.2   	41248.8   	41392.3   	41419.5   	776.048   	377.555   	663.592   	537.057   	684.847   
117.500000	41952.4   	41400.4   	41543.7   	41571     	778.807   	378.84    	665.941   	538.91    	687.311   
117.750000	42104.7   	41552     	41695.2   	41722.5   	781.566   	380.124   	668.289   	540.762   	689.775   
118.000000	42256.9   	41703.7   	41846.6   	41874.1   	784.325   	381.408   	670.638   	542.614   	692.239   
118.250000	42409.1   	41855.3   	41998     	42025.6   	787.085   	382.692   	672.987   	544.466   	694.703   
118.500000	42561.3   	42006.9   	42149.4   	42177.2   	789.844   	383.976   	675.335   	546.318   	697.167   
118.750000	42713.5   	42158.5   	42300.9   	42328.7   	792.603   	385.26    	677.684   	548.171   	699.631   
119.000000	42865.7   	42310.1   	42452.3   	42480.3   	795.362   	386.545   	680.032   	550.023   	702.095   
119.250000	43017.9   	42461.7   	42603.7   	42631.8   	798.121   	387.829   	682.381   	551.875   	704.559   
119.500000	43170.1   	42613.3   	42755.1   	42783.4   	800.881   	389.113   	684.73    	553.727   	707.023   
119.750000	43322.4   	42764.9   	42906.5   	42934.9   	803.64    	390.397   	687.078   	555.579   	709.487   
120.000000	43474.6   	42916.5   	43058     	43086.5   	806.399   	391.681   	689.427   	557.432   	711.951   
120.250000	43631.2   	43072.5   	43213.8   	43242.4   	809.227   	392.995   	691.836   	559.33    	714.482   
120.500000	43787.7   	43228.5   	43369.6   	43398.3   	812.055   	394.309   	694.244   	561.228   	717.014   
120.750000	43944.3   	43384.4   	43525.4   	43554.2   	814.883   	395.622   	696.652   	563.126   	719.546   
121.000000	44100.9   	43540.4   	43681.2   	43710.2   	817.711   	396.936   	699.061   	565.024   	722.078   
121.250000	44257.5   	43696.4   	43837     	43866.1   	820.538   	398.25    	701.469   	566.921   	724.609   
121.500000	44414     	43852.4   	43992.8   	44022     	823.366   	399.563   	703.878   	568.819   	727.141   
121.750000	44570.6   	44008.4   	44148.6   	44178     	826.194   	400.877   	706.286   	570.717   	729.673   
122.000000	44727.2   	44164.3   	44304.4   	44333.9   	829.022   	402.19    	708.694   	572.615   	732.204   
122.250000	44883.8   	44320.3   	44460.2   	44489.8   	831.85    	403.504   	711.103   	574.513   	734.736   
122.500000	45040.4   	44476.3   	44616     	44645.7   	834.678   	404.818   	713.511   	576.411   	737.268   
122.750000	45196.9   	44632.3   	44771.8   	44801.7   	837.506   	406.131   	715.92    	578.309   	739.8     
123.000000	45353.5   	44788.3   	44927.6   	44957.6   	840.334   	407.445   	718.328   	580.207   	742.331   
123.250000	45510.1   	44944.3   	45083.4   	45113.5   	843.161   	408.759   	720.737   	582.105   	744.863   
123.500000	45666.7   	45100.2   	45239.2   	45269.4   	845.989   	410.072   	723.145   	584.003   	747.395   
123.750000	45823.3   	45256.2   	45395     	45425.4   	848.817   	411.386   	725.553   	585.901   	749.927   
124.000000	45979.8   	45412.2   	45550.8   	45581.3   	851.645   	412.7     	727.962   	587.799   	752.458   
124.250000	46136.4   	45568.2   	45706.6   	45737.2   	854.473   	414.013   	730.37    	589.697   	754.99    
124.500000	46293     	45724.2   	45862.4   	45893.2   	857.301   	415.327   	732.779   	591.595   	757.522   
124.750000	46449.6   	45880.1   	46018.2   	46049.1   	860.129   	416.641   	735.187   	593.493   	760.054   
125.000000	46606.2   	46036.1   	46174     	46205     	862.956   	417.954   	737.595   	595.391   	762.585   
125.250000	46767     	46196.4   	46334.1   	46365.2   	865.851   	419.298   	740.062   	597.334   	765.183   
125.500000	46927.9   	46356.7   	46494.2   	46525.5   	868.745   	420.641   	742.528   	599.276   	767.781   
125.750000	47088.8   	46516.9   	46654.3   	46685.7   	871.639   	421.984   	744.994   	601.219   	770.379   
126.000000	47249.6   	46677.2   	46814.3   	46845.9   	874.533   	423.328   	747.461   	603.161   	772.977   
126.250000	47410.5   	46837.5   	46974.4   	47006.1   	877.428   	424.671   	749.927   	605.104   	775.574   
126.500000	47571.4   	46997.7   	47134.5   	47166.3   	880.322   	426.014   	752.393   	607.046   	778.172   
126.750000	47732.2   	47158     	47294.6   	47326.6   	883.216   	427.358   	754.86    	608.989   	780.77    
127.000000	47893.1   	47318.3   	47454.7   	47486.8   	886.11    	428.701   	757.326   	610.931   	783.368   
127.250000	48054     	47478.5   	47614.8   	47647     	889.005   	430.044   	759.792   	612.874   	785.966   
127.500000	48214.8   	47638.8   	47774.9   	47807.2   	891.899   	431.387   	762.258   	614.816   	788.564   
127.750000	48375.7   	47799.1   	47935     	47967.4   	894.793   	432.731   	764.725   	616.759   	791.161   
128.000000	48536.6   	47959.3   	48095.1   	48127.7   	897.687   	434.074   	767.191   	618.701   	793.759   
128.250000	48697.4   	48119.6   	48255.2   	48287.9   	900.582   	435.417   	769.657   	620.644   	796.357   
128.500000	48858.3   	48279.9   	48415.3   	48448.1   	903.476   	436.761   	772.124   	622.586   	798.955   
128.750000	49019.2   	48440.1   	48575.4   	48608.3   	906.37    	438.104   	774.59    	624.529   	801.553   
129.000000	49180     	48600.4   	48735.5   	48768.6   	909.264   	439.447   	777.056   	626.471   	804.151   
129.250000	49340.9   	48760.7   	48895.5   	48928.8   	912.159   	440.791   	779.523   	628.414   	806.748   
129.500000	49501.8   	48921     	49055.6   	49089     	915.053   	442.134   	781.989   	630.356   	809.346   
129.750000	49662.6   	49081.2   	49215.7   	49249.2   	917.947   	443.477   	784.455   	632.299   	811.944   
130.000000	49823.5   	49241.5   	49375.8   	49409.4   	920.841   	444.821   	786.921   	634.241   	814.542   
130.250000	49988.6   	49406     	49540.1   	49573.9   	923.8     	446.193   	789.444   	636.227   	817.204   
130.500000	50153.7   	49570.4   	49704.4   	49738.3   	926.759   	447.565   	791.967   	638.213   	819.867   
130.750000	50318.7   	49734.9   	49868.7   	49902.8   	929.717   	448.937   	794.489   	640.199   	822.53    
131.000000	50483.8   	49899.4   	50033     	50067.2   	932.676   	450.309   	797.012   	642.185   	825.192   
131.250000	50648.9   	50063.8   	50197.3   	50231.6   	935.634   	451.682   	799.535   	644.171   	827.855   
131.500000	50814     	50228.3   	50361.6   	50396.1   	938.593   	453.054   	802.058   	646.157   	830.517   
131.750000	50979.1   	50392.8   	50525.9   	50560.5   	941.552   	454.426   	804.58    	648.143   	833.18    
132.000000	51144.2   	50557.2   	50690.2   	50724.9   	944.51    	455.798   	807.103   	650.129   	835.843   
132.250000	51309.2   	50721.7   	50854.6   	50889.4   	947.469   	457.17    	809.626   	652.115   	838.505   
132.500000	51474.3   	50886.1   	51018.9   	51053.8   	950.427   	458.542   	812.148   	654.101   	841.168   
132.750000	51639.4   	51050.6   	51183.2   	51218.2   	953.386   	459.914   	814.671   	656.087   	843.83    
133.000000	51804.5   	51215.1   	51347.5   	51382.7   	956.345   	461.287   	817.194   	658.073   	846.493   
133.250000	51969.6   	51379.5   	51511.8   	51547.1   	959.303   	462.659   	819.716   	660.059   	849.156   
133.500000	52134.6   	51544     	51676.1   	51711.5   	962.262   	464.031   	822.239   	662.045   	851.818   
133.750000	52299.7   	51708.5   	51840.4   	51876     	965.221   	465.403   	824.762   	664.031   	854.481   
134.000000	52464.8   	51872.9   	52004.7   	52040.4   	968.179   	466.775   	827.284   	666.017   	857.143   
134.250000	52629.9   	52037.4   	52169     	52204.8   	971.138   	468.147   	829.807   	668.003   	859.806   
134.500000	52795     	52201.9   	52333.3   	52369.3   	974.096   	469.52    	832.33    	669.989   	862.468   
134.750000	52960.1   	52366.3   	52497.6   	52533.7   	977.055   	470.892   	834.853   	671.975   	865.131   
135.000000	53125.1   	52530.8   	52661.9   	52698.1   	980.014   	472.264   	837.375   	673.961   	867.794   
135.250000	53294.4   	52699.4   	52830.3   	52866.7   	983.034   	473.663   	839.952   	675.989   	870.519   
135.500000	53463.6   	52868     	52998.8   	53035.3   	986.055   	475.062   	842.529   	678.018   	873.245   
135.750000	53632.8   	53036.6   	53167.2   	53203.8   	989.075   	476.462   	845.107   	680.046   	875.97    
136.000000	53802     	53205.1   	53335.6   	53372.4   	992.096   	477.861   	847.684   	682.074   	878.696   
136.250000	53971.3   	53373.7   	53504     	53541     	995.117   	479.26    	850.261   	684.102   	881.422   
136.500000	54140.5   	53542.3   	53672.5   	53709.5   	998.137   	480.66    	852.838   	686.13    	884.147   
136.750000	54309.7   	53710.9   	53840.9   	53878.1   	1001.16   	482.059   	855.415   	688.159   	886.873   
137.000000	54478.9   	53879.5   	54009.3   	54046.7   	1004.18   	483.458   	857.992   	690.187   	889.599   
137.250000	54648.2   	54048     	54177.8   	54215.2   	1007.2    	484.858   	860.569   	692.215   	892.324   
137.500000	54817.4   	54216.6   	54346.2   	54383.8   	1010.22   	486.257   	863.146   	694.243   	895.05    
137.750000	54986.6   	54385.2   	54514.6   	54552.4   	1013.24   	487.656   	865.724   	696.271   	897.775   
138.000000	55155.8   	54553.8   	54683     	54720.9   	1016.26   	489.056   	868.301   	698.3     	900.501   
138.250000	55325.1   	54722.4   	54851.5   	54889.5   	1019.28   	490.455   	870.878   	700.328   	903.227   
138.500000	55494.3   	54890.9   	55019.9   	55058.1   	1022.3    	491.854   	873.455   	702.356   	905.952   
138.750000	55663.5   	55059.5   	55188.3   	55226.6   	1025.32   	493.254   	876.032   	704.384   	908.678   
139.000000	55832.7   	55228.1   	55356.8   	55395.2   	1028.34   	494.653   	878.609   	706.412   	911.403   
139.250000	56002     	55396.7   	55525.2   	55563.8   	1031.36   	496.052   	881.186   	708.44    	914.129   
139.500000	56171.2   	55565.2   	55693.6   	55732.3   	1034.38   	497.452   	883.763   	710.469   	916.855   
139.750000	56340.4   	55733.8   	55862.1   	55900.9   	1037.4    	498.851   	886.341   	712.497   	919.58    
140.000000	56509.6   	55902.4   	56030.5   	56069.5   	1040.43   	500.25    	888.918   	714.525   	922.306   
140.250000	56682.9   	56075     	56202.9   	56242.1   	1043.51   	501.676   	891.547   	716.594   	925.093   
140.500000	56856.2   	56247.6   	56375.4   	56414.7   	1046.58   	503.101   	894.177   	718.663   	927.88    
140.750000	57029.5   	56420.2   	56547.9   	56587.3   	1049.66   	504.527   	896.807   	720.732   	930.667   
141.000000	57202.8   	56592.9   	56720.3   	56759.9   	1052.74   	505.953   	899.437   	722.802   	933.454   
141.250000	57376.1   	56765.5   	56892.8   	56932.6   	1055.82   	507.378   	902.067   	724.871   	936.24    
141.500000	57549.4   	56938.1   	57065.3   	57105.2   	1058.9    	508.804   	904.696   	726.94    	939.027   
141.750000	57722.7   	57110.7   	57237.7   	57277.8   	1061.98   	510.229   	907.326   	729.009   	941.814   
142.000000	57896     	57283.3   	57410.2   	57450.4   	1065.06   	511.655   	909.956   	731.078   	944.601   
142.250000	58069.3   	57455.9   	57582.6   	57623.1   	1068.14   	513.08    	912.586   	733.147   	947.388   
142.500000	58242.6   	57628.5   	57755.1   	57795.7   	1071.22   	514.506   	915.216   	735.216   	950.175   
142.750000	58415.9   	57801.1   	57927.6   	57968.3   	1074.3    	515.931   	917.845   	737.286   	952.962   
143.000000	58589.2   	57973.7   	58100     	58140.9   	1077.38   	517.357   	920.475   	739.355   	955.749   
143.250000	58762.5   	58146.4   	58272.5   	58313.5   	1080.46   	518.783   	923.105   	741.424   	958.536   
143.500000	58935.8   	58319     	58444.9   	58486.2   	1083.54   	520.208   	925.735   	743.493   	961.323   
