Energy (MeV/u)	0 - [He-base] F.Hubert et al, AD&ND Tables 46(1990)1	1 - [H -base] J.F.Ziegler et al, Pergamon Press, NY (low energy)	2 - ATIMA 1.2  LS-theory (recommended for high energy)	3 - ATIMA 1.2  without LS-correction	4 - Range straggling - method [0] - LISE	5 - Range straggling - method [1] - Atima	6 - Lateral range - method [0] - LISE	7 - Lateral range - method [1] - Atima	8 - Lateral range - method [2] - PDG
10.000000	134.985   	141.16    	134.932   	134.935   	0.626687  	0.37552   	0.168162  	0.206295  	0.158736  
10.250000	140.512   	146.713   	140.349   	140.346   	0.653178  	0.390471  	0.171803  	0.210112  	0.16237   
10.500000	146.038   	152.267   	145.766   	145.756   	0.679669  	0.405422  	0.175444  	0.213929  	0.166005  
10.750000	151.565   	157.82    	151.183   	151.167   	0.70616   	0.420373  	0.179086  	0.217746  	0.16964   
11.000000	157.092   	163.374   	156.601   	156.577   	0.732651  	0.435323  	0.182727  	0.221563  	0.173274  
11.250000	163.004   	169.29    	162.407   	162.365   	0.761393  	0.451387  	0.186858  	0.225901  	0.177391  
11.500000	168.915   	175.206   	168.214   	168.152   	0.790135  	0.467451  	0.190989  	0.230238  	0.181507  
11.750000	174.826   	181.123   	174.021   	173.94    	0.818877  	0.483515  	0.19512   	0.234576  	0.185624  
12.000000	180.738   	187.039   	179.827   	179.727   	0.847619  	0.499579  	0.199251  	0.238914  	0.18974   
12.250000	187.029   	193.316   	186.022   	185.89    	0.878591  	0.516738  	0.203852  	0.243748  	0.194322  
12.500000	193.321   	199.593   	192.216   	192.053   	0.909563  	0.533897  	0.208454  	0.248582  	0.198903  
12.750000	199.612   	205.87    	198.411   	198.216   	0.940535  	0.551056  	0.213056  	0.253416  	0.203485  
13.000000	205.904   	212.148   	204.605   	204.379   	0.971506  	0.568215  	0.217658  	0.25825   	0.208066  
13.250000	212.571   	218.784   	211.185   	210.916   	1.00469   	0.586449  	0.222721  	0.263568  	0.213104  
13.500000	219.239   	225.42    	217.765   	217.452   	1.03787   	0.604683  	0.227785  	0.268887  	0.218142  
13.750000	225.906   	232.057   	224.344   	223.989   	1.07105   	0.622917  	0.232849  	0.274205  	0.22318   
14.000000	232.574   	238.693   	230.924   	230.526   	1.10424   	0.641151  	0.237913  	0.279524  	0.228218  
14.250000	239.613   	245.687   	237.888   	237.435   	1.13961   	0.660435  	0.243421  	0.285305  	0.233697  
14.500000	246.653   	252.681   	244.851   	244.345   	1.17498   	0.679718  	0.248929  	0.291085  	0.239175  
14.750000	253.692   	259.675   	251.814   	251.254   	1.21036   	0.699002  	0.254437  	0.296866  	0.244654  
15.000000	260.732   	266.669   	258.777   	258.163   	1.24573   	0.718286  	0.259946  	0.302647  	0.250132  
15.250000	268.139   	274.019   	266.121   	265.443   	1.28328   	0.738601  	0.265882  	0.308869  	0.256036  
15.500000	275.547   	281.368   	273.465   	272.722   	1.32083   	0.758916  	0.271819  	0.315092  	0.26194   
15.750000	282.955   	288.718   	280.809   	280.002   	1.35838   	0.779232  	0.277755  	0.321314  	0.267844  
16.000000	290.362   	296.068   	288.153   	287.281   	1.39592   	0.799547  	0.283692  	0.327536  	0.273748  
16.250000	298.135   	303.771   	295.876   	294.929   	1.43562   	0.820885  	0.290046  	0.334186  	0.280069  
16.500000	305.907   	311.474   	303.598   	302.577   	1.47532   	0.842223  	0.2964    	0.340836  	0.286389  
16.750000	313.679   	319.177   	311.32    	310.225   	1.51501   	0.86356   	0.302754  	0.347486  	0.292709  
17.000000	321.451   	326.88    	319.042   	317.873   	1.55471   	0.884898  	0.309108  	0.354137  	0.299029  
17.250000	329.585   	334.935   	327.14    	325.887   	1.59653   	0.907246  	0.315871  	0.361203  	0.305757  
17.500000	337.718   	342.99    	335.237   	333.901   	1.63835   	0.929593  	0.322635  	0.36827   	0.312485  
17.750000	345.852   	351.045   	343.334   	341.915   	1.68018   	0.95194   	0.329398  	0.375336  	0.319213  
18.000000	353.985   	359.1     	351.432   	349.928   	1.722     	0.974288  	0.336161  	0.382403  	0.325941  
18.250000	362.476   	367.504   	359.901   	358.306   	1.76592   	0.997627  	0.343321  	0.389872  	0.333067  
18.500000	370.968   	375.909   	368.371   	366.683   	1.80985   	1.02097   	0.350482  	0.39734   	0.340193  
18.750000	379.459   	384.314   	376.841   	375.06    	1.85377   	1.0443    	0.357642  	0.404809  	0.347319  
19.000000	387.95    	392.718   	385.31    	383.438   	1.8977    	1.06764   	0.364803  	0.412277  	0.354445  
19.250000	396.796   	401.47    	394.149   	392.176   	1.9437    	1.09195   	0.372352  	0.420137  	0.361961  
19.500000	405.642   	410.223   	402.988   	400.914   	1.9897    	1.11626   	0.379902  	0.427997  	0.369478  
19.750000	414.488   	418.975   	411.827   	409.652   	2.0357    	1.14057   	0.387452  	0.435857  	0.376994  
20.000000	423.334   	427.727   	420.666   	418.39    	2.0817    	1.16487   	0.395002  	0.443717  	0.38451   
20.250000	432.532   	436.825   	429.871   	427.486   	2.12975   	1.19013   	0.402932  	0.451956  	0.392409  
20.500000	441.729   	445.923   	439.076   	436.582   	2.17781   	1.21538   	0.410861  	0.460195  	0.400307  
20.750000	450.927   	455.021   	448.281   	445.678   	2.22586   	1.24063   	0.418791  	0.468434  	0.408205  
21.000000	460.125   	464.12    	457.486   	454.774   	2.27391   	1.26589   	0.426721  	0.476673  	0.416103  
21.250000	469.671   	473.561   	467.054   	464.224   	2.32398   	1.29206   	0.435022  	0.485281  	0.424376  
21.500000	479.217   	483.003   	476.621   	473.675   	2.37405   	1.31824   	0.443323  	0.493889  	0.432648  
21.750000	488.763   	492.445   	486.189   	483.126   	2.42412   	1.34442   	0.451624  	0.502497  	0.440921  
22.000000	498.31    	501.887   	495.756   	492.576   	2.47419   	1.3706    	0.459925  	0.511105  	0.449193  
22.250000	508.202   	511.67    	505.682   	502.379   	2.52625   	1.39768   	0.468589  	0.520071  	0.457832  
22.500000	518.094   	521.454   	515.608   	512.181   	2.5783    	1.42476   	0.477253  	0.529037  	0.466471  
22.750000	527.986   	531.237   	525.534   	521.983   	2.63035   	1.45184   	0.485916  	0.538003  	0.47511   
23.000000	537.878   	541.021   	535.46    	531.785   	2.68241   	1.47893   	0.49458   	0.546968  	0.483749  
23.250000	548.113   	551.144   	545.741   	541.935   	2.7364    	1.50689   	0.503597  	0.556281  	0.492745  
23.500000	558.348   	561.268   	556.021   	552.085   	2.7904    	1.53485   	0.512614  	0.565593  	0.501742  
23.750000	568.584   	571.391   	566.301   	562.236   	2.84439   	1.56282   	0.521631  	0.574906  	0.510738  
24.000000	578.819   	581.515   	576.582   	572.386   	2.89838   	1.59078   	0.530648  	0.584218  	0.519734  
24.250000	589.394   	591.976   	587.212   	582.88    	2.95428   	1.6196    	0.54001   	0.593867  	0.529081  
24.500000	599.97    	602.437   	597.843   	593.375   	3.01018   	1.64843   	0.549372  	0.603516  	0.538427  
24.750000	610.546   	612.898   	608.473   	603.87    	3.06607   	1.67725   	0.558734  	0.613164  	0.547773  
25.000000	621.121   	623.36    	619.104   	614.364   	3.12197   	1.70607   	0.568095  	0.622813  	0.557119  
25.250000	632.202   	634.324   	630.251   	625.368   	3.18064   	1.73615   	0.577959  	0.632949  	0.566976  
25.500000	643.283   	645.288   	641.398   	636.371   	3.23931   	1.76622   	0.587823  	0.643085  	0.576833  
25.750000	654.364   	656.252   	652.545   	647.375   	3.29798   	1.7963    	0.597687  	0.653221  	0.58669   
26.000000	665.445   	667.217   	663.692   	658.379   	3.35665   	1.82637   	0.607551  	0.663357  	0.596547  
26.250000	676.526   	678.181   	674.84    	669.382   	3.41532   	1.85645   	0.617415  	0.673492  	0.606404  
26.500000	687.607   	689.145   	685.987   	680.386   	3.47399   	1.88652   	0.627279  	0.683628  	0.616261  
26.750000	698.688   	700.109   	697.134   	691.389   	3.53266   	1.9166    	0.637143  	0.693764  	0.626118  
27.000000	709.77    	711.074   	708.281   	702.393   	3.59133   	1.94667   	0.647006  	0.7039    	0.635975  
27.250000	721.516   	722.702   	720.102   	714.062   	3.65356   	1.97836   	0.657513  	0.714655  	0.646489  
27.500000	733.263   	734.331   	731.924   	725.73    	3.71579   	2.01005   	0.66802   	0.725409  	0.657002  
27.750000	745.01    	745.959   	743.745   	737.399   	3.77802   	2.04174   	0.678527  	0.736164  	0.667515  
28.000000	756.757   	757.588   	755.566   	749.068   	3.84024   	2.07342   	0.689033  	0.746919  	0.678029  
28.250000	768.503   	769.216   	767.387   	760.737   	3.90247   	2.10511   	0.69954   	0.757673  	0.688542  
28.500000	780.25    	780.845   	779.209   	772.405   	3.9647    	2.1368    	0.710047  	0.768428  	0.699055  
28.750000	791.997   	792.473   	791.03    	784.074   	4.02693   	2.16849   	0.720554  	0.779183  	0.709569  
29.000000	803.744   	804.102   	802.851   	795.743   	4.08916   	2.20018   	0.73106   	0.789937  	0.720082  
29.250000	816.147   	816.387   	815.328   	808.062   	4.15478   	2.23337   	0.742179  	0.801277  	0.731223  
29.500000	828.55    	828.673   	827.805   	820.382   	4.2204    	2.26656   	0.753298  	0.812616  	0.742364  
29.750000	840.953   	840.958   	840.283   	832.702   	4.28601   	2.29975   	0.764417  	0.823955  	0.753505  
30.000000	853.356   	853.243   	852.76    	845.021   	4.35163   	2.33294   	0.775537  	0.835295  	0.764646  
30.250000	865.759   	865.529   	865.237   	857.341   	4.41725   	2.36613   	0.786656  	0.846634  	0.775787  
30.500000	878.162   	877.814   	877.714   	869.66    	4.48286   	2.39932   	0.797775  	0.857973  	0.786928  
30.750000	890.565   	890.099   	890.191   	881.98    	4.54848   	2.43251   	0.808894  	0.869313  	0.798069  
31.000000	902.968   	902.385   	902.668   	894.3     	4.6141    	2.4657    	0.820013  	0.880652  	0.80921   
31.250000	916.019   	915.319   	915.793   	907.274   	4.68309   	2.50036   	0.831729  	0.892558  	0.820965  
31.500000	929.069   	928.254   	928.918   	920.248   	4.75208   	2.53502   	0.843446  	0.904464  	0.832721  
31.750000	942.12    	941.189   	942.043   	933.222   	4.82108   	2.56969   	0.855162  	0.91637   	0.844476  
32.000000	955.17    	954.124   	955.169   	946.196   	4.89007   	2.60435   	0.866878  	0.928276  	0.856232  
32.250000	968.221   	967.059   	968.294   	959.17    	4.95906   	2.63901   	0.878595  	0.940182  	0.867987  
32.500000	981.271   	979.994   	981.419   	972.145   	5.02805   	2.67367   	0.890311  	0.952088  	0.879743  
32.750000	994.321   	992.928   	994.544   	985.119   	5.09705   	2.70833   	0.902028  	0.963993  	0.891498  
33.000000	1007.37   	1005.86   	1007.67   	998.093   	5.16604   	2.74299   	0.913744  	0.975899  	0.903254  
33.250000	1021.06   	1019.44   	1021.44   	1011.72   	5.23839   	2.77912   	0.926045  	0.988356  	0.915613  
33.500000	1034.75   	1033.02   	1035.2    	1025.34   	5.31074   	2.81525   	0.938346  	1.00081   	0.927971  
33.750000	1048.44   	1046.59   	1048.97   	1038.96   	5.38309   	2.85138   	0.950647  	1.01327   	0.94033   
34.000000	1062.13   	1060.17   	1062.73   	1052.59   	5.45545   	2.88751   	0.962948  	1.02573   	0.952689  
34.250000	1075.82   	1073.75   	1076.5    	1066.21   	5.5278    	2.92364   	0.975249  	1.03818   	0.965047  
34.500000	1089.51   	1087.33   	1090.27   	1079.83   	5.60015   	2.95977   	0.98755   	1.05064   	0.977406  
34.750000	1103.2    	1100.9    	1104.03   	1093.46   	5.6725    	2.9959    	0.99985   	1.0631    	0.989765  
35.000000	1116.89   	1114.48   	1117.8    	1107.08   	5.74485   	3.03203   	1.01215   	1.07555   	1.00212   
35.250000	1131.36   	1128.85   	1132.35   	1121.5    	5.82134   	3.07      	1.02517   	1.08868   	1.01522   
35.500000	1145.84   	1143.22   	1146.91   	1135.93   	5.89783   	3.10796   	1.03818   	1.10181   	1.02832   
35.750000	1160.31   	1157.59   	1161.46   	1150.35   	5.97432   	3.14592   	1.05119   	1.11493   	1.04142   
36.000000	1174.79   	1171.96   	1176.02   	1164.78   	6.05081   	3.18389   	1.06421   	1.12806   	1.05451   
36.250000	1189.27   	1186.33   	1190.57   	1179.2    	6.1273    	3.22185   	1.07722   	1.14118   	1.06761   
36.500000	1203.74   	1200.7    	1205.13   	1193.62   	6.20379   	3.25982   	1.09024   	1.15431   	1.08071   
36.750000	1218.22   	1215.07   	1219.68   	1208.05   	6.28028   	3.29778   	1.10325   	1.16743   	1.09381   
37.000000	1232.69   	1229.44   	1234.24   	1222.47   	6.35677   	3.33575   	1.11627   	1.18056   	1.10691   
37.250000	1247.17   	1243.81   	1248.8    	1236.9    	6.43326   	3.37371   	1.12928   	1.19369   	1.12      
37.500000	1261.65   	1258.18   	1263.35   	1251.32   	6.50975   	3.41168   	1.1423    	1.20681   	1.1331    
37.750000	1276.12   	1272.55   	1277.91   	1265.74   	6.58624   	3.44964   	1.15531   	1.21994   	1.1462    
38.000000	1290.6    	1286.92   	1292.46   	1280.17   	6.66273   	3.4876    	1.16832   	1.23306   	1.1593    
38.250000	1306      	1302.23   	1307.95   	1295.54   	6.74412   	3.52772   	1.18218   	1.24697   	1.17326   
38.500000	1321.41   	1317.53   	1323.44   	1310.91   	6.82551   	3.56783   	1.19603   	1.26087   	1.18723   
38.750000	1336.81   	1332.84   	1338.93   	1326.28   	6.90689   	3.60795   	1.20988   	1.27478   	1.2012    
39.000000	1352.22   	1348.15   	1354.42   	1341.65   	6.98828   	3.64806   	1.22373   	1.28869   	1.21517   
39.250000	1367.62   	1363.46   	1369.9    	1357.02   	7.06967   	3.68818   	1.23758   	1.30259   	1.22913   
39.500000	1383.03   	1378.76   	1385.39   	1372.39   	7.15105   	3.72829   	1.25143   	1.3165    	1.2431    
39.750000	1398.43   	1394.07   	1400.88   	1387.76   	7.23244   	3.76841   	1.26528   	1.3304    	1.25707   
40.000000	1413.84   	1409.38   	1416.37   	1403.13   	7.31383   	3.80852   	1.27913   	1.34431   	1.27104   
40.250000	1429.24   	1424.69   	1431.86   	1418.5    	7.39521   	3.84864   	1.29298   	1.35822   	1.285     
40.500000	1444.65   	1439.99   	1447.35   	1433.87   	7.4766    	3.88875   	1.30683   	1.37212   	1.29897   
40.750000	1460.05   	1455.3    	1462.83   	1449.24   	7.55799   	3.92887   	1.32068   	1.38603   	1.31294   
41.000000	1475.46   	1470.61   	1478.32   	1464.61   	7.63937   	3.96898   	1.33454   	1.39993   	1.32691   
41.250000	1491.77   	1486.84   	1494.73   	1480.91   	7.72557   	4.0112    	1.3492    	1.4146    	1.34173   
41.500000	1508.09   	1503.07   	1511.13   	1497.21   	7.81177   	4.05341   	1.36387   	1.42926   	1.35655   
41.750000	1524.41   	1519.3    	1527.54   	1513.51   	7.89797   	4.09562   	1.37854   	1.44392   	1.37137   
42.000000	1540.72   	1535.53   	1543.95   	1529.82   	7.98417   	4.13783   	1.39321   	1.45859   	1.38619   
42.250000	1557.04   	1551.76   	1560.35   	1546.12   	8.07037   	4.18004   	1.40788   	1.47325   	1.40101   
42.500000	1573.36   	1567.99   	1576.76   	1562.42   	8.15657   	4.22226   	1.42254   	1.48792   	1.41583   
42.750000	1589.68   	1584.22   	1593.16   	1578.72   	8.24276   	4.26447   	1.43721   	1.50258   	1.43065   
43.000000	1605.99   	1600.45   	1609.57   	1595.02   	8.32896   	4.30668   	1.45188   	1.51725   	1.44547   
43.250000	1622.31   	1616.68   	1625.98   	1611.32   	8.41516   	4.34889   	1.46655   	1.53191   	1.46029   
43.500000	1638.63   	1632.91   	1642.38   	1627.62   	8.50136   	4.3911    	1.48121   	1.54657   	1.47511   
43.750000	1654.94   	1649.14   	1658.79   	1643.92   	8.58756   	4.43332   	1.49588   	1.56124   	1.48993   
44.000000	1671.26   	1665.37   	1675.19   	1660.22   	8.67376   	4.47553   	1.51055   	1.5759    	1.50476   
44.250000	1688.48   	1682.51   	1692.5    	1677.44   	8.7647    	4.51983   	1.52602   	1.59131   	1.52042   
44.500000	1705.69   	1699.65   	1709.81   	1694.66   	8.85565   	4.56413   	1.54149   	1.60671   	1.53608   
44.750000	1722.9    	1716.79   	1727.12   	1711.87   	8.94659   	4.60844   	1.55696   	1.62212   	1.55174   
45.000000	1740.12   	1733.93   	1744.43   	1729.09   	9.03754   	4.65274   	1.57243   	1.63752   	1.5674    
45.250000	1757.33   	1751.06   	1761.74   	1746.31   	9.12849   	4.69704   	1.5879    	1.65293   	1.58306   
45.500000	1774.55   	1768.2    	1779.05   	1763.52   	9.21943   	4.74134   	1.60337   	1.66833   	1.59872   
45.750000	1791.76   	1785.34   	1796.37   	1780.74   	9.31038   	4.78565   	1.61884   	1.68374   	1.61438   
46.000000	1808.97   	1802.48   	1813.68   	1797.95   	9.40132   	4.82995   	1.63431   	1.69915   	1.63004   
46.250000	1826.19   	1819.62   	1830.99   	1815.17   	9.49227   	4.87425   	1.64978   	1.71455   	1.6457    
46.500000	1843.4    	1836.76   	1848.3    	1832.39   	9.58321   	4.91855   	1.66525   	1.72996   	1.66137   
46.750000	1860.62   	1853.9    	1865.61   	1849.6    	9.67416   	4.96286   	1.68072   	1.74536   	1.67703   
47.000000	1877.83   	1871.04   	1882.92   	1866.82   	9.7651    	5.00716   	1.69619   	1.76077   	1.69269   
47.250000	1895.93   	1889.07   	1901.11   	1884.94   	9.86067   	5.05347   	1.71244   	1.7769    	1.70917   
47.500000	1914.02   	1907.1    	1919.31   	1903.06   	9.95624   	5.09978   	1.72869   	1.79302   	1.72566   
47.750000	1932.12   	1925.13   	1937.51   	1921.18   	10.0518   	5.1461    	1.74494   	1.80915   	1.74214   
48.000000	1950.21   	1943.17   	1955.71   	1939.29   	10.1474   	5.19241   	1.76119   	1.82528   	1.75863   
48.250000	1968.31   	1961.2    	1973.91   	1957.41   	10.243    	5.23872   	1.77745   	1.8414    	1.77511   
48.500000	1986.41   	1979.23   	1992.11   	1975.53   	10.3385   	5.28503   	1.7937    	1.85753   	1.79159   
48.750000	2004.5    	1997.27   	2010.3    	1993.65   	10.4341   	5.33135   	1.80995   	1.87366   	1.80808   
49.000000	2022.6    	2015.3    	2028.5    	2011.77   	10.5297   	5.37766   	1.8262    	1.88979   	1.82456   
49.250000	2040.69   	2033.33   	2046.7    	2029.88   	10.6252   	5.42397   	1.84245   	1.90591   	1.84105   
49.500000	2058.79   	2051.37   	2064.9    	2048      	10.7208   	5.47029   	1.85871   	1.92204   	1.85753   
49.750000	2076.89   	2069.4    	2083.1    	2066.12   	10.8164   	5.5166    	1.87496   	1.93817   	1.87402   
50.000000	2094.98   	2087.43   	2101.3    	2084.24   	10.9119   	5.56291   	1.89121   	1.95429   	1.8905    
50.250000	2114.23   	2106.64   	2120.66   	2103.53   	11.0136   	5.6119    	1.90849   	1.97136   	1.90807   
50.500000	2133.48   	2125.84   	2140.02   	2122.83   	11.1152   	5.66089   	1.92576   	1.98843   	1.92564   
50.750000	2152.73   	2145.04   	2159.39   	2142.13   	11.2169   	5.70989   	1.94304   	2.0055    	1.9432    
51.000000	2171.98   	2164.25   	2178.75   	2161.43   	11.3185   	5.75888   	1.96031   	2.02257   	1.96077   
51.250000	2191.23   	2183.45   	2198.12   	2180.73   	11.4202   	5.80787   	1.97759   	2.03964   	1.97834   
51.500000	2210.48   	2202.66   	2217.48   	2200.02   	11.5218   	5.85686   	1.99486   	2.05671   	1.9959    
51.750000	2229.73   	2221.86   	2236.84   	2219.32   	11.6235   	5.90585   	2.01214   	2.07378   	2.01347   
52.000000	2248.98   	2241.06   	2256.21   	2238.62   	11.7251   	5.95485   	2.02942   	2.09084   	2.03104   
52.250000	2268.23   	2260.27   	2275.57   	2257.92   	11.8267   	6.00384   	2.04669   	2.10791   	2.0486    
52.500000	2287.48   	2279.47   	2294.93   	2277.21   	11.9284   	6.05283   	2.06397   	2.12498   	2.06617   
52.750000	2306.73   	2298.68   	2314.3    	2296.51   	12.03     	6.10182   	2.08124   	2.14205   	2.08374   
53.000000	2325.98   	2317.88   	2333.66   	2315.81   	12.1317   	6.15081   	2.09852   	2.15912   	2.1013    
53.250000	2345.23   	2337.08   	2353.03   	2335.11   	12.2333   	6.1998    	2.11579   	2.17619   	2.11887   
53.500000	2364.48   	2356.29   	2372.39   	2354.4    	12.335    	6.2488    	2.13307   	2.19326   	2.13644   
53.750000	2383.73   	2375.49   	2391.75   	2373.7    	12.4366   	6.29779   	2.15034   	2.21032   	2.154     
54.000000	2402.98   	2394.7    	2411.12   	2393      	12.5383   	6.34678   	2.16762   	2.22739   	2.17157   
54.250000	2422.23   	2413.9    	2430.48   	2412.3    	12.6399   	6.39577   	2.1849    	2.24446   	2.18914   
54.500000	2441.48   	2433.1    	2449.85   	2431.59   	12.7416   	6.44476   	2.20217   	2.26153   	2.2067    
54.750000	2460.73   	2452.31   	2469.21   	2450.89   	12.8432   	6.49376   	2.21945   	2.2786    	2.22427   
55.000000	2479.98   	2471.51   	2488.57   	2470.19   	12.9448   	6.54275   	2.23672   	2.29567   	2.24184   
55.250000	2500.64   	2492.15   	2509.36   	2490.93   	13.0538   	6.59494   	2.25524   	2.31388   	2.26072   
55.500000	2521.3    	2512.78   	2530.15   	2511.67   	13.1629   	6.64713   	2.27376   	2.33209   	2.27961   
55.750000	2541.96   	2533.42   	2550.94   	2532.41   	13.2719   	6.69932   	2.29228   	2.3503    	2.2985    
56.000000	2562.62   	2554.06   	2571.73   	2553.15   	13.3809   	6.75151   	2.3108    	2.36851   	2.31739   
56.250000	2583.29   	2574.69   	2592.52   	2573.89   	13.4899   	6.8037    	2.32931   	2.38672   	2.33627   
56.500000	2603.95   	2595.33   	2613.31   	2594.63   	13.5989   	6.8559    	2.34783   	2.40492   	2.35516   
56.750000	2624.61   	2615.97   	2634.09   	2615.38   	13.7079   	6.90809   	2.36635   	2.42313   	2.37405   
57.000000	2645.27   	2636.6    	2654.88   	2636.12   	13.8169   	6.96028   	2.38487   	2.44134   	2.39294   
57.250000	2665.93   	2657.24   	2675.67   	2656.86   	13.9259   	7.01247   	2.40339   	2.45955   	2.41183   
57.500000	2686.59   	2677.88   	2696.46   	2677.6    	14.0349   	7.06466   	2.42191   	2.47776   	2.43071   
57.750000	2707.25   	2698.51   	2717.25   	2698.34   	14.1439   	7.11685   	2.44043   	2.49597   	2.4496    
58.000000	2727.91   	2719.15   	2738.04   	2719.08   	14.2529   	7.16904   	2.45894   	2.51418   	2.46849   
58.250000	2748.57   	2739.79   	2758.82   	2739.82   	14.3619   	7.22123   	2.47746   	2.53239   	2.48738   
58.500000	2769.23   	2760.42   	2779.61   	2760.56   	14.4709   	7.27342   	2.49598   	2.5506    	2.50627   
58.750000	2789.89   	2781.06   	2800.4    	2781.3    	14.5799   	7.32562   	2.5145    	2.56881   	2.52515   
59.000000	2810.55   	2801.7    	2821.19   	2802.04   	14.6889   	7.37781   	2.53302   	2.58702   	2.54404   
59.250000	2831.21   	2822.33   	2841.98   	2822.78   	14.7979   	7.43      	2.55154   	2.60523   	2.56293   
59.500000	2851.87   	2842.97   	2862.77   	2843.53   	14.9069   	7.48219   	2.57006   	2.62344   	2.58182   
59.750000	2872.54   	2863.61   	2883.56   	2864.27   	15.0159   	7.53438   	2.58857   	2.64165   	2.60071   
60.000000	2893.2    	2884.24   	2904.34   	2885.01   	15.1249   	7.58657   	2.60709   	2.65986   	2.61959   
60.250000	2915.23   	2906.28   	2926.52   	2907.16   	15.241    	7.64186   	2.62681   	2.67917   	2.63977   
60.500000	2937.27   	2928.31   	2948.7    	2929.31   	15.3571   	7.69715   	2.64654   	2.69848   	2.65994   
60.750000	2959.31   	2950.35   	2970.88   	2951.46   	15.4732   	7.75243   	2.66626   	2.71779   	2.68012   
61.000000	2981.35   	2972.38   	2993.06   	2973.61   	15.5893   	7.80772   	2.68598   	2.7371    	2.70029   
61.250000	3003.38   	2994.42   	3015.23   	2995.76   	15.7054   	7.86301   	2.7057    	2.75641   	2.72047   
61.500000	3025.42   	3016.45   	3037.41   	3017.91   	15.8215   	7.91829   	2.72542   	2.77573   	2.74064   
61.750000	3047.46   	3038.49   	3059.59   	3040.06   	15.9376   	7.97358   	2.74514   	2.79504   	2.76082   
62.000000	3069.5    	3060.52   	3081.77   	3062.21   	16.0537   	8.02887   	2.76486   	2.81435   	2.78099   
62.250000	3091.54   	3082.56   	3103.94   	3084.36   	16.1698   	8.08415   	2.78458   	2.83366   	2.80117   
62.500000	3113.57   	3104.59   	3126.12   	3106.51   	16.2859   	8.13944   	2.80431   	2.85297   	2.82134   
62.750000	3135.61   	3126.63   	3148.3    	3128.66   	16.402    	8.19473   	2.82403   	2.87228   	2.84151   
63.000000	3157.65   	3148.66   	3170.48   	3150.81   	16.5181   	8.25001   	2.84375   	2.89159   	2.86169   
63.250000	3179.69   	3170.7    	3192.65   	3172.96   	16.6342   	8.3053    	2.86347   	2.91091   	2.88186   
63.500000	3201.72   	3192.73   	3214.83   	3195.11   	16.7503   	8.36059   	2.88319   	2.93022   	2.90204   
63.750000	3223.76   	3214.77   	3237.01   	3217.26   	16.8665   	8.41587   	2.90291   	2.94953   	2.92221   
64.000000	3245.8    	3236.8    	3259.19   	3239.41   	16.9826   	8.47116   	2.92263   	2.96884   	2.94239   
64.250000	3267.84   	3258.84   	3281.36   	3261.56   	17.0987   	8.52645   	2.94236   	2.98815   	2.96256   
64.500000	3289.88   	3280.87   	3303.54   	3283.71   	17.2148   	8.58173   	2.96208   	3.00746   	2.98274   
64.750000	3311.91   	3302.91   	3325.72   	3305.86   	17.3309   	8.63702   	2.9818    	3.02677   	3.00291   
65.000000	3333.95   	3324.94   	3347.9    	3328.01   	17.447    	8.69231   	3.00152   	3.04609   	3.02309   
65.250000	3357.33   	3348.34   	3371.43   	3351.53   	17.57     	8.7506    	3.02241   	3.06647   	3.04452   
65.500000	3380.72   	3371.75   	3394.97   	3375.06   	17.693    	8.80889   	3.0433    	3.08685   	3.06595   
65.750000	3404.1    	3395.15   	3418.51   	3398.59   	17.816    	8.86719   	3.06419   	3.10723   	3.08738   
66.000000	3427.48   	3418.55   	3442.04   	3422.11   	17.939    	8.92548   	3.08508   	3.12761   	3.10882   
66.250000	3450.87   	3441.95   	3465.58   	3445.64   	18.062    	8.98377   	3.10597   	3.14799   	3.13025   
66.500000	3474.25   	3465.35   	3489.12   	3469.17   	18.185    	9.04206   	3.12686   	3.16837   	3.15168   
66.750000	3497.63   	3488.75   	3512.65   	3492.7    	18.308    	9.10036   	3.14775   	3.18875   	3.17312   
67.000000	3521.02   	3512.15   	3536.19   	3516.22   	18.431    	9.15865   	3.16864   	3.20913   	3.19455   
67.250000	3544.4    	3535.55   	3559.73   	3539.75   	18.554    	9.21694   	3.18953   	3.22952   	3.21598   
67.500000	3567.78   	3558.95   	3583.26   	3563.28   	18.677    	9.27524   	3.21042   	3.2499    	3.23741   
67.750000	3591.17   	3582.35   	3606.8    	3586.8    	18.8      	9.33353   	3.23131   	3.27028   	3.25885   
68.000000	3614.55   	3605.76   	3630.34   	3610.33   	18.923    	9.39182   	3.2522    	3.29066   	3.28028   
68.250000	3637.93   	3629.16   	3653.87   	3633.86   	19.046    	9.45012   	3.27309   	3.31104   	3.30171   
68.500000	3661.32   	3652.56   	3677.41   	3657.38   	19.169    	9.50841   	3.29398   	3.33142   	3.32314   
68.750000	3684.7    	3675.96   	3700.94   	3680.91   	19.292    	9.5667    	3.31487   	3.3518    	3.34458   
69.000000	3708.08   	3699.36   	3724.48   	3704.44   	19.415    	9.625     	3.33576   	3.37218   	3.36601   
69.250000	3731.46   	3722.76   	3748.02   	3727.96   	19.538    	9.68329   	3.35665   	3.39256   	3.38744   
69.500000	3754.85   	3746.16   	3771.55   	3751.49   	19.661    	9.74158   	3.37754   	3.41294   	3.40887   
69.750000	3778.23   	3769.56   	3795.09   	3775.02   	19.784    	9.79988   	3.39843   	3.43333   	3.43031   
70.000000	3801.61   	3792.96   	3818.63   	3798.54   	19.907    	9.85817   	3.41932   	3.45371   	3.45174   
70.250000	3826.31   	3817.7    	3843.49   	3823.42   	20.0366   	9.91934   	3.44134   	3.47512   	3.4744    
70.500000	3851.01   	3842.44   	3868.36   	3848.29   	20.1663   	9.98051   	3.46336   	3.49654   	3.49706   
70.750000	3875.71   	3867.17   	3893.22   	3873.16   	20.296    	10.0417   	3.48539   	3.51796   	3.51972   
71.000000	3900.41   	3891.91   	3918.08   	3898.03   	20.4256   	10.1029   	3.50741   	3.53938   	3.54238   
71.250000	3925.11   	3916.64   	3942.95   	3922.91   	20.5553   	10.164    	3.52943   	3.56079   	3.56504   
71.500000	3949.81   	3941.38   	3967.81   	3947.78   	20.685    	10.2252   	3.55146   	3.58221   	3.5877    
71.750000	3974.51   	3966.12   	3992.67   	3972.65   	20.8146   	10.2864   	3.57348   	3.60363   	3.61036   
72.000000	3999.21   	3990.85   	4017.54   	3997.53   	20.9443   	10.3475   	3.5955    	3.62505   	3.63302   
72.250000	4023.9    	4015.59   	4042.4    	4022.4    	21.074    	10.4087   	3.61753   	3.64647   	3.65568   
72.500000	4048.6    	4040.32   	4067.27   	4047.27   	21.2036   	10.4699   	3.63955   	3.66788   	3.67834   
72.750000	4073.3    	4065.06   	4092.13   	4072.15   	21.3333   	10.531    	3.66157   	3.6893    	3.701     
73.000000	4098      	4089.8    	4116.99   	4097.02   	21.463    	10.5922   	3.68359   	3.71072   	3.72366   
73.250000	4122.7    	4114.53   	4141.86   	4121.89   	21.5926   	10.6534   	3.70562   	3.73214   	3.74632   
73.500000	4147.4    	4139.27   	4166.72   	4146.76   	21.7223   	10.7146   	3.72764   	3.75355   	3.76898   
73.750000	4172.1    	4164      	4191.59   	4171.64   	21.852    	10.7757   	3.74966   	3.77497   	3.79164   
74.000000	4196.8    	4188.74   	4216.45   	4196.51   	21.9816   	10.8369   	3.77169   	3.79639   	3.8143    
74.250000	4221.5    	4213.48   	4241.31   	4221.38   	22.1113   	10.8981   	3.79371   	3.81781   	3.83696   
74.500000	4246.19   	4238.21   	4266.18   	4246.26   	22.2409   	10.9592   	3.81573   	3.83922   	3.85962   
74.750000	4270.89   	4262.95   	4291.04   	4271.13   	22.3706   	11.0204   	3.83776   	3.86064   	3.88228   
75.000000	4295.59   	4287.68   	4315.91   	4296      	22.5003   	11.0816   	3.85978   	3.88206   	3.90494   
75.250000	4321.58   	4313.73   	4342.07   	4322.19   	22.6364   	11.1456   	3.8829    	3.90448   	3.9288    
75.500000	4347.57   	4339.77   	4368.23   	4348.38   	22.7725   	11.2096   	3.90603   	3.92691   	3.95266   
75.750000	4373.55   	4365.81   	4394.4    	4374.57   	22.9087   	11.2737   	3.92915   	3.94933   	3.97652   
76.000000	4399.54   	4391.85   	4420.56   	4400.76   	23.0448   	11.3377   	3.95227   	3.97176   	4.00038   
76.250000	4425.53   	4417.89   	4446.72   	4426.95   	23.1809   	11.4017   	3.9754    	3.99418   	4.02424   
76.500000	4451.51   	4443.93   	4472.88   	4453.14   	23.317    	11.4658   	3.99852   	4.01661   	4.0481    
76.750000	4477.5    	4469.97   	4499.05   	4479.33   	23.4532   	11.5298   	4.02165   	4.03903   	4.07196   
77.000000	4503.49   	4496.02   	4525.21   	4505.52   	23.5893   	11.5938   	4.04477   	4.06146   	4.09582   
77.250000	4529.47   	4522.06   	4551.37   	4531.71   	23.7254   	11.6579   	4.06789   	4.08388   	4.11968   
77.500000	4555.46   	4548.1    	4577.54   	4557.9    	23.8616   	11.7219   	4.09102   	4.10631   	4.14354   
77.750000	4581.45   	4574.14   	4603.7    	4584.09   	23.9977   	11.786    	4.11414   	4.12873   	4.1674    
78.000000	4607.44   	4600.18   	4629.86   	4610.28   	24.1338   	11.85     	4.13727   	4.15116   	4.19126   
78.250000	4633.42   	4626.22   	4656.02   	4636.47   	24.2699   	11.914    	4.16039   	4.17358   	4.21512   
78.500000	4659.41   	4652.26   	4682.19   	4662.66   	24.4061   	11.9781   	4.18351   	4.19601   	4.23898   
78.750000	4685.4    	4678.31   	4708.35   	4688.85   	24.5422   	12.0421   	4.20664   	4.21843   	4.26284   
79.000000	4711.38   	4704.35   	4734.51   	4715.04   	24.6783   	12.1061   	4.22976   	4.24086   	4.2867    
79.250000	4737.37   	4730.39   	4760.68   	4741.23   	24.8145   	12.1702   	4.25289   	4.26328   	4.31056   
79.500000	4763.36   	4756.43   	4786.84   	4767.42   	24.9506   	12.2342   	4.27601   	4.28571   	4.33442   
79.750000	4789.34   	4782.47   	4813      	4793.61   	25.0867   	12.2982   	4.29913   	4.30813   	4.35828   
80.000000	4815.33   	4808.51   	4839.17   	4819.8    	25.2228   	12.3623   	4.32226   	4.33056   	4.38214   
80.250000	4842.58   	4835.83   	4866.6    	4847.27   	25.3653   	12.429    	4.34645   	4.35397   	4.40717   
80.500000	4869.83   	4863.15   	4894.04   	4874.75   	25.5077   	12.4958   	4.37065   	4.37737   	4.43221   
80.750000	4897.08   	4890.47   	4921.47   	4902.23   	25.6501   	12.5626   	4.39485   	4.40078   	4.45724   
81.000000	4924.32   	4917.79   	4948.91   	4929.71   	25.7925   	12.6294   	4.41904   	4.42419   	4.48228   
81.250000	4951.57   	4945.11   	4976.35   	4957.19   	25.9349   	12.6962   	4.44324   	4.44759   	4.50731   
81.500000	4978.82   	4972.42   	5003.78   	4984.67   	26.0773   	12.763    	4.46743   	4.471     	4.53235   
81.750000	5006.07   	4999.74   	5031.22   	5012.15   	26.2197   	12.8297   	4.49163   	4.4944    	4.55739   
82.000000	5033.32   	5027.06   	5058.65   	5039.63   	26.3621   	12.8965   	4.51582   	4.51781   	4.58242   
82.250000	5060.57   	5054.38   	5086.09   	5067.1    	26.5046   	12.9633   	4.54002   	4.54122   	4.60746   
82.500000	5087.81   	5081.7    	5113.53   	5094.58   	26.647    	13.0301   	4.56422   	4.56462   	4.63249   
82.750000	5115.06   	5109.02   	5140.96   	5122.06   	26.7894   	13.0969   	4.58841   	4.58803   	4.65753   
83.000000	5142.31   	5136.33   	5168.4    	5149.54   	26.9318   	13.1636   	4.61261   	4.61144   	4.68256   
83.250000	5169.56   	5163.65   	5195.83   	5177.02   	27.0742   	13.2304   	4.6368    	4.63484   	4.7076    
83.500000	5196.81   	5190.97   	5223.27   	5204.5    	27.2166   	13.2972   	4.661     	4.65825   	4.73263   
83.750000	5224.06   	5218.29   	5250.71   	5231.98   	27.359    	13.364    	4.6852    	4.68166   	4.75767   
84.000000	5251.3    	5245.61   	5278.14   	5259.46   	27.5015   	13.4308   	4.70939   	4.70506   	4.7827    
84.250000	5278.55   	5272.93   	5305.58   	5286.93   	27.6439   	13.4976   	4.73359   	4.72847   	4.80774   
84.500000	5305.8    	5300.25   	5333.01   	5314.41   	27.7863   	13.5643   	4.75778   	4.75187   	4.83277   
84.750000	5333.05   	5327.56   	5360.45   	5341.89   	27.9287   	13.6311   	4.78198   	4.77528   	4.85781   
85.000000	5360.3    	5354.88   	5387.89   	5369.37   	28.0711   	13.6979   	4.80617   	4.79869   	4.88284   
85.250000	5388.78   	5383.45   	5416.57   	5398.11   	28.2196   	13.7674   	4.83141   	4.82305   	4.90903   
85.500000	5417.27   	5412.02   	5445.25   	5426.85   	28.3681   	13.8368   	4.85665   	4.84741   	4.93521   
85.750000	5445.75   	5440.59   	5473.93   	5455.59   	28.5166   	13.9063   	4.88188   	4.87177   	4.96139   
86.000000	5474.24   	5469.16   	5502.61   	5484.33   	28.665    	13.9757   	4.90712   	4.89613   	4.98758   
86.250000	5502.72   	5497.72   	5531.29   	5513.07   	28.8135   	14.0452   	4.93235   	4.92049   	5.01376   
86.500000	5531.21   	5526.29   	5559.97   	5541.82   	28.962    	14.1147   	4.95759   	4.94484   	5.03994   
86.750000	5559.69   	5554.86   	5588.66   	5570.56   	29.1105   	14.1841   	4.98282   	4.9692    	5.06613   
87.000000	5588.18   	5583.43   	5617.34   	5599.3    	29.259    	14.2536   	5.00806   	4.99356   	5.09231   
87.250000	5616.66   	5612      	5646.02   	5628.04   	29.4075   	14.323    	5.0333    	5.01792   	5.11849   
87.500000	5645.15   	5640.57   	5674.7    	5656.78   	29.5559   	14.3925   	5.05853   	5.04228   	5.14467   
87.750000	5673.63   	5669.13   	5703.38   	5685.52   	29.7044   	14.462    	5.08377   	5.06664   	5.17086   
88.000000	5702.12   	5697.7    	5732.06   	5714.26   	29.8529   	14.5314   	5.109     	5.091     	5.19704   
88.250000	5730.6    	5726.27   	5760.74   	5743      	30.0014   	14.6009   	5.13424   	5.11536   	5.22322   
88.500000	5759.09   	5754.84   	5789.43   	5771.74   	30.1499   	14.6703   	5.15947   	5.13972   	5.24941   
88.750000	5787.57   	5783.41   	5818.11   	5800.48   	30.2984   	14.7398   	5.18471   	5.16408   	5.27559   
89.000000	5816.06   	5811.98   	5846.79   	5829.23   	30.4469   	14.8093   	5.20995   	5.18844   	5.30177   
89.250000	5844.54   	5840.54   	5875.47   	5857.97   	30.5953   	14.8787   	5.23518   	5.2128    	5.32796   
89.500000	5873.03   	5869.11   	5904.15   	5886.71   	30.7438   	14.9482   	5.26042   	5.23716   	5.35414   
89.750000	5901.51   	5897.68   	5932.83   	5915.45   	30.8923   	15.0177   	5.28565   	5.26152   	5.38032   
90.000000	5930      	5926.25   	5961.51   	5944.19   	31.0408   	15.0871   	5.31089   	5.28588   	5.40651   
90.250000	5959.7    	5956.04   	5991.42   	5974.17   	31.1952   	15.1592   	5.33713   	5.31116   	5.43381   
90.500000	5989.4    	5985.83   	6021.32   	6004.14   	31.3495   	15.2312   	5.36338   	5.33645   	5.46112   
90.750000	6019.09   	6015.62   	6051.22   	6034.12   	31.5039   	15.3033   	5.38963   	5.36174   	5.48842   
91.000000	6048.79   	6045.42   	6081.12   	6064.1    	31.6582   	15.3754   	5.41587   	5.38702   	5.51573   
91.250000	6078.49   	6075.21   	6111.02   	6094.08   	31.8126   	15.4474   	5.44212   	5.41231   	5.54303   
91.500000	6108.19   	6105      	6140.92   	6124.05   	31.967    	15.5195   	5.46836   	5.4376    	5.57034   
91.750000	6137.89   	6134.79   	6170.82   	6154.03   	32.1213   	15.5916   	5.49461   	5.46288   	5.59764   
92.000000	6167.58   	6164.58   	6200.72   	6184.01   	32.2757   	15.6637   	5.52086   	5.48817   	5.62495   
92.250000	6197.28   	6194.38   	6230.62   	6213.99   	32.43     	15.7357   	5.5471    	5.51346   	5.65225   
92.500000	6226.98   	6224.17   	6260.52   	6243.96   	32.5844   	15.8078   	5.57335   	5.53874   	5.67956   
92.750000	6256.68   	6253.96   	6290.43   	6273.94   	32.7388   	15.8799   	5.5996    	5.56403   	5.70686   
93.000000	6286.38   	6283.75   	6320.33   	6303.92   	32.8931   	15.9519   	5.62584   	5.58932   	5.73417   
93.250000	6316.07   	6313.54   	6350.23   	6333.9    	33.0475   	16.024    	5.65209   	5.6146    	5.76147   
93.500000	6345.77   	6343.34   	6380.13   	6363.87   	33.2019   	16.0961   	5.67833   	5.63989   	5.78878   
93.750000	6375.47   	6373.13   	6410.03   	6393.85   	33.3562   	16.1681   	5.70458   	5.66518   	5.81608   
94.000000	6405.17   	6402.92   	6439.93   	6423.83   	33.5106   	16.2402   	5.73083   	5.69046   	5.84339   
94.250000	6434.87   	6432.71   	6469.83   	6453.81   	33.6649   	16.3123   	5.75707   	5.71575   	5.87069   
94.500000	6464.56   	6462.5    	6499.73   	6483.78   	33.8193   	16.3843   	5.78332   	5.74104   	5.898     
94.750000	6494.26   	6492.3    	6529.63   	6513.76   	33.9737   	16.4564   	5.80956   	5.76632   	5.9253    
95.000000	6523.96   	6522.09   	6559.54   	6543.74   	34.128    	16.5285   	5.83581   	5.79161   	5.95261   
95.250000	6554.85   	6553.08   	6590.63   	6574.93   	34.2881   	16.603    	5.86304   	5.8178    	5.98101   
95.500000	6585.74   	6584.07   	6621.73   	6606.12   	34.4481   	16.6776   	5.89026   	5.84399   	6.00941   
95.750000	6616.63   	6615.06   	6652.82   	6637.31   	34.6081   	16.7521   	5.91749   	5.87018   	6.03781   
96.000000	6647.51   	6646.05   	6683.92   	6668.5    	34.7682   	16.8267   	5.94472   	5.89636   	6.06621   
96.250000	6678.4    	6677.04   	6715.01   	6699.69   	34.9282   	16.9012   	5.97194   	5.92255   	6.09462   
96.500000	6709.29   	6708.03   	6746.11   	6730.87   	35.0883   	16.9758   	5.99917   	5.94874   	6.12302   
96.750000	6740.18   	6739.02   	6777.2    	6762.06   	35.2483   	17.0504   	6.0264    	5.97493   	6.15142   
97.000000	6771.07   	6770.01   	6808.3    	6793.25   	35.4084   	17.1249   	6.05362   	6.00112   	6.17982   
97.250000	6801.96   	6801      	6839.39   	6824.44   	35.5684   	17.1995   	6.08085   	6.0273    	6.20822   
97.500000	6832.85   	6831.99   	6870.49   	6855.63   	35.7284   	17.274    	6.10808   	6.05349   	6.23662   
97.750000	6863.73   	6862.98   	6901.58   	6886.82   	35.8885   	17.3486   	6.13531   	6.07968   	6.26502   
98.000000	6894.62   	6893.97   	6932.68   	6918.01   	36.0485   	17.4231   	6.16253   	6.10587   	6.29343   
98.250000	6925.51   	6924.97   	6963.77   	6949.2    	36.2086   	17.4977   	6.18976   	6.13206   	6.32183   
98.500000	6956.4    	6955.96   	6994.87   	6980.39   	36.3686   	17.5722   	6.21699   	6.15824   	6.35023   
98.750000	6987.29   	6986.95   	7025.96   	7011.58   	36.5286   	17.6468   	6.24421   	6.18443   	6.37863   
99.000000	7018.18   	7017.94   	7057.06   	7042.77   	36.6887   	17.7214   	6.27144   	6.21062   	6.40703   
99.250000	7049.06   	7048.93   	7088.15   	7073.96   	36.8487   	17.7959   	6.29867   	6.23681   	6.43543   
99.500000	7079.95   	7079.92   	7119.25   	7105.15   	37.0088   	17.8705   	6.32589   	6.263     	6.46384   
99.750000	7110.84   	7110.91   	7150.34   	7136.34   	37.1688   	17.945    	6.35312   	6.28919   	6.49224   
100.000000	7141.73   	7141.9    	7181.44   	7167.53   	37.3289   	18.0196   	6.38035   	6.31537   	6.52064   
100.250000	7173.79   	7174.06   	7213.7    	7199.9    	37.4944   	18.0966   	6.40853   	6.34244   	6.55011   
100.500000	7205.84   	7206.23   	7245.97   	7232.28   	37.66     	18.1736   	6.43671   	6.36951   	6.57959   
100.750000	7237.9    	7238.39   	7278.24   	7264.66   	37.8256   	18.2506   	6.46489   	6.39658   	6.60907   
101.000000	7269.96   	7270.56   	7310.51   	7297.04   	37.9912   	18.3276   	6.49308   	6.42364   	6.63854   
101.250000	7302.02   	7302.72   	7342.77   	7329.41   	38.1567   	18.4046   	6.52126   	6.45071   	6.66802   
101.500000	7334.07   	7334.89   	7375.04   	7361.79   	38.3223   	18.4816   	6.54944   	6.47778   	6.69749   
101.750000	7366.13   	7367.05   	7407.31   	7394.17   	38.4879   	18.5586   	6.57762   	6.50485   	6.72697   
102.000000	7398.19   	7399.22   	7439.58   	7426.55   	38.6535   	18.6357   	6.6058    	6.53191   	6.75645   
102.250000	7430.25   	7431.38   	7471.84   	7458.92   	38.819    	18.7127   	6.63399   	6.55898   	6.78592   
102.500000	7462.3    	7463.55   	7504.11   	7491.3    	38.9846   	18.7897   	6.66217   	6.58605   	6.8154    
102.750000	7494.36   	7495.71   	7536.38   	7523.68   	39.1502   	18.8667   	6.69035   	6.61312   	6.84487   
103.000000	7526.42   	7527.88   	7568.65   	7556.06   	39.3158   	18.9437   	6.71853   	6.64019   	6.87435   
103.250000	7558.48   	7560.04   	7600.91   	7588.43   	39.4814   	19.0207   	6.74671   	6.66725   	6.90383   
103.500000	7590.53   	7592.21   	7633.18   	7620.81   	39.6469   	19.0977   	6.7749    	6.69432   	6.9333    
103.750000	7622.59   	7624.37   	7665.45   	7653.19   	39.8125   	19.1747   	6.80308   	6.72139   	6.96278   
104.000000	7654.65   	7656.54   	7697.71   	7685.57   	39.9781   	19.2517   	6.83126   	6.74846   	6.99225   
104.250000	7686.71   	7688.7    	7729.98   	7717.94   	40.1437   	19.3287   	6.85944   	6.77552   	7.02173   
104.500000	7718.76   	7720.87   	7762.25   	7750.32   	40.3092   	19.4057   	6.88762   	6.80259   	7.0512    
104.750000	7750.82   	7753.03   	7794.52   	7782.7    	40.4748   	19.4827   	6.91581   	6.82966   	7.08068   
105.000000	7782.88   	7785.2    	7826.78   	7815.08   	40.6404   	19.5597   	6.94399   	6.85673   	7.11016   
105.250000	7816.08   	7818.51   	7860.2    	7848.62   	40.8113   	19.6391   	6.9731    	6.88465   	7.14068   
105.500000	7849.29   	7851.83   	7893.62   	7882.16   	40.9823   	19.7185   	7.00221   	6.91258   	7.17121   
105.750000	7882.49   	7885.15   	7927.04   	7915.7    	41.1532   	19.7979   	7.03132   	6.9405    	7.20174   
106.000000	7915.7    	7918.46   	7960.45   	7949.25   	41.3242   	19.8773   	7.06044   	6.96843   	7.23227   
106.250000	7948.91   	7951.78   	7993.87   	7982.79   	41.4951   	19.9567   	7.08955   	6.99635   	7.2628    
106.500000	7982.11   	7985.09   	8027.29   	8016.33   	41.666    	20.0361   	7.11866   	7.02428   	7.29332   
106.750000	8015.32   	8018.41   	8060.7    	8049.88   	41.837    	20.1155   	7.14777   	7.0522    	7.32385   
107.000000	8048.52   	8051.73   	8094.12   	8083.42   	42.0079   	20.1949   	7.17688   	7.08013   	7.35438   
107.250000	8081.73   	8085.04   	8127.54   	8116.96   	42.1789   	20.2743   	7.20599   	7.10806   	7.38491   
107.500000	8114.94   	8118.36   	8160.95   	8150.5    	42.3498   	20.3537   	7.23511   	7.13598   	7.41544   
107.750000	8148.14   	8151.67   	8194.37   	8184.05   	42.5207   	20.4331   	7.26422   	7.16391   	7.44597   
108.000000	8181.35   	8184.99   	8227.79   	8217.59   	42.6917   	20.5125   	7.29333   	7.19183   	7.47649   
108.250000	8214.55   	8218.31   	8261.21   	8251.13   	42.8626   	20.5919   	7.32244   	7.21976   	7.50702   
108.500000	8247.76   	8251.62   	8294.62   	8284.67   	43.0336   	20.6713   	7.35155   	7.24768   	7.53755   
108.750000	8280.96   	8284.94   	8328.04   	8318.22   	43.2045   	20.7507   	7.38066   	7.27561   	7.56808   
109.000000	8314.17   	8318.25   	8361.46   	8351.76   	43.3755   	20.8301   	7.40978   	7.30353   	7.59861   
109.250000	8347.38   	8351.57   	8394.87   	8385.3    	43.5464   	20.9095   	7.43889   	7.33146   	7.62913   
109.500000	8380.58   	8384.89   	8428.29   	8418.84   	43.7173   	20.9889   	7.468     	7.35938   	7.65966   
109.750000	8413.79   	8418.2    	8461.71   	8452.39   	43.8883   	21.0683   	7.49711   	7.38731   	7.69019   
110.000000	8446.99   	8451.52   	8495.12   	8485.93   	44.0592   	21.1477   	7.52622   	7.41523   	7.72072   
110.250000	8481.33   	8485.96   	8529.67   	8520.62   	44.2353   	21.2294   	7.55624   	7.44399   	7.75227   
110.500000	8515.66   	8520.41   	8564.21   	8555.3    	44.4114   	21.3111   	7.58625   	7.47275   	7.78383   
110.750000	8550      	8554.85   	8598.75   	8589.99   	44.5876   	21.3929   	7.61626   	7.50151   	7.81538   
111.000000	8584.33   	8589.3    	8633.29   	8624.67   	44.7637   	21.4746   	7.64627   	7.53027   	7.84694   
111.250000	8618.67   	8623.74   	8667.84   	8659.36   	44.9398   	21.5563   	7.67629   	7.55903   	7.87849   
111.500000	8653      	8658.19   	8702.38   	8694.05   	45.1159   	21.638    	7.7063    	7.58779   	7.91005   
111.750000	8687.33   	8692.63   	8736.92   	8728.73   	45.292    	21.7197   	7.73631   	7.61655   	7.9416    
112.000000	8721.67   	8727.07   	8771.46   	8763.42   	45.4681   	21.8014   	7.76633   	7.6453    	7.97316   
112.250000	8756      	8761.52   	8806.01   	8798.1    	45.6442   	21.8832   	7.79634   	7.67406   	8.00471   
112.500000	8790.34   	8795.96   	8840.55   	8832.79   	45.8203   	21.9649   	7.82635   	7.70282   	8.03627   
112.750000	8824.67   	8830.41   	8875.09   	8867.47   	45.9964   	22.0466   	7.85636   	7.73158   	8.06782   
113.000000	8859.01   	8864.85   	8909.63   	8902.16   	46.1725   	22.1283   	7.88638   	7.76034   	8.09938   
113.250000	8893.34   	8899.3    	8944.18   	8936.85   	46.3487   	22.21     	7.91639   	7.7891    	8.13093   
113.500000	8927.68   	8933.74   	8978.72   	8971.53   	46.5248   	22.2917   	7.9464    	7.81786   	8.16249   
113.750000	8962.01   	8968.19   	9013.26   	9006.22   	46.7009   	22.3735   	7.97642   	7.84662   	8.19404   
114.000000	8996.35   	9002.63   	9047.8    	9040.9    	46.877    	22.4552   	8.00643   	7.87537   	8.2256    
114.250000	9030.68   	9037.08   	9082.34   	9075.59   	47.0531   	22.5369   	8.03644   	7.90413   	8.25715   
114.500000	9065.01   	9071.52   	9116.89   	9110.27   	47.2292   	22.6186   	8.06645   	7.93289   	8.28871   
114.750000	9099.35   	9105.96   	9151.43   	9144.96   	47.4053   	22.7003   	8.09647   	7.96165   	8.32026   
115.000000	9133.68   	9140.41   	9185.97   	9179.65   	47.5814   	22.782    	8.12648   	7.99041   	8.35182   
115.250000	9169.13   	9175.96   	9221.62   	9215.45   	47.7626   	22.866    	8.15737   	8.01998   	8.38438   
115.500000	9204.57   	9211.51   	9257.27   	9251.26   	47.9437   	22.95     	8.18826   	8.04956   	8.41694   
115.750000	9240.02   	9247.06   	9292.92   	9287.07   	48.1249   	23.0341   	8.21916   	8.07913   	8.44951   
116.000000	9275.46   	9282.61   	9328.57   	9322.88   	48.3061   	23.1181   	8.25005   	8.10871   	8.48207   
116.250000	9310.91   	9318.17   	9364.22   	9358.68   	48.4872   	23.2021   	8.28094   	8.13828   	8.51463   
116.500000	9346.35   	9353.72   	9399.87   	9394.49   	48.6684   	23.2861   	8.31183   	8.16786   	8.5472    
116.750000	9381.79   	9389.27   	9435.52   	9430.3    	48.8496   	23.3701   	8.34273   	8.19743   	8.57976   
117.000000	9417.24   	9424.82   	9471.17   	9466.11   	49.0307   	23.4541   	8.37362   	8.227     	8.61232   
117.250000	9452.68   	9460.37   	9506.81   	9501.91   	49.2119   	23.5381   	8.40451   	8.25658   	8.64489   
117.500000	9488.13   	9495.92   	9542.46   	9537.72   	49.3931   	23.6221   	8.4354    	8.28615   	8.67745   
117.750000	9523.57   	9531.47   	9578.11   	9573.53   	49.5742   	23.7061   	8.4663    	8.31573   	8.71001   
118.000000	9559.02   	9567.03   	9613.76   	9609.34   	49.7554   	23.7901   	8.49719   	8.3453    	8.74258   
118.250000	9594.46   	9602.58   	9649.41   	9645.14   	49.9365   	23.8741   	8.52808   	8.37488   	8.77514   
118.500000	9629.91   	9638.13   	9685.06   	9680.95   	50.1177   	23.9581   	8.55897   	8.40445   	8.8077    
118.750000	9665.35   	9673.68   	9720.71   	9716.76   	50.2989   	24.0421   	8.58987   	8.43402   	8.84027   
119.000000	9700.79   	9709.23   	9756.36   	9752.57   	50.48     	24.1261   	8.62076   	8.4636    	8.87283   
119.250000	9736.24   	9744.78   	9792.01   	9788.37   	50.6612   	24.2101   	8.65165   	8.49317   	8.90539   
119.500000	9771.68   	9780.33   	9827.66   	9824.18   	50.8424   	24.2941   	8.68254   	8.52275   	8.93796   
119.750000	9807.13   	9815.88   	9863.31   	9859.99   	51.0235   	24.3781   	8.71344   	8.55232   	8.97052   
120.000000	9842.57   	9851.44   	9898.96   	9895.79   	51.2047   	24.4621   	8.74433   	8.5819    	9.00308   
120.250000	9879.11   	9888.07   	9935.69   	9932.7    	51.3907   	24.5483   	8.77608   	8.61227   	9.03664   
120.500000	9915.64   	9924.71   	9972.43   	9969.61   	51.5768   	24.6346   	8.80783   	8.64264   	9.07019   
120.750000	9952.18   	9961.35   	10009.2   	10006.5   	51.7629   	24.7208   	8.83957   	8.67301   	9.10374   
121.000000	9988.72   	9997.98   	10045.9   	10043.4   	51.9489   	24.8071   	8.87132   	8.70338   	9.13729   
121.250000	10025.3   	10034.6   	10082.6   	10080.3   	52.135    	24.8933   	8.90307   	8.73375   	9.17084   
121.500000	10061.8   	10071.3   	10119.4   	10117.2   	52.321    	24.9795   	8.93482   	8.76412   	9.20439   
121.750000	10098.3   	10107.9   	10156.1   	10154.2   	52.5071   	25.0658   	8.96657   	8.79449   	9.23794   
122.000000	10134.9   	10144.5   	10192.8   	10191.1   	52.6932   	25.152    	8.99832   	8.82486   	9.2715    
122.250000	10171.4   	10181.2   	10229.6   	10228     	52.8792   	25.2382   	9.03007   	8.85523   	9.30505   
122.500000	10207.9   	10217.8   	10266.3   	10264.9   	53.0653   	25.3245   	9.06182   	8.8856    	9.3386    
122.750000	10244.5   	10254.4   	10303     	10301.8   	53.2513   	25.4107   	9.09356   	8.91597   	9.37215   
123.000000	10281     	10291.1   	10339.8   	10338.7   	53.4374   	25.497    	9.12531   	8.94634   	9.4057    
123.250000	10317.5   	10327.7   	10376.5   	10375.6   	53.6235   	25.5832   	9.15706   	8.97671   	9.43925   
123.500000	10354.1   	10364.4   	10413.3   	10412.5   	53.8095   	25.6694   	9.18881   	9.00708   	9.4728    
123.750000	10390.6   	10401     	10450     	10449.4   	53.9956   	25.7557   	9.22056   	9.03745   	9.50636   
124.000000	10427.2   	10437.6   	10486.7   	10486.3   	54.1817   	25.8419   	9.25231   	9.06782   	9.53991   
124.250000	10463.7   	10474.3   	10523.5   	10523.2   	54.3677   	25.9281   	9.28406   	9.09819   	9.57346   
124.500000	10500.2   	10510.9   	10560.2   	10560.1   	54.5538   	26.0144   	9.31581   	9.12856   	9.60701   
124.750000	10536.8   	10547.5   	10596.9   	10597.1   	54.7398   	26.1006   	9.34755   	9.15893   	9.64056   
125.000000	10573.3   	10584.2   	10633.7   	10634     	54.9259   	26.1869   	9.3793    	9.1893    	9.67411   
125.250000	10610.9   	10621.9   	10671.5   	10672     	55.1167   	26.2752   	9.41188   	9.22044   	9.70863   
125.500000	10648.5   	10659.6   	10709.3   	10709.9   	55.3075   	26.3636   	9.44446   	9.25159   	9.74315   
125.750000	10686.1   	10697.3   	10747.1   	10747.9   	55.4983   	26.4519   	9.47704   	9.28273   	9.77766   
126.000000	10723.7   	10735     	10784.9   	10785.9   	55.6891   	26.5403   	9.50962   	9.31388   	9.81218   
126.250000	10761.3   	10772.7   	10822.7   	10823.9   	55.8799   	26.6286   	9.5422    	9.34503   	9.8467    
126.500000	10799     	10810.4   	10860.5   	10861.9   	56.0707   	26.717    	9.57478   	9.37617   	9.88122   
126.750000	10836.6   	10848.1   	10898.3   	10899.9   	56.2615   	26.8053   	9.60737   	9.40732   	9.91573   
127.000000	10874.2   	10885.8   	10936.1   	10937.9   	56.4523   	26.8937   	9.63995   	9.43846   	9.95025   
127.250000	10911.8   	10923.5   	10973.9   	10975.9   	56.6431   	26.982    	9.67253   	9.46961   	9.98477   
127.500000	10949.4   	10961.2   	11011.7   	11013.9   	56.8339   	27.0704   	9.70511   	9.50075   	10.0193   
127.750000	10987     	10998.9   	11049.5   	11051.8   	57.0247   	27.1588   	9.73769   	9.5319    	10.0538   
128.000000	11024.6   	11036.6   	11087.3   	11089.8   	57.2155   	27.2471   	9.77027   	9.56304   	10.0883   
128.250000	11062.2   	11074.3   	11125.1   	11127.8   	57.4063   	27.3355   	9.80285   	9.59419   	10.1228   
128.500000	11099.8   	11112     	11162.9   	11165.8   	57.5971   	27.4238   	9.83543   	9.62533   	10.1574   
128.750000	11137.5   	11149.7   	11200.7   	11203.8   	57.7879   	27.5122   	9.86801   	9.65648   	10.1919   
129.000000	11175.1   	11187.4   	11238.5   	11241.8   	57.9787   	27.6005   	9.90059   	9.68762   	10.2264   
129.250000	11212.7   	11225.1   	11276.3   	11279.8   	58.1695   	27.6889   	9.93317   	9.71877   	10.2609   
129.500000	11250.3   	11262.8   	11314.1   	11317.8   	58.3603   	27.7772   	9.96575   	9.74992   	10.2954   
129.750000	11287.9   	11300.5   	11351.9   	11355.8   	58.5511   	27.8656   	9.99833   	9.78106   	10.3299   
130.000000	11325.5   	11338.2   	11389.7   	11393.7   	58.7419   	27.9539   	10.0309   	9.81221   	10.3645   
130.250000	11364.2   	11377     	11428.5   	11432.8   	58.9373   	28.0444   	10.0643   	9.84411   	10.3999   
130.500000	11402.8   	11415.7   	11467.4   	11471.8   	59.1327   	28.1348   	10.0977   	9.87601   	10.4354   
130.750000	11441.5   	11454.5   	11506.2   	11510.9   	59.3281   	28.2253   	10.1311   	9.90791   	10.4709   
131.000000	11480.2   	11493.2   	11545.1   	11549.9   	59.5235   	28.3157   	10.1645   	9.93982   	10.5063   
131.250000	11518.8   	11532     	11583.9   	11589     	59.7189   	28.4062   	10.1979   	9.97172   	10.5418   
131.500000	11557.5   	11570.7   	11622.8   	11628     	59.9143   	28.4966   	10.2313   	10.0036   	10.5772   
131.750000	11596.2   	11609.5   	11661.6   	11667.1   	60.1097   	28.5871   	10.2646   	10.0355   	10.6127   
132.000000	11634.9   	11648.2   	11700.5   	11706.1   	60.3051   	28.6775   	10.298    	10.0674   	10.6482   
132.250000	11673.5   	11687     	11739.3   	11745.2   	60.5005   	28.768    	10.3314   	10.0993   	10.6836   
132.500000	11712.2   	11725.7   	11778.2   	11784.3   	60.6959   	28.8584   	10.3648   	10.1312   	10.7191   
132.750000	11750.9   	11764.5   	11817     	11823.3   	60.8913   	28.9488   	10.3982   	10.1631   	10.7546   
133.000000	11789.5   	11803.2   	11855.8   	11862.4   	61.0867   	29.0393   	10.4316   	10.195    	10.79     
133.250000	11828.2   	11842     	11894.7   	11901.4   	61.2821   	29.1297   	10.465    	10.2269   	10.8255   
133.500000	11866.9   	11880.7   	11933.5   	11940.5   	61.4775   	29.2202   	10.4984   	10.2588   	10.861    
133.750000	11905.5   	11919.4   	11972.4   	11979.5   	61.6729   	29.3106   	10.5318   	10.2908   	10.8964   
134.000000	11944.2   	11958.2   	12011.2   	12018.6   	61.8683   	29.4011   	10.5652   	10.3227   	10.9319   
134.250000	11982.9   	11996.9   	12050.1   	12057.6   	62.0637   	29.4915   	10.5986   	10.3546   	10.9674   
134.500000	12021.5   	12035.7   	12088.9   	12096.7   	62.2591   	29.582    	10.6319   	10.3865   	11.0028   
134.750000	12060.2   	12074.4   	12127.8   	12135.7   	62.4545   	29.6724   	10.6653   	10.4184   	11.0383   
135.000000	12098.9   	12113.2   	12166.6   	12174.8   	62.6499   	29.7629   	10.6987   	10.4503   	11.0738   
135.250000	12138.6   	12153     	12206.5   	12214.8   	62.8498   	29.8554   	10.7329   	10.4829   	11.1101   
135.500000	12178.3   	12192.7   	12246.4   	12254.9   	63.0496   	29.9479   	10.7671   	10.5155   	11.1465   
135.750000	12218     	12232.5   	12286.2   	12295     	63.2495   	30.0404   	10.8013   	10.5482   	11.1829   
136.000000	12257.7   	12272.3   	12326.1   	12335.1   	63.4494   	30.1329   	10.8354   	10.5808   	11.2193   
136.250000	12297.4   	12312.1   	12366     	12375.2   	63.6492   	30.2255   	10.8696   	10.6135   	11.2557   
136.500000	12337.1   	12351.8   	12405.9   	12415.3   	63.8491   	30.318    	10.9038   	10.6461   	11.2921   
136.750000	12376.8   	12391.6   	12445.7   	12455.4   	64.0489   	30.4105   	10.938    	10.6788   	11.3285   
137.000000	12416.6   	12431.4   	12485.6   	12495.5   	64.2488   	30.503    	10.9721   	10.7114   	11.3649   
137.250000	12456.3   	12471.2   	12525.5   	12535.6   	64.4486   	30.5956   	11.0063   	10.744    	11.4013   
137.500000	12496     	12510.9   	12565.4   	12575.7   	64.6485   	30.6881   	11.0405   	10.7767   	11.4377   
137.750000	12535.7   	12550.7   	12605.2   	12615.8   	64.8483   	30.7806   	11.0747   	10.8093   	11.474    
138.000000	12575.4   	12590.5   	12645.1   	12655.9   	65.0482   	30.8731   	11.1089   	10.842    	11.5104   
138.250000	12615.1   	12630.3   	12685     	12696     	65.2481   	30.9656   	11.143    	10.8746   	11.5468   
138.500000	12654.8   	12670     	12724.9   	12736.1   	65.4479   	31.0582   	11.1772   	10.9072   	11.5832   
138.750000	12694.5   	12709.8   	12764.7   	12776.1   	65.6478   	31.1507   	11.2114   	10.9399   	11.6196   
139.000000	12734.2   	12749.6   	12804.6   	12816.2   	65.8476   	31.2432   	11.2456   	10.9725   	11.656    
139.250000	12773.9   	12789.4   	12844.5   	12856.3   	66.0475   	31.3357   	11.2797   	11.0052   	11.6924   
139.500000	12813.7   	12829.1   	12884.4   	12896.4   	66.2473   	31.4282   	11.3139   	11.0378   	11.7288   
139.750000	12853.4   	12868.9   	12924.2   	12936.5   	66.4472   	31.5208   	11.3481   	11.0704   	11.7652   
140.000000	12893.1   	12908.7   	12964.1   	12976.6   	66.647    	31.6133   	11.3823   	11.1031   	11.8016   
140.250000	12933.8   	12949.5   	13005     	13017.7   	66.8512   	31.7078   	11.4172   	11.1364   	11.8389   
140.500000	12974.5   	12990.2   	13045.9   	13058.8   	67.0554   	31.8023   	11.4522   	11.1698   	11.8762   
140.750000	13015.3   	13031     	13086.8   	13100     	67.2596   	31.8968   	11.4871   	11.2032   	11.9135   
141.000000	13056     	13071.8   	13127.6   	13141.1   	67.4637   	31.9912   	11.5221   	11.2365   	11.9508   
141.250000	13096.7   	13112.6   	13168.5   	13182.2   	67.6679   	32.0857   	11.557    	11.2699   	11.9881   
141.500000	13137.5   	13153.4   	13209.4   	13223.3   	67.8721   	32.1802   	11.5919   	11.3033   	12.0254   
141.750000	13178.2   	13194.2   	13250.3   	13264.4   	68.0763   	32.2747   	11.6269   	11.3366   	12.0627   
142.000000	13219     	13234.9   	13291.2   	13305.5   	68.2805   	32.3692   	11.6618   	11.37     	12.1      
142.250000	13259.7   	13275.7   	13332.1   	13346.7   	68.4846   	32.4637   	11.6968   	11.4034   	12.1373   
142.500000	13300.4   	13316.5   	13372.9   	13387.8   	68.6888   	32.5582   	11.7317   	11.4367   	12.1746   
142.750000	13341.2   	13357.3   	13413.8   	13428.9   	68.893    	32.6527   	11.7667   	11.4701   	12.2119   
143.000000	13381.9   	13398.1   	13454.7   	13470     	69.0972   	32.7471   	11.8016   	11.5034   	12.2492   
143.250000	13422.6   	13438.9   	13495.6   	13511.1   	69.3013   	32.8416   	11.8366   	11.5368   	12.2865   
143.500000	13463.4   	13479.6   	13536.5   	13552.2   	69.5055   	32.9361   	11.8715   	11.5702   	12.3238   
