Energy (MeV/u)	0 - [He-base] F.Hubert et al, AD&ND Tables 46(1990)1	1 - [H -base] J.F.Ziegler et al, Pergamon Press, NY (low energy)	2 - ATIMA 1.2  LS-theory (recommended for high energy)	3 - ATIMA 1.2  without LS-correction	4 - Range straggling - method [0] - LISE	5 - Range straggling - method [1] - Atima	6 - Lateral range - method [0] - LISE	7 - Lateral range - method [1] - Atima	8 - Lateral range - method [2] - PDG
1.000000	8.11178   	8.38874   	8.73451   	8.73471   	0.0481148 	0.0308847 	0.0893057 	0.125932  	0.0786362 
1.025000	8.28954   	8.5726    	8.91711   	8.91731   	0.0487762 	0.0313041 	0.0909398 	0.127977  	0.0801771 
1.050000	8.46731   	8.75646   	9.0997    	9.09991   	0.0494376 	0.0317235 	0.092574  	0.130023  	0.0817181 
1.075000	8.64507   	8.94032   	9.2823    	9.28251   	0.050099  	0.0321429 	0.0942082 	0.132068  	0.083259  
1.100000	8.82283   	9.12418   	9.46489   	9.46511   	0.0507603 	0.0325623 	0.0958423 	0.134114  	0.0847999 
1.125000	9.00059   	9.30804   	9.64749   	9.64771   	0.0514217 	0.0329816 	0.0974765 	0.13616   	0.0863409 
1.150000	9.17836   	9.4919    	9.83008   	9.83031   	0.0520831 	0.033401  	0.0991107 	0.138205  	0.0878818 
1.175000	9.35612   	9.67577   	10.0127   	10.0129   	0.0527445 	0.0338204 	0.100745  	0.140251  	0.0894228 
1.200000	9.53388   	9.85963   	10.1953   	10.1955   	0.0534059 	0.0342398 	0.102379  	0.142296  	0.0909637 
1.225000	9.71165   	10.0435   	10.3779   	10.3781   	0.0540673 	0.0346592 	0.104013  	0.144342  	0.0925047 
1.250000	9.88941   	10.2273   	10.5605   	10.5607   	0.0547287 	0.0350786 	0.105647  	0.146388  	0.0940456 
1.275000	10.0772   	10.4215   	10.752    	10.7522   	0.0554534 	0.0355413 	0.107181  	0.148253  	0.0955102 
1.300000	10.2649   	10.6157   	10.9435   	10.9437   	0.0561781 	0.0360041 	0.108715  	0.150118  	0.0969748 
1.325000	10.4527   	10.8099   	11.1349   	11.1352   	0.0569028 	0.0364669 	0.110249  	0.151983  	0.0984394 
1.350000	10.6404   	11.0041   	11.3264   	11.3267   	0.0576275 	0.0369297 	0.111783  	0.153848  	0.099904  
1.375000	10.8282   	11.1983   	11.5179   	11.5182   	0.0583522 	0.0373925 	0.113316  	0.155713  	0.101369  
1.400000	11.0159   	11.3925   	11.7094   	11.7097   	0.0590769 	0.0378552 	0.11485   	0.157578  	0.102833  
1.425000	11.2037   	11.5867   	11.9009   	11.9012   	0.0598016 	0.038318  	0.116384  	0.159443  	0.104298  
1.450000	11.3914   	11.7809   	12.0924   	12.0927   	0.0605263 	0.0387808 	0.117918  	0.161308  	0.105762  
1.475000	11.5792   	11.9751   	12.2839   	12.2842   	0.061251  	0.0392436 	0.119452  	0.163173  	0.107227  
1.500000	11.7669   	12.1693   	12.4754   	12.4757   	0.0619756 	0.0397063 	0.120985  	0.165038  	0.108692  
1.525000	11.9653   	12.3745   	12.6766   	12.6769   	0.0627653 	0.0402116 	0.121178  	0.165181  	0.108907  
1.550000	12.1637   	12.5797   	12.8778   	12.878    	0.063555  	0.0407168 	0.121372  	0.165324  	0.109122  
1.575000	12.3622   	12.7849   	13.0789   	13.0792   	0.0643447 	0.041222  	0.121565  	0.165467  	0.109337  
1.600000	12.5606   	12.9901   	13.2801   	13.2804   	0.0651343 	0.0417273 	0.121758  	0.165609  	0.109553  
1.625000	12.759    	13.1954   	13.4813   	13.4816   	0.065924  	0.0422325 	0.121951  	0.165752  	0.109768  
1.650000	12.9574   	13.4006   	13.6824   	13.6828   	0.0667137 	0.0427377 	0.122144  	0.165895  	0.109983  
1.675000	13.1558   	13.6058   	13.8836   	13.8839   	0.0675033 	0.043243  	0.122337  	0.166038  	0.110199  
1.700000	13.3542   	13.811    	14.0848   	14.0851   	0.068293  	0.0437482 	0.12253   	0.166181  	0.110414  
1.725000	13.5526   	14.0162   	14.286    	14.2863   	0.0690827 	0.0442534 	0.122724  	0.166324  	0.110629  
1.750000	13.7511   	14.2215   	14.4871   	14.4875   	0.0698723 	0.0447586 	0.122917  	0.166467  	0.110844  
1.775000	13.9606   	14.4382   	14.698    	14.6983   	0.0707224 	0.045302  	0.122908  	0.166369  	0.110866  
1.800000	14.1701   	14.6549   	14.9089   	14.9092   	0.0715725 	0.0458454 	0.122899  	0.16627   	0.110887  
1.825000	14.3796   	14.8716   	15.1197   	15.12     	0.0724227 	0.0463888 	0.122891  	0.166172  	0.110909  
1.850000	14.5891   	15.0883   	15.3306   	15.3309   	0.0732728 	0.0469322 	0.122882  	0.166074  	0.11093   
1.875000	14.7986   	15.305    	15.5414   	15.5418   	0.0741229 	0.0474756 	0.122873  	0.165975  	0.110952  
1.900000	15.0081   	15.5217   	15.7523   	15.7526   	0.074973  	0.0480189 	0.122864  	0.165877  	0.110973  
1.925000	15.2177   	15.7384   	15.9631   	15.9635   	0.0758231 	0.0485623 	0.122856  	0.165779  	0.110994  
1.950000	15.4272   	15.9551   	16.174    	16.1744   	0.0766732 	0.0491057 	0.122847  	0.16568   	0.111016  
1.975000	15.6367   	16.1718   	16.3848   	16.3852   	0.0775233 	0.0496491 	0.122838  	0.165582  	0.111037  
2.000000	15.8462   	16.3885   	16.5957   	16.5961   	0.0783734 	0.0501925 	0.122829  	0.165483  	0.111059  
2.025000	16.0664   	16.6163   	16.8162   	16.8166   	0.079281  	0.0507712 	0.122811  	0.165386  	0.111067  
2.050000	16.2867   	16.8441   	17.0368   	17.0372   	0.0801887 	0.0513498 	0.122793  	0.165288  	0.111075  
2.075000	16.5069   	17.0719   	17.2573   	17.2577   	0.0810963 	0.0519285 	0.122775  	0.16519   	0.111084  
2.100000	16.7271   	17.2997   	17.4779   	17.4783   	0.0820039 	0.0525072 	0.122757  	0.165092  	0.111092  
2.125000	16.9474   	17.5274   	17.6984   	17.6988   	0.0829115 	0.0530858 	0.122738  	0.164994  	0.111101  
2.150000	17.1676   	17.7552   	17.919    	17.9194   	0.0838192 	0.0536645 	0.12272   	0.164897  	0.111109  
2.175000	17.3878   	17.983    	18.1395   	18.1399   	0.0847268 	0.0542432 	0.122702  	0.164799  	0.111118  
2.200000	17.6081   	18.2108   	18.3601   	18.3605   	0.0856344 	0.0548219 	0.122684  	0.164701  	0.111126  
2.225000	17.8283   	18.4386   	18.5806   	18.5811   	0.086542  	0.0554005 	0.122666  	0.164603  	0.111134  
2.250000	18.0486   	18.6664   	18.8012   	18.8016   	0.0874496 	0.0559792 	0.122648  	0.164505  	0.111143  
2.275000	18.2787   	18.9049   	19.0314   	19.0319   	0.0884128 	0.0565912 	0.122628  	0.164415  	0.111147  
2.300000	18.5088   	19.1434   	19.2617   	19.2621   	0.089376  	0.0572032 	0.122608  	0.164325  	0.11115   
2.325000	18.7389   	19.3819   	19.4919   	19.4924   	0.0903392 	0.0578152 	0.122588  	0.164234  	0.111154  
2.350000	18.969    	19.6203   	19.7222   	19.7226   	0.0913024 	0.0584272 	0.122569  	0.164144  	0.111158  
2.375000	19.1991   	19.8588   	19.9524   	19.9529   	0.0922656 	0.0590392 	0.122549  	0.164054  	0.111162  
2.400000	19.4292   	20.0973   	20.1827   	20.1831   	0.0932288 	0.0596512 	0.122529  	0.163964  	0.111165  
2.425000	19.6594   	20.3358   	20.4129   	20.4134   	0.094192  	0.0602632 	0.122509  	0.163873  	0.111169  
2.450000	19.8895   	20.5743   	20.6432   	20.6436   	0.0951552 	0.0608752 	0.12249   	0.163783  	0.111173  
2.475000	20.1196   	20.8128   	20.8734   	20.8739   	0.0961184 	0.0614872 	0.12247   	0.163693  	0.111177  
2.500000	20.3497   	21.0513   	21.1037   	21.1041   	0.0970816 	0.0620992 	0.12245   	0.163602  	0.111181  
2.525000	20.5858   	21.3057   	21.3485   	21.349    	0.0981257 	0.0627585 	0.122437  	0.163531  	0.111187  
2.550000	20.822    	21.56     	21.5933   	21.5938   	0.0991698 	0.0634178 	0.122425  	0.163459  	0.111194  
2.575000	21.0582   	21.8144   	21.8381   	21.8386   	0.100214  	0.0640772 	0.122412  	0.163388  	0.111201  
2.600000	21.2943   	22.0688   	22.0829   	22.0834   	0.101258  	0.0647365 	0.122399  	0.163316  	0.111208  
2.625000	21.5305   	22.3232   	22.3277   	22.3282   	0.102302  	0.0653959 	0.122386  	0.163245  	0.111215  
2.650000	21.7666   	22.5776   	22.5725   	22.573    	0.103346  	0.0660552 	0.122373  	0.163173  	0.111222  
2.675000	22.0028   	22.832    	22.8173   	22.8178   	0.10439   	0.0667145 	0.12236   	0.163102  	0.111228  
2.700000	22.2389   	23.0864   	23.0621   	23.0627   	0.105434  	0.0673739 	0.122347  	0.16303   	0.111235  
2.725000	22.4751   	23.3408   	23.3069   	23.3075   	0.106478  	0.0680332 	0.122335  	0.162958  	0.111242  
2.750000	22.7112   	23.5951   	23.5518   	23.5523   	0.107523  	0.0686925 	0.122322  	0.162887  	0.111249  
2.775000	22.9474   	23.8495   	23.7966   	23.7971   	0.108567  	0.0693519 	0.122309  	0.162815  	0.111256  
2.800000	23.1835   	24.1039   	24.0414   	24.0419   	0.109611  	0.0700112 	0.122296  	0.162744  	0.111263  
2.825000	23.4197   	24.3583   	24.2862   	24.2867   	0.110655  	0.0706706 	0.122283  	0.162672  	0.111269  
2.850000	23.6559   	24.6127   	24.531    	24.5315   	0.111699  	0.0713299 	0.12227   	0.162601  	0.111276  
2.875000	23.892    	24.8671   	24.7758   	24.7763   	0.112743  	0.0719892 	0.122257  	0.162529  	0.111283  
2.900000	24.1282   	25.1215   	25.0206   	25.0212   	0.113787  	0.0726486 	0.122245  	0.162458  	0.11129   
2.925000	24.3643   	25.3758   	25.2654   	25.266    	0.114831  	0.0733079 	0.122232  	0.162386  	0.111297  
2.950000	24.6005   	25.6302   	25.5102   	25.5108   	0.115875  	0.0739672 	0.122219  	0.162315  	0.111303  
2.975000	24.8366   	25.8846   	25.755    	25.7556   	0.116919  	0.0746266 	0.122206  	0.162243  	0.11131   
3.000000	25.0728   	26.139    	25.9998   	26.0004   	0.117964  	0.0752859 	0.122193  	0.162171  	0.111317  
3.025000	25.3304   	26.4145   	26.264    	26.2646   	0.119113  	0.0760053 	0.122198  	0.162131  	0.111337  
3.050000	25.588    	26.69     	26.5283   	26.5289   	0.120263  	0.0767246 	0.122202  	0.16209   	0.111357  
3.075000	25.8455   	26.9655   	26.7925   	26.7931   	0.121412  	0.077444  	0.122207  	0.162049  	0.111377  
3.100000	26.1031   	27.241    	27.0567   	27.0573   	0.122562  	0.0781633 	0.122211  	0.162008  	0.111397  
3.125000	26.3607   	27.5165   	27.3209   	27.3215   	0.123711  	0.0788827 	0.122216  	0.161967  	0.111418  
3.150000	26.6183   	27.792    	27.5851   	27.5857   	0.124861  	0.079602  	0.12222   	0.161926  	0.111438  
3.175000	26.8759   	28.0676   	27.8493   	27.8499   	0.12601   	0.0803214 	0.122225  	0.161886  	0.111458  
3.200000	27.1335   	28.3431   	28.1135   	28.1142   	0.12716   	0.0810407 	0.12223   	0.161845  	0.111478  
3.225000	27.3911   	28.6186   	28.3777   	28.3784   	0.128309  	0.0817601 	0.122234  	0.161804  	0.111498  
3.250000	27.6487   	28.8941   	28.642    	28.6426   	0.129459  	0.0824794 	0.122239  	0.161763  	0.111518  
3.275000	27.9063   	29.1696   	28.9062   	28.9068   	0.130608  	0.0831988 	0.122243  	0.161722  	0.111538  
3.300000	28.1638   	29.4451   	29.1704   	29.171    	0.131758  	0.0839181 	0.122248  	0.161681  	0.111558  
3.325000	28.4214   	29.7206   	29.4346   	29.4353   	0.132907  	0.0846375 	0.122252  	0.16164   	0.111578  
3.350000	28.679    	29.9961   	29.6988   	29.6995   	0.134057  	0.0853568 	0.122257  	0.1616    	0.111598  
3.375000	28.9366   	30.2716   	29.963    	29.9637   	0.135206  	0.0860762 	0.122261  	0.161559  	0.111619  
3.400000	29.1942   	30.5471   	30.2272   	30.2279   	0.136356  	0.0867955 	0.122266  	0.161518  	0.111639  
3.425000	29.4518   	30.8226   	30.4915   	30.4921   	0.137505  	0.0875148 	0.12227   	0.161477  	0.111659  
3.450000	29.7094   	31.0981   	30.7557   	30.7564   	0.138655  	0.0882342 	0.122275  	0.161436  	0.111679  
3.475000	29.967    	31.3736   	31.0199   	31.0206   	0.139805  	0.0889535 	0.122279  	0.161395  	0.111699  
3.500000	30.2245   	31.6491   	31.2841   	31.2848   	0.140954  	0.0896729 	0.122284  	0.161354  	0.111719  
3.525000	30.5035   	31.9457   	31.5677   	31.5684   	0.142207  	0.0904498 	0.12231   	0.161346  	0.111758  
3.550000	30.7825   	32.2423   	31.8513   	31.852    	0.143461  	0.0912268 	0.122336  	0.161337  	0.111796  
3.575000	31.0614   	32.5389   	32.1349   	32.1356   	0.144714  	0.0920037 	0.122362  	0.161329  	0.111835  
3.600000	31.3404   	32.8355   	32.4185   	32.4192   	0.145967  	0.0927807 	0.122389  	0.16132   	0.111873  
3.625000	31.6193   	33.1321   	32.7021   	32.7028   	0.147221  	0.0935576 	0.122415  	0.161312  	0.111912  
3.650000	31.8983   	33.4287   	32.9856   	32.9864   	0.148474  	0.0943346 	0.122441  	0.161303  	0.11195   
3.675000	32.1773   	33.7253   	33.2692   	33.27     	0.149727  	0.0951115 	0.122467  	0.161294  	0.111989  
3.700000	32.4562   	34.0219   	33.5528   	33.5536   	0.150981  	0.0958885 	0.122493  	0.161286  	0.112027  
3.725000	32.7352   	34.3185   	33.8364   	33.8372   	0.152234  	0.0966654 	0.122519  	0.161277  	0.112066  
3.750000	33.0141   	34.6151   	34.12     	34.1208   	0.153487  	0.0974423 	0.122545  	0.161269  	0.112104  
3.775000	33.2931   	34.9117   	34.4036   	34.4044   	0.15474   	0.0982193 	0.122571  	0.16126   	0.112143  
3.800000	33.5721   	35.2084   	34.6872   	34.688    	0.155994  	0.0989962 	0.122598  	0.161251  	0.112182  
3.825000	33.851    	35.505    	34.9708   	34.9716   	0.157247  	0.0997732 	0.122624  	0.161243  	0.11222   
3.850000	34.13     	35.8016   	35.2544   	35.2552   	0.1585    	0.10055   	0.12265   	0.161234  	0.112259  
3.875000	34.4089   	36.0982   	35.538    	35.5388   	0.159754  	0.101327  	0.122676  	0.161226  	0.112297  
3.900000	34.6879   	36.3948   	35.8216   	35.8224   	0.161007  	0.102104  	0.122702  	0.161217  	0.112336  
3.925000	34.9669   	36.6914   	36.1052   	36.106    	0.16226   	0.102881  	0.122728  	0.161208  	0.112374  
3.950000	35.2458   	36.988    	36.3887   	36.3896   	0.163514  	0.103658  	0.122754  	0.1612    	0.112413  
3.975000	35.5248   	37.2846   	36.6723   	36.6732   	0.164767  	0.104435  	0.122781  	0.161191  	0.112451  
4.000000	35.8037   	37.5812   	36.9559   	36.9568   	0.16602   	0.105212  	0.122807  	0.161183  	0.11249   
4.025000	36.1039   	37.8989   	37.2589   	37.2597   	0.167376  	0.106045  	0.122857  	0.161207  	0.11255   
4.050000	36.4041   	38.2166   	37.5618   	37.5626   	0.168733  	0.106878  	0.122907  	0.161231  	0.11261   
4.075000	36.7043   	38.5343   	37.8647   	37.8656   	0.170089  	0.107711  	0.122957  	0.161255  	0.11267   
4.100000	37.0046   	38.852    	38.1677   	38.1685   	0.171445  	0.108545  	0.123007  	0.161279  	0.11273   
4.125000	37.3048   	39.1696   	38.4706   	38.4715   	0.172801  	0.109378  	0.123058  	0.161304  	0.112791  
4.150000	37.605    	39.4873   	38.7735   	38.7744   	0.174157  	0.110211  	0.123108  	0.161328  	0.112851  
4.175000	37.9052   	39.805    	39.0765   	39.0773   	0.175514  	0.111044  	0.123158  	0.161352  	0.112911  
4.200000	38.2054   	40.1227   	39.3794   	39.3803   	0.17687   	0.111877  	0.123208  	0.161376  	0.112971  
4.225000	38.5056   	40.4404   	39.6823   	39.6832   	0.178226  	0.11271   	0.123258  	0.1614    	0.113031  
4.250000	38.8058   	40.7581   	39.9853   	39.9862   	0.179582  	0.113544  	0.123308  	0.161425  	0.113091  
4.275000	39.106    	41.0758   	40.2882   	40.2891   	0.180939  	0.114377  	0.123359  	0.161449  	0.113151  
4.300000	39.4062   	41.3935   	40.5911   	40.592    	0.182295  	0.11521   	0.123409  	0.161473  	0.113211  
4.325000	39.7064   	41.7112   	40.8941   	40.895    	0.183651  	0.116043  	0.123459  	0.161497  	0.113272  
4.350000	40.0066   	42.0289   	41.197    	41.1979   	0.185007  	0.116876  	0.123509  	0.161521  	0.113332  
4.375000	40.3068   	42.3466   	41.4999   	41.5009   	0.186363  	0.11771   	0.123559  	0.161546  	0.113392  
4.400000	40.607    	42.6643   	41.8029   	41.8038   	0.18772   	0.118543  	0.123609  	0.16157   	0.113452  
4.425000	40.9072   	42.982    	42.1058   	42.1067   	0.189076  	0.119376  	0.12366   	0.161594  	0.113512  
4.450000	41.2074   	43.2997   	42.4087   	42.4097   	0.190432  	0.120209  	0.12371   	0.161618  	0.113572  
4.475000	41.5076   	43.6174   	42.7117   	42.7126   	0.191788  	0.121042  	0.12376   	0.161643  	0.113632  
4.500000	41.8078   	43.9351   	43.0146   	43.0156   	0.193144  	0.121875  	0.12381   	0.161667  	0.113692  
4.525000	42.1291   	44.274    	43.3368   	43.3378   	0.194603  	0.122764  	0.123885  	0.161722  	0.113775  
4.550000	42.4504   	44.6128   	43.6591   	43.66     	0.196062  	0.123652  	0.123959  	0.161778  	0.113858  
4.575000	42.7717   	44.9516   	43.9813   	43.9823   	0.197521  	0.12454   	0.124034  	0.161834  	0.11394   
4.600000	43.093    	45.2904   	44.3035   	44.3045   	0.198979  	0.125428  	0.124108  	0.161889  	0.114023  
4.625000	43.4142   	45.6293   	44.6257   	44.6267   	0.200438  	0.126317  	0.124183  	0.161945  	0.114106  
4.650000	43.7355   	45.9681   	44.948    	44.949    	0.201897  	0.127205  	0.124258  	0.162001  	0.114188  
4.675000	44.0568   	46.3069   	45.2702   	45.2712   	0.203355  	0.128093  	0.124332  	0.162057  	0.114271  
4.700000	44.3781   	46.6458   	45.5924   	45.5934   	0.204814  	0.128981  	0.124407  	0.162112  	0.114353  
4.725000	44.6994   	46.9846   	45.9147   	45.9157   	0.206273  	0.12987   	0.124481  	0.162168  	0.114436  
4.750000	45.0207   	47.3234   	46.2369   	46.2379   	0.207731  	0.130758  	0.124556  	0.162224  	0.114519  
4.775000	45.342    	47.6623   	46.5591   	46.5602   	0.20919   	0.131646  	0.12463   	0.162279  	0.114601  
4.800000	45.6633   	48.0011   	46.8813   	46.8824   	0.210649  	0.132534  	0.124705  	0.162335  	0.114684  
4.825000	45.9846   	48.3399   	47.2036   	47.2046   	0.212107  	0.133423  	0.12478   	0.162391  	0.114767  
4.850000	46.3059   	48.6788   	47.5258   	47.5269   	0.213566  	0.134311  	0.124854  	0.162446  	0.114849  
4.875000	46.6271   	49.0176   	47.848    	47.8491   	0.215025  	0.135199  	0.124929  	0.162502  	0.114932  
4.900000	46.9484   	49.3564   	48.1703   	48.1713   	0.216483  	0.136087  	0.125003  	0.162558  	0.115014  
4.925000	47.2697   	49.6953   	48.4925   	48.4936   	0.217942  	0.136976  	0.125078  	0.162614  	0.115097  
4.950000	47.591    	50.0341   	48.8147   	48.8158   	0.219401  	0.137864  	0.125152  	0.162669  	0.11518   
4.975000	47.9123   	50.3729   	49.137    	49.1381   	0.220859  	0.138752  	0.125227  	0.162725  	0.115262  
5.000000	48.2336   	50.7118   	49.4592   	49.4603   	0.222318  	0.13964   	0.125302  	0.162781  	0.115345  
5.025000	48.5758   	51.0715   	49.8007   	49.8018   	0.223879  	0.140583  	0.125402  	0.162868  	0.115451  
5.050000	48.918    	51.4312   	50.1421   	50.1433   	0.22544   	0.141525  	0.125501  	0.162955  	0.115558  
5.075000	49.2602   	51.791    	50.4836   	50.4847   	0.227001  	0.142467  	0.125601  	0.163042  	0.115664  
5.100000	49.6024   	52.1507   	50.8251   	50.8262   	0.228562  	0.143409  	0.125701  	0.163129  	0.11577   
5.125000	49.9447   	52.5104   	51.1666   	51.1677   	0.230123  	0.144351  	0.125801  	0.163216  	0.115877  
5.150000	50.2869   	52.8702   	51.5081   	51.5092   	0.231684  	0.145294  	0.125901  	0.163303  	0.115983  
5.175000	50.6291   	53.2299   	51.8495   	51.8507   	0.233245  	0.146236  	0.126001  	0.16339   	0.11609   
5.200000	50.9713   	53.5896   	52.191    	52.1922   	0.234806  	0.147178  	0.126101  	0.163476  	0.116196  
5.225000	51.3135   	53.9494   	52.5325   	52.5337   	0.236367  	0.14812   	0.126201  	0.163563  	0.116302  
5.250000	51.6557   	54.3091   	52.874    	52.8752   	0.237928  	0.149063  	0.126301  	0.16365   	0.116409  
5.275000	51.9979   	54.6688   	53.2155   	53.2166   	0.239489  	0.150005  	0.1264    	0.163737  	0.116515  
5.300000	52.3402   	55.0286   	53.5569   	53.5581   	0.24105   	0.150947  	0.1265    	0.163824  	0.116622  
5.325000	52.6824   	55.3883   	53.8984   	53.8996   	0.24261   	0.151889  	0.1266    	0.163911  	0.116728  
5.350000	53.0246   	55.748    	54.2399   	54.2411   	0.244171  	0.152832  	0.1267    	0.163998  	0.116834  
5.375000	53.3668   	56.1078   	54.5814   	54.5826   	0.245732  	0.153774  	0.1268    	0.164085  	0.116941  
5.400000	53.709    	56.4675   	54.9228   	54.9241   	0.247293  	0.154716  	0.1269    	0.164172  	0.117047  
5.425000	54.0512   	56.8272   	55.2643   	55.2656   	0.248854  	0.155658  	0.127     	0.164259  	0.117154  
5.450000	54.3934   	57.187    	55.6058   	55.607    	0.250415  	0.156601  	0.1271    	0.164346  	0.11726   
5.475000	54.7356   	57.5467   	55.9473   	55.9485   	0.251976  	0.157543  	0.1272    	0.164433  	0.117366  
5.500000	55.0779   	57.9064   	56.2888   	56.29     	0.253537  	0.158485  	0.127299  	0.16452   	0.117473  
5.525000	55.4408   	58.2868   	56.6494   	56.6507   	0.2552    	0.159481  	0.127424  	0.164637  	0.117603  
5.550000	55.8038   	58.6671   	57.0101   	57.0114   	0.256863  	0.160477  	0.127549  	0.164754  	0.117733  
5.575000	56.1668   	59.0475   	57.3708   	57.3721   	0.258527  	0.161472  	0.127673  	0.16487   	0.117862  
5.600000	56.5297   	59.4278   	57.7315   	57.7328   	0.26019   	0.162468  	0.127798  	0.164987  	0.117992  
5.625000	56.8927   	59.8082   	58.0922   	58.0935   	0.261853  	0.163464  	0.127923  	0.165103  	0.118122  
5.650000	57.2557   	60.1885   	58.4528   	58.4541   	0.263516  	0.16446   	0.128047  	0.16522   	0.118252  
5.675000	57.6186   	60.5689   	58.8135   	58.8148   	0.265179  	0.165456  	0.128172  	0.165336  	0.118382  
5.700000	57.9816   	60.9492   	59.1742   	59.1755   	0.266842  	0.166451  	0.128296  	0.165453  	0.118512  
5.725000	58.3446   	61.3296   	59.5349   	59.5362   	0.268505  	0.167447  	0.128421  	0.16557   	0.118642  
5.750000	58.7075   	61.7099   	59.8956   	59.8969   	0.270169  	0.168443  	0.128546  	0.165686  	0.118772  
5.775000	59.0705   	62.0903   	60.2563   	60.2576   	0.271832  	0.169439  	0.12867   	0.165803  	0.118902  
5.800000	59.4335   	62.4706   	60.6169   	60.6183   	0.273495  	0.170434  	0.128795  	0.165919  	0.119031  
5.825000	59.7965   	62.851    	60.9776   	60.979    	0.275158  	0.17143   	0.128919  	0.166036  	0.119161  
5.850000	60.1594   	63.2313   	61.3383   	61.3397   	0.276821  	0.172426  	0.129044  	0.166153  	0.119291  
5.875000	60.5224   	63.6117   	61.699    	61.7003   	0.278484  	0.173422  	0.129169  	0.166269  	0.119421  
5.900000	60.8854   	63.992    	62.0597   	62.061    	0.280148  	0.174417  	0.129293  	0.166386  	0.119551  
5.925000	61.2483   	64.3724   	62.4203   	62.4217   	0.281811  	0.175413  	0.129418  	0.166502  	0.119681  
5.950000	61.6113   	64.7527   	62.781    	62.7824   	0.283474  	0.176409  	0.129542  	0.166619  	0.119811  
5.975000	61.9743   	65.1331   	63.1417   	63.1431   	0.285137  	0.177405  	0.129667  	0.166735  	0.119941  
6.000000	62.3372   	65.5134   	63.5024   	63.5038   	0.2868    	0.178401  	0.129792  	0.166852  	0.120071  
6.025000	62.7208   	65.9144   	63.8822   	63.8836   	0.288565  	0.17945   	0.129943  	0.167     	0.120226  
6.050000	63.1044   	66.3154   	64.2621   	64.2635   	0.290331  	0.180499  	0.130094  	0.167147  	0.120381  
6.075000	63.4879   	66.7163   	64.6419   	64.6433   	0.292096  	0.181548  	0.130245  	0.167295  	0.120537  
6.100000	63.8715   	67.1173   	65.0217   	65.0232   	0.293862  	0.182597  	0.130396  	0.167442  	0.120692  
6.125000	64.2551   	67.5182   	65.4016   	65.403    	0.295627  	0.183647  	0.130547  	0.16759   	0.120847  
6.150000	64.6386   	67.9192   	65.7814   	65.7829   	0.297392  	0.184696  	0.130699  	0.167738  	0.121003  
6.175000	65.0222   	68.3201   	66.1612   	66.1627   	0.299158  	0.185745  	0.13085   	0.167885  	0.121158  
6.200000	65.4057   	68.7211   	66.5411   	66.5426   	0.300923  	0.186794  	0.131001  	0.168033  	0.121314  
6.225000	65.7893   	69.1221   	66.9209   	66.9224   	0.302688  	0.187843  	0.131152  	0.16818   	0.121469  
6.250000	66.1729   	69.523    	67.3007   	67.3022   	0.304454  	0.188892  	0.131303  	0.168328  	0.121624  
6.275000	66.5564   	69.924    	67.6806   	67.6821   	0.306219  	0.189942  	0.131454  	0.168475  	0.12178   
6.300000	66.94     	70.3249   	68.0604   	68.0619   	0.307985  	0.190991  	0.131605  	0.168623  	0.121935  
6.325000	67.3235   	70.7259   	68.4403   	68.4418   	0.30975   	0.19204   	0.131757  	0.168771  	0.12209   
6.350000	67.7071   	71.1269   	68.8201   	68.8216   	0.311515  	0.193089  	0.131908  	0.168918  	0.122246  
6.375000	68.0907   	71.5278   	69.1999   	69.2015   	0.313281  	0.194138  	0.132059  	0.169066  	0.122401  
6.400000	68.4742   	71.9288   	69.5798   	69.5813   	0.315046  	0.195188  	0.13221   	0.169213  	0.122556  
6.425000	68.8578   	72.3297   	69.9596   	69.9612   	0.316811  	0.196237  	0.132361  	0.169361  	0.122712  
6.450000	69.2414   	72.7307   	70.3394   	70.341    	0.318577  	0.197286  	0.132512  	0.169508  	0.122867  
6.475000	69.6249   	73.1316   	70.7193   	70.7208   	0.320342  	0.198335  	0.132663  	0.169656  	0.123022  
6.500000	70.0085   	73.5326   	71.0991   	71.1007   	0.322108  	0.199384  	0.132815  	0.169804  	0.123178  
6.525000	70.4125   	73.9541   	71.4981   	71.4996   	0.323975  	0.200487  	0.132991  	0.16998   	0.123357  
6.550000	70.8165   	74.3757   	71.897    	71.8986   	0.325843  	0.201589  	0.133167  	0.170156  	0.123537  
6.575000	71.2205   	74.7972   	72.2959   	72.2976   	0.327711  	0.202691  	0.133343  	0.170332  	0.123716  
6.600000	71.6245   	75.2188   	72.6949   	72.6965   	0.329578  	0.203793  	0.133519  	0.170508  	0.123896  
6.625000	72.0285   	75.6403   	73.0938   	73.0955   	0.331446  	0.204895  	0.133695  	0.170685  	0.124076  
6.650000	72.4325   	76.0619   	73.4928   	73.4944   	0.333314  	0.205997  	0.133872  	0.170861  	0.124255  
6.675000	72.8365   	76.4834   	73.8917   	73.8934   	0.335181  	0.2071    	0.134048  	0.171037  	0.124435  
6.700000	73.2404   	76.905    	74.2907   	74.2923   	0.337049  	0.208202  	0.134224  	0.171213  	0.124614  
6.725000	73.6444   	77.3265   	74.6896   	74.6913   	0.338917  	0.209304  	0.1344    	0.171389  	0.124794  
6.750000	74.0484   	77.7481   	75.0886   	75.0902   	0.340784  	0.210406  	0.134576  	0.171565  	0.124973  
6.775000	74.4524   	78.1696   	75.4875   	75.4892   	0.342652  	0.211508  	0.134752  	0.171742  	0.125153  
6.800000	74.8564   	78.5911   	75.8865   	75.8882   	0.34452   	0.212611  	0.134929  	0.171918  	0.125332  
6.825000	75.2604   	79.0127   	76.2854   	76.2871   	0.346387  	0.213713  	0.135105  	0.172094  	0.125512  
6.850000	75.6644   	79.4342   	76.6844   	76.6861   	0.348255  	0.214815  	0.135281  	0.17227   	0.125692  
6.875000	76.0684   	79.8558   	77.0833   	77.085    	0.350123  	0.215917  	0.135457  	0.172446  	0.125871  
6.900000	76.4724   	80.2773   	77.4823   	77.484    	0.35199   	0.217019  	0.135633  	0.172622  	0.126051  
6.925000	76.8764   	80.6989   	77.8812   	77.8829   	0.353858  	0.218121  	0.135809  	0.172799  	0.12623   
6.950000	77.2804   	81.1204   	78.2802   	78.2819   	0.355726  	0.219224  	0.135986  	0.172975  	0.12641   
6.975000	77.6844   	81.542    	78.6791   	78.6809   	0.357593  	0.220326  	0.136162  	0.173151  	0.126589  
7.000000	78.0884   	81.9635   	79.078    	79.0798   	0.359461  	0.221428  	0.136338  	0.173327  	0.126769  
7.025000	78.5127   	82.4056   	79.4961   	79.4978   	0.361431  	0.222582  	0.13654   	0.173533  	0.126974  
7.050000	78.9369   	82.8477   	79.9141   	79.9159   	0.363401  	0.223737  	0.136742  	0.173738  	0.127178  
7.075000	79.3612   	83.2899   	80.3321   	80.3339   	0.365371  	0.224891  	0.136944  	0.173943  	0.127383  
7.100000	79.7855   	83.732    	80.7501   	80.7519   	0.367341  	0.226046  	0.137146  	0.174149  	0.127588  
7.125000	80.2098   	84.1741   	81.1681   	81.1699   	0.369312  	0.2272    	0.137348  	0.174354  	0.127792  
7.150000	80.634    	84.6162   	81.5861   	81.588    	0.371282  	0.228355  	0.13755   	0.174559  	0.127997  
7.175000	81.0583   	85.0583   	82.0042   	82.006    	0.373252  	0.229509  	0.137753  	0.174765  	0.128202  
7.200000	81.4826   	85.5004   	82.4222   	82.424    	0.375222  	0.230664  	0.137955  	0.17497   	0.128406  
7.225000	81.9069   	85.9425   	82.8402   	82.842    	0.377192  	0.231818  	0.138157  	0.175176  	0.128611  
7.250000	82.3311   	86.3846   	83.2582   	83.26     	0.379162  	0.232973  	0.138359  	0.175381  	0.128816  
7.275000	82.7554   	86.8268   	83.6762   	83.6781   	0.381132  	0.234127  	0.138561  	0.175586  	0.129021  
7.300000	83.1797   	87.2689   	84.0942   	84.0961   	0.383102  	0.235282  	0.138763  	0.175792  	0.129225  
7.325000	83.604    	87.711    	84.5122   	84.5141   	0.385072  	0.236436  	0.138965  	0.175997  	0.12943   
7.350000	84.0282   	88.1531   	84.9303   	84.9321   	0.387042  	0.23759   	0.139167  	0.176202  	0.129635  
7.375000	84.4525   	88.5952   	85.3483   	85.3502   	0.389012  	0.238745  	0.139369  	0.176408  	0.129839  
7.400000	84.8768   	89.0373   	85.7663   	85.7682   	0.390983  	0.239899  	0.139571  	0.176613  	0.130044  
7.425000	85.3011   	89.4794   	86.1843   	86.1862   	0.392953  	0.241054  	0.139773  	0.176818  	0.130249  
7.450000	85.7253   	89.9216   	86.6023   	86.6042   	0.394923  	0.242208  	0.139975  	0.177024  	0.130453  
7.475000	86.1496   	90.3637   	87.0203   	87.0223   	0.396893  	0.243363  	0.140178  	0.177229  	0.130658  
7.500000	86.5739   	90.8058   	87.4383   	87.4403   	0.398863  	0.244517  	0.14038   	0.177435  	0.130863  
7.525000	87.0183   	91.2684   	87.8754   	87.8773   	0.400935  	0.245724  	0.140607  	0.177668  	0.131092  
7.550000	87.4627   	91.7311   	88.3124   	88.3144   	0.403008  	0.24693   	0.140835  	0.177902  	0.131322  
7.575000	87.9071   	92.1938   	88.7495   	88.7514   	0.405081  	0.248136  	0.141062  	0.178135  	0.131551  
7.600000	88.3515   	92.6564   	89.1865   	89.1885   	0.407153  	0.249343  	0.141289  	0.178369  	0.131781  
7.625000	88.7959   	93.1191   	89.6235   	89.6255   	0.409226  	0.250549  	0.141517  	0.178602  	0.13201   
7.650000	89.2403   	93.5817   	90.0606   	90.0626   	0.411299  	0.251755  	0.141744  	0.178836  	0.13224   
7.675000	89.6847   	94.0444   	90.4976   	90.4996   	0.413371  	0.252962  	0.141972  	0.17907   	0.132469  
7.700000	90.1291   	94.507    	90.9347   	90.9367   	0.415444  	0.254168  	0.142199  	0.179303  	0.132698  
7.725000	90.5735   	94.9697   	91.3717   	91.3737   	0.417516  	0.255374  	0.142427  	0.179537  	0.132928  
7.750000	91.0179   	95.4324   	91.8087   	91.8108   	0.419589  	0.256581  	0.142654  	0.17977   	0.133157  
7.775000	91.4624   	95.895    	92.2458   	92.2478   	0.421662  	0.257787  	0.142882  	0.180004  	0.133387  
7.800000	91.9068   	96.3577   	92.6828   	92.6849   	0.423734  	0.258994  	0.143109  	0.180238  	0.133616  
7.825000	92.3512   	96.8203   	93.1199   	93.1219   	0.425807  	0.2602    	0.143337  	0.180471  	0.133846  
7.850000	92.7956   	97.283    	93.5569   	93.559    	0.42788   	0.261406  	0.143564  	0.180705  	0.134075  
7.875000	93.24     	97.7457   	93.9939   	93.996    	0.429952  	0.262613  	0.143792  	0.180938  	0.134305  
7.900000	93.6844   	98.2083   	94.431    	94.4331   	0.432025  	0.263819  	0.144019  	0.181172  	0.134534  
7.925000	94.1288   	98.671    	94.868    	94.8701   	0.434097  	0.265025  	0.144247  	0.181405  	0.134763  
7.950000	94.5732   	99.1336   	95.3051   	95.3072   	0.43617   	0.266232  	0.144474  	0.181639  	0.134993  
7.975000	95.0176   	99.5963   	95.7421   	95.7442   	0.438243  	0.267438  	0.144701  	0.181873  	0.135222  
8.000000	95.462    	100.059   	96.1791   	96.1813   	0.440315  	0.268644  	0.144929  	0.182106  	0.135452  
8.025000	95.9264   	100.542   	96.6352   	96.6373   	0.442491  	0.269903  	0.145182  	0.182368  	0.135706  
8.050000	96.3908   	101.025   	97.0912   	97.0933   	0.444666  	0.271161  	0.145435  	0.182629  	0.13596   
8.075000	96.8552   	101.508   	97.5472   	97.5494   	0.446841  	0.272419  	0.145687  	0.182891  	0.136214  
8.100000	97.3196   	101.992   	98.0032   	98.0054   	0.449016  	0.273678  	0.14594   	0.183152  	0.136469  
8.125000	97.784    	102.475   	98.4593   	98.4615   	0.451192  	0.274936  	0.146193  	0.183414  	0.136723  
8.150000	98.2484   	102.958   	98.9153   	98.9175   	0.453367  	0.276194  	0.146446  	0.183675  	0.136977  
8.175000	98.7128   	103.441   	99.3713   	99.3735   	0.455542  	0.277452  	0.146699  	0.183936  	0.137231  
8.200000	99.1771   	103.924   	99.8273   	99.8296   	0.457718  	0.278711  	0.146951  	0.184198  	0.137485  
8.225000	99.6415   	104.408   	100.283   	100.286   	0.459893  	0.279969  	0.147204  	0.184459  	0.13774   
8.250000	100.106   	104.891   	100.739   	100.742   	0.462068  	0.281227  	0.147457  	0.184721  	0.137994  
8.275000	100.57    	105.374   	101.195   	101.198   	0.464244  	0.282486  	0.14771   	0.184982  	0.138248  
8.300000	101.035   	105.857   	101.651   	101.654   	0.466419  	0.283744  	0.147963  	0.185244  	0.138502  
8.325000	101.499   	106.34    	102.107   	102.11    	0.468594  	0.285002  	0.148215  	0.185505  	0.138756  
8.350000	101.964   	106.823   	102.563   	102.566   	0.470769  	0.286261  	0.148468  	0.185767  	0.139011  
8.375000	102.428   	107.307   	103.02    	103.022   	0.472945  	0.287519  	0.148721  	0.186028  	0.139265  
8.400000	102.892   	107.79    	103.476   	103.478   	0.47512   	0.288777  	0.148974  	0.18629   	0.139519  
8.425000	103.357   	108.273   	103.932   	103.934   	0.477295  	0.290035  	0.149227  	0.186551  	0.139773  
8.450000	103.821   	108.756   	104.388   	104.39    	0.479471  	0.291294  	0.149479  	0.186813  	0.140027  
8.475000	104.285   	109.239   	104.844   	104.846   	0.481646  	0.292552  	0.149732  	0.187074  	0.140282  
8.500000	104.75    	109.723   	105.3     	105.302   	0.483821  	0.29381   	0.149985  	0.187335  	0.140536  
8.525000	105.234   	110.226   	105.775   	105.777   	0.486099  	0.295121  	0.150263  	0.187625  	0.140815  
8.550000	105.718   	110.73    	106.25    	106.252   	0.488377  	0.296431  	0.150542  	0.187914  	0.141094  
8.575000	106.203   	111.234   	106.725   	106.727   	0.490655  	0.297741  	0.15082   	0.188203  	0.141373  
8.600000	106.687   	111.737   	107.2     	107.202   	0.492934  	0.299051  	0.151098  	0.188493  	0.141652  
8.625000	107.171   	112.241   	107.675   	107.677   	0.495212  	0.300362  	0.151376  	0.188782  	0.141931  
8.650000	107.655   	112.745   	108.149   	108.152   	0.49749   	0.301672  	0.151655  	0.189071  	0.142211  
8.675000	108.14    	113.248   	108.624   	108.627   	0.499768  	0.302982  	0.151933  	0.189361  	0.14249   
8.700000	108.624   	113.752   	109.099   	109.102   	0.502046  	0.304292  	0.152211  	0.18965   	0.142769  
8.725000	109.108   	114.256   	109.574   	109.577   	0.504324  	0.305603  	0.152489  	0.189939  	0.143048  
8.750000	109.592   	114.759   	110.049   	110.052   	0.506602  	0.306913  	0.152768  	0.190229  	0.143327  
8.775000	110.077   	115.263   	110.524   	110.527   	0.50888   	0.308223  	0.153046  	0.190518  	0.143606  
8.800000	110.561   	115.767   	110.999   	111.002   	0.511158  	0.309534  	0.153324  	0.190807  	0.143885  
8.825000	111.045   	116.27    	111.474   	111.477   	0.513437  	0.310844  	0.153603  	0.191096  	0.144165  
8.850000	111.529   	116.774   	111.949   	111.952   	0.515715  	0.312154  	0.153881  	0.191386  	0.144444  
8.875000	112.014   	117.278   	112.424   	112.427   	0.517993  	0.313464  	0.154159  	0.191675  	0.144723  
8.900000	112.498   	117.781   	112.899   	112.902   	0.520271  	0.314775  	0.154437  	0.191964  	0.145002  
8.925000	112.982   	118.285   	113.374   	113.377   	0.522549  	0.316085  	0.154716  	0.192254  	0.145281  
8.950000	113.466   	118.789   	113.849   	113.852   	0.524827  	0.317395  	0.154994  	0.192543  	0.14556   
8.975000	113.95    	119.292   	114.324   	114.327   	0.527105  	0.318706  	0.155272  	0.192832  	0.145839  
9.000000	114.435   	119.796   	114.799   	114.802   	0.529383  	0.320016  	0.15555   	0.193122  	0.146118  
9.025000	114.939   	120.32    	115.293   	115.296   	0.531764  	0.321378  	0.155854  	0.193438  	0.146422  
9.050000	115.443   	120.844   	115.787   	115.789   	0.534145  	0.32274   	0.156157  	0.193754  	0.146725  
9.075000	115.947   	121.369   	116.281   	116.283   	0.536526  	0.324102  	0.15646   	0.19407   	0.147029  
9.100000	116.451   	121.893   	116.775   	116.777   	0.538907  	0.325464  	0.156763  	0.194387  	0.147332  
9.125000	116.955   	122.417   	117.269   	117.271   	0.541289  	0.326826  	0.157066  	0.194703  	0.147636  
9.150000	117.458   	122.941   	117.762   	117.765   	0.54367   	0.328188  	0.157369  	0.195019  	0.147939  
9.175000	117.962   	123.465   	118.256   	118.259   	0.546051  	0.32955   	0.157672  	0.195335  	0.148243  
9.200000	118.466   	123.989   	118.75    	118.753   	0.548432  	0.330912  	0.157975  	0.195652  	0.148546  
9.225000	118.97    	124.514   	119.244   	119.247   	0.550813  	0.332274  	0.158279  	0.195968  	0.14885   
9.250000	119.474   	125.038   	119.738   	119.741   	0.553194  	0.333636  	0.158582  	0.196284  	0.149153  
9.275000	119.978   	125.562   	120.232   	120.234   	0.555575  	0.334998  	0.158885  	0.1966    	0.149457  
9.300000	120.482   	126.086   	120.726   	120.728   	0.557956  	0.33636   	0.159188  	0.196917  	0.14976   
9.325000	120.986   	126.61    	121.22    	121.222   	0.560337  	0.337722  	0.159491  	0.197233  	0.150064  
9.350000	121.49    	127.134   	121.713   	121.716   	0.562718  	0.339084  	0.159794  	0.197549  	0.150367  
9.375000	121.994   	127.658   	122.207   	122.21    	0.565099  	0.340446  	0.160097  	0.197865  	0.150671  
9.400000	122.498   	128.183   	122.701   	122.704   	0.56748   	0.341808  	0.1604    	0.198182  	0.150974  
9.425000	123.002   	128.707   	123.195   	123.198   	0.569861  	0.34317   	0.160704  	0.198498  	0.151278  
9.450000	123.506   	129.231   	123.689   	123.692   	0.572242  	0.344532  	0.161007  	0.198814  	0.151581  
9.475000	124.01    	129.755   	124.183   	124.186   	0.574623  	0.345894  	0.16131   	0.19913   	0.151885  
9.500000	124.514   	130.279   	124.677   	124.68    	0.577004  	0.347256  	0.161613  	0.199447  	0.152188  
9.525000	125.037   	130.823   	125.189   	125.192   	0.579488  	0.348669  	0.16194   	0.199789  	0.152516  
9.550000	125.561   	131.367   	125.702   	125.705   	0.581973  	0.350082  	0.162268  	0.200131  	0.152843  
9.575000	126.085   	131.911   	126.215   	126.218   	0.584457  	0.351495  	0.162595  	0.200474  	0.15317   
9.600000	126.608   	132.455   	126.728   	126.731   	0.586941  	0.352909  	0.162923  	0.200816  	0.153498  
9.625000	127.132   	132.999   	127.241   	127.243   	0.589425  	0.354322  	0.16325   	0.201159  	0.153825  
9.650000	127.655   	133.543   	127.753   	127.756   	0.591909  	0.355735  	0.163578  	0.201501  	0.154152  
9.675000	128.179   	134.087   	128.266   	128.269   	0.594393  	0.357148  	0.163905  	0.201844  	0.15448   
9.700000	128.702   	134.631   	128.779   	128.782   	0.596877  	0.358562  	0.164232  	0.202186  	0.154807  
9.725000	129.226   	135.175   	129.292   	129.294   	0.599362  	0.359975  	0.16456   	0.202529  	0.155135  
9.750000	129.749   	135.719   	129.804   	129.807   	0.601846  	0.361388  	0.164887  	0.202871  	0.155462  
9.775000	130.273   	136.263   	130.317   	130.32    	0.60433   	0.362801  	0.165215  	0.203213  	0.155789  
9.800000	130.796   	136.807   	130.83    	130.833   	0.606814  	0.364214  	0.165542  	0.203556  	0.156117  
9.825000	131.32    	137.351   	131.343   	131.345   	0.609298  	0.365628  	0.16587   	0.203898  	0.156444  
9.850000	131.844   	137.895   	131.855   	131.858   	0.611782  	0.367041  	0.166197  	0.204241  	0.156771  
9.875000	132.367   	138.439   	132.368   	132.371   	0.614266  	0.368454  	0.166524  	0.204583  	0.157099  
9.900000	132.891   	138.984   	132.881   	132.884   	0.616751  	0.369867  	0.166852  	0.204926  	0.157426  
9.925000	133.414   	139.528   	133.394   	133.397   	0.619235  	0.371281  	0.167179  	0.205268  	0.157754  
9.950000	133.938   	140.072   	133.906   	133.909   	0.621719  	0.372694  	0.167507  	0.20561   	0.158081  
9.975000	134.461   	140.616   	134.419   	134.422   	0.624203  	0.374107  	0.167834  	0.205953  	0.158408  
10.000000	134.985   	141.16    	134.932   	134.935   	0.626687  	0.37552   	0.168162  	0.206295  	0.158736  
10.025000	135.538   	141.715   	135.474   	135.476   	0.629336  	0.377015  	0.168526  	0.206677  	0.159099  
10.050000	136.09    	142.27    	136.015   	136.017   	0.631985  	0.37851   	0.16889   	0.207059  	0.159463  
10.075000	136.643   	142.826   	136.557   	136.558   	0.634634  	0.380006  	0.169254  	0.20744   	0.159826  
10.100000	137.196   	143.381   	137.099   	137.099   	0.637283  	0.381501  	0.169618  	0.207822  	0.160189  
10.125000	137.748   	143.936   	137.64    	137.64    	0.639933  	0.382996  	0.169982  	0.208204  	0.160553  
10.150000	138.301   	144.492   	138.182   	138.181   	0.642582  	0.384491  	0.170347  	0.208586  	0.160916  
10.175000	138.854   	145.047   	138.724   	138.722   	0.645231  	0.385986  	0.170711  	0.208967  	0.16128   
10.200000	139.406   	145.602   	139.266   	139.263   	0.64788   	0.387481  	0.171075  	0.209349  	0.161643  
10.225000	139.959   	146.158   	139.807   	139.804   	0.650529  	0.388976  	0.171439  	0.209731  	0.162007  
10.250000	140.512   	146.713   	140.349   	140.346   	0.653178  	0.390471  	0.171803  	0.210112  	0.16237   
10.275000	141.064   	147.269   	140.891   	140.887   	0.655827  	0.391966  	0.172167  	0.210494  	0.162734  
10.300000	141.617   	147.824   	141.432   	141.428   	0.658476  	0.393461  	0.172531  	0.210876  	0.163097  
10.325000	142.17    	148.379   	141.974   	141.969   	0.661125  	0.394956  	0.172895  	0.211257  	0.163461  
10.350000	142.722   	148.935   	142.516   	142.51    	0.663774  	0.396451  	0.17326   	0.211639  	0.163824  
10.375000	143.275   	149.49    	143.058   	143.051   	0.666423  	0.397946  	0.173624  	0.212021  	0.164188  
10.400000	143.828   	150.045   	143.599   	143.592   	0.669073  	0.399442  	0.173988  	0.212403  	0.164551  
10.425000	144.38    	150.601   	144.141   	144.133   	0.671722  	0.400937  	0.174352  	0.212784  	0.164914  
10.450000	144.933   	151.156   	144.683   	144.674   	0.674371  	0.402432  	0.174716  	0.213166  	0.165278  
10.475000	145.486   	151.711   	145.224   	145.215   	0.67702   	0.403927  	0.17508   	0.213548  	0.165641  
10.500000	146.038   	152.267   	145.766   	145.756   	0.679669  	0.405422  	0.175444  	0.213929  	0.166005  
10.525000	146.591   	152.822   	146.308   	146.297   	0.682318  	0.406917  	0.175809  	0.214311  	0.166368  
10.550000	147.144   	153.378   	146.85    	146.838   	0.684967  	0.408412  	0.176173  	0.214693  	0.166732  
10.575000	147.697   	153.933   	147.391   	147.379   	0.687616  	0.409907  	0.176537  	0.215074  	0.167095  
10.600000	148.249   	154.488   	147.933   	147.92    	0.690265  	0.411402  	0.176901  	0.215456  	0.167459  
10.625000	148.802   	155.044   	148.475   	148.461   	0.692914  	0.412897  	0.177265  	0.215838  	0.167822  
10.650000	149.355   	155.599   	149.017   	149.003   	0.695563  	0.414392  	0.177629  	0.216219  	0.168186  
10.675000	149.907   	156.154   	149.558   	149.544   	0.698212  	0.415887  	0.177993  	0.216601  	0.168549  
10.700000	150.46    	156.71    	150.1     	150.085   	0.700862  	0.417382  	0.178358  	0.216983  	0.168913  
10.725000	151.013   	157.265   	150.642   	150.626   	0.703511  	0.418877  	0.178722  	0.217365  	0.169276  
10.750000	151.565   	157.82    	151.183   	151.167   	0.70616   	0.420373  	0.179086  	0.217746  	0.16964   
10.775000	152.118   	158.376   	151.725   	151.708   	0.708809  	0.421868  	0.17945   	0.218128  	0.170003  
10.800000	152.671   	158.931   	152.267   	152.249   	0.711458  	0.423363  	0.179814  	0.21851   	0.170366  
10.825000	153.223   	159.486   	152.809   	152.79    	0.714107  	0.424858  	0.180178  	0.218891  	0.17073   
10.850000	153.776   	160.042   	153.35    	153.331   	0.716756  	0.426353  	0.180542  	0.219273  	0.171093  
10.875000	154.329   	160.597   	153.892   	153.872   	0.719405  	0.427848  	0.180907  	0.219655  	0.171457  
10.900000	154.881   	161.153   	154.434   	154.413   	0.722054  	0.429343  	0.181271  	0.220036  	0.17182   
10.925000	155.434   	161.708   	154.975   	154.954   	0.724703  	0.430838  	0.181635  	0.220418  	0.172184  
10.950000	155.987   	162.263   	155.517   	155.495   	0.727352  	0.432333  	0.181999  	0.2208    	0.172547  
10.975000	156.539   	162.819   	156.059   	156.036   	0.730001  	0.433828  	0.182363  	0.221182  	0.172911  
11.000000	157.092   	163.374   	156.601   	156.577   	0.732651  	0.435323  	0.182727  	0.221563  	0.173274  
11.025000	157.683   	163.966   	157.181   	157.156   	0.735525  	0.43693   	0.18314   	0.221997  	0.173686  
11.050000	158.274   	164.557   	157.762   	157.735   	0.738399  	0.438536  	0.183553  	0.222431  	0.174097  
11.075000	158.866   	165.149   	158.343   	158.314   	0.741273  	0.440142  	0.183966  	0.222865  	0.174509  
11.100000	159.457   	165.74    	158.923   	158.892   	0.744147  	0.441749  	0.18438   	0.223298  	0.174921  
11.125000	160.048   	166.332   	159.504   	159.471   	0.747022  	0.443355  	0.184793  	0.223732  	0.175332  
11.150000	160.639   	166.924   	160.085   	160.05    	0.749896  	0.444962  	0.185206  	0.224166  	0.175744  
11.175000	161.23    	167.515   	160.665   	160.629   	0.75277   	0.446568  	0.185619  	0.2246    	0.176156  
11.200000	161.821   	168.107   	161.246   	161.207   	0.755644  	0.448174  	0.186032  	0.225033  	0.176567  
11.225000	162.412   	168.699   	161.827   	161.786   	0.758518  	0.449781  	0.186445  	0.225467  	0.176979  
11.250000	163.004   	169.29    	162.407   	162.365   	0.761393  	0.451387  	0.186858  	0.225901  	0.177391  
11.275000	163.595   	169.882   	162.988   	162.944   	0.764267  	0.452994  	0.187271  	0.226335  	0.177802  
11.300000	164.186   	170.473   	163.569   	163.522   	0.767141  	0.4546    	0.187684  	0.226768  	0.178214  
11.325000	164.777   	171.065   	164.149   	164.101   	0.770015  	0.456206  	0.188097  	0.227202  	0.178626  
11.350000	165.368   	171.657   	164.73    	164.68    	0.772889  	0.457813  	0.18851   	0.227636  	0.179037  
11.375000	165.959   	172.248   	165.311   	165.259   	0.775764  	0.459419  	0.188923  	0.22807   	0.179449  
11.400000	166.55    	172.84    	165.891   	165.837   	0.778638  	0.461026  	0.189337  	0.228503  	0.179861  
11.425000	167.142   	173.432   	166.472   	166.416   	0.781512  	0.462632  	0.18975   	0.228937  	0.180272  
11.450000	167.733   	174.023   	167.053   	166.995   	0.784386  	0.464238  	0.190163  	0.229371  	0.180684  
11.475000	168.324   	174.615   	167.633   	167.574   	0.78726   	0.465845  	0.190576  	0.229805  	0.181096  
11.500000	168.915   	175.206   	168.214   	168.152   	0.790135  	0.467451  	0.190989  	0.230238  	0.181507  
11.525000	169.506   	175.798   	168.795   	168.731   	0.793009  	0.469058  	0.191402  	0.230672  	0.181919  
11.550000	170.097   	176.39    	169.375   	169.31    	0.795883  	0.470664  	0.191815  	0.231106  	0.182331  
11.575000	170.688   	176.981   	169.956   	169.889   	0.798757  	0.47227   	0.192228  	0.23154   	0.182742  
11.600000	171.28    	177.573   	170.537   	170.467   	0.801631  	0.473877  	0.192641  	0.231973  	0.183154  
11.625000	171.871   	178.164   	171.117   	171.046   	0.804506  	0.475483  	0.193054  	0.232407  	0.183566  
11.650000	172.462   	178.756   	171.698   	171.625   	0.80738   	0.47709   	0.193467  	0.232841  	0.183977  
11.675000	173.053   	179.348   	172.279   	172.203   	0.810254  	0.478696  	0.19388   	0.233275  	0.184389  
11.700000	173.644   	179.939   	172.859   	172.782   	0.813128  	0.480302  	0.194294  	0.233708  	0.184801  
11.725000	174.235   	180.531   	173.44    	173.361   	0.816003  	0.481909  	0.194707  	0.234142  	0.185212  
11.750000	174.826   	181.123   	174.021   	173.94    	0.818877  	0.483515  	0.19512   	0.234576  	0.185624  
11.775000	175.418   	181.714   	174.601   	174.518   	0.821751  	0.485122  	0.195533  	0.23501   	0.186036  
11.800000	176.009   	182.306   	175.182   	175.097   	0.824625  	0.486728  	0.195946  	0.235443  	0.186447  
11.825000	176.6     	182.897   	175.763   	175.676   	0.827499  	0.488334  	0.196359  	0.235877  	0.186859  
11.850000	177.191   	183.489   	176.343   	176.255   	0.830374  	0.489941  	0.196772  	0.236311  	0.18727   
11.875000	177.782   	184.081   	176.924   	176.833   	0.833248  	0.491547  	0.197185  	0.236745  	0.187682  
11.900000	178.373   	184.672   	177.505   	177.412   	0.836122  	0.493154  	0.197598  	0.237179  	0.188094  
11.925000	178.964   	185.264   	178.085   	177.991   	0.838996  	0.49476   	0.198011  	0.237612  	0.188505  
11.950000	179.555   	185.855   	178.666   	178.57    	0.84187   	0.496366  	0.198424  	0.238046  	0.188917  
11.975000	180.147   	186.447   	179.247   	179.148   	0.844745  	0.497973  	0.198837  	0.23848   	0.189329  
12.000000	180.738   	187.039   	179.827   	179.727   	0.847619  	0.499579  	0.199251  	0.238914  	0.18974   
12.025000	181.367   	187.666   	180.447   	180.343   	0.850716  	0.501295  	0.199711  	0.239397  	0.190199  
12.050000	181.996   	188.294   	181.066   	180.96    	0.853813  	0.503011  	0.200171  	0.23988   	0.190657  
12.075000	182.625   	188.922   	181.686   	181.576   	0.85691   	0.504727  	0.200631  	0.240364  	0.191115  
12.100000	183.254   	189.55    	182.305   	182.192   	0.860008  	0.506443  	0.201091  	0.240847  	0.191573  
12.125000	183.884   	190.177   	182.925   	182.809   	0.863105  	0.508159  	0.201551  	0.241331  	0.192031  
12.150000	184.513   	190.805   	183.544   	183.425   	0.866202  	0.509875  	0.202012  	0.241814  	0.192489  
12.175000	185.142   	191.433   	184.164   	184.041   	0.869299  	0.51159   	0.202472  	0.242297  	0.192947  
12.200000	185.771   	192.06    	184.783   	184.657   	0.872396  	0.513306  	0.202932  	0.242781  	0.193406  
12.225000	186.4     	192.688   	185.402   	185.274   	0.875493  	0.515022  	0.203392  	0.243264  	0.193864  
12.250000	187.029   	193.316   	186.022   	185.89    	0.878591  	0.516738  	0.203852  	0.243748  	0.194322  
12.275000	187.658   	193.944   	186.641   	186.506   	0.881688  	0.518454  	0.204312  	0.244231  	0.19478   
12.300000	188.288   	194.571   	187.261   	187.123   	0.884785  	0.52017   	0.204773  	0.244714  	0.195238  
12.325000	188.917   	195.199   	187.88    	187.739   	0.887882  	0.521886  	0.205233  	0.245198  	0.195696  
12.350000	189.546   	195.827   	188.5     	188.355   	0.890979  	0.523602  	0.205693  	0.245681  	0.196154  
12.375000	190.175   	196.455   	189.119   	188.971   	0.894077  	0.525318  	0.206153  	0.246165  	0.196612  
12.400000	190.804   	197.082   	189.738   	189.588   	0.897174  	0.527034  	0.206613  	0.246648  	0.197071  
12.425000	191.433   	197.71    	190.358   	190.204   	0.900271  	0.52875   	0.207074  	0.247131  	0.197529  
12.450000	192.063   	198.338   	190.977   	190.82    	0.903368  	0.530465  	0.207534  	0.247615  	0.197987  
12.475000	192.692   	198.965   	191.597   	191.437   	0.906465  	0.532181  	0.207994  	0.248098  	0.198445  
12.500000	193.321   	199.593   	192.216   	192.053   	0.909563  	0.533897  	0.208454  	0.248582  	0.198903  
12.525000	193.95    	200.221   	192.836   	192.669   	0.91266   	0.535613  	0.208914  	0.249065  	0.199361  
12.550000	194.579   	200.849   	193.455   	193.285   	0.915757  	0.537329  	0.209374  	0.249548  	0.199819  
12.575000	195.208   	201.476   	194.074   	193.902   	0.918854  	0.539045  	0.209835  	0.250032  	0.200278  
12.600000	195.837   	202.104   	194.694   	194.518   	0.921951  	0.540761  	0.210295  	0.250515  	0.200736  
12.625000	196.467   	202.732   	195.313   	195.134   	0.925049  	0.542477  	0.210755  	0.250999  	0.201194  
12.650000	197.096   	203.359   	195.933   	195.751   	0.928146  	0.544193  	0.211215  	0.251482  	0.201652  
12.675000	197.725   	203.987   	196.552   	196.367   	0.931243  	0.545909  	0.211675  	0.251965  	0.20211   
12.700000	198.354   	204.615   	197.172   	196.983   	0.93434   	0.547624  	0.212135  	0.252449  	0.202568  
12.725000	198.983   	205.243   	197.791   	197.599   	0.937437  	0.54934   	0.212596  	0.252932  	0.203026  
12.750000	199.612   	205.87    	198.411   	198.216   	0.940535  	0.551056  	0.213056  	0.253416  	0.203485  
12.775000	200.242   	206.498   	199.03    	198.832   	0.943632  	0.552772  	0.213516  	0.253899  	0.203943  
12.800000	200.871   	207.126   	199.649   	199.448   	0.946729  	0.554488  	0.213976  	0.254382  	0.204401  
12.825000	201.5     	207.753   	200.269   	200.065   	0.949826  	0.556204  	0.214436  	0.254866  	0.204859  
12.850000	202.129   	208.381   	200.888   	200.681   	0.952923  	0.55792   	0.214897  	0.255349  	0.205317  
12.875000	202.758   	209.009   	201.508   	201.297   	0.95602   	0.559636  	0.215357  	0.255833  	0.205775  
12.900000	203.387   	209.637   	202.127   	201.913   	0.959118  	0.561352  	0.215817  	0.256316  	0.206233  
12.925000	204.016   	210.264   	202.747   	202.53    	0.962215  	0.563068  	0.216277  	0.256799  	0.206692  
12.950000	204.646   	210.892   	203.366   	203.146   	0.965312  	0.564784  	0.216737  	0.257283  	0.20715   
12.975000	205.275   	211.52    	203.985   	203.762   	0.968409  	0.566499  	0.217197  	0.257766  	0.207608  
13.000000	205.904   	212.148   	204.605   	204.379   	0.971506  	0.568215  	0.217658  	0.25825   	0.208066  
13.025000	206.571   	212.811   	205.263   	205.032   	0.974825  	0.570039  	0.218164  	0.258781  	0.20857   
13.050000	207.237   	213.475   	205.921   	205.686   	0.978143  	0.571862  	0.21867   	0.259313  	0.209074  
13.075000	207.904   	214.138   	206.579   	206.34    	0.981461  	0.573686  	0.219177  	0.259845  	0.209577  
13.100000	208.571   	214.802   	207.237   	206.993   	0.984779  	0.575509  	0.219683  	0.260377  	0.210081  
13.125000	209.238   	215.466   	207.895   	207.647   	0.988098  	0.577332  	0.220189  	0.260909  	0.210585  
13.150000	209.904   	216.129   	208.553   	208.301   	0.991416  	0.579156  	0.220696  	0.261441  	0.211089  
13.175000	210.571   	216.793   	209.211   	208.954   	0.994734  	0.580979  	0.221202  	0.261973  	0.211593  
13.200000	211.238   	217.457   	209.869   	209.608   	0.998052  	0.582802  	0.221709  	0.262504  	0.212096  
13.225000	211.905   	218.12    	210.527   	210.262   	1.00137   	0.584626  	0.222215  	0.263036  	0.2126    
13.250000	212.571   	218.784   	211.185   	210.916   	1.00469   	0.586449  	0.222721  	0.263568  	0.213104  
13.275000	213.238   	219.448   	211.843   	211.569   	1.00801   	0.588273  	0.223228  	0.2641    	0.213608  
13.300000	213.905   	220.111   	212.501   	212.223   	1.01133   	0.590096  	0.223734  	0.264632  	0.214112  
13.325000	214.572   	220.775   	213.159   	212.877   	1.01464   	0.591919  	0.22424   	0.265164  	0.214615  
13.350000	215.238   	221.439   	213.817   	213.53    	1.01796   	0.593743  	0.224747  	0.265696  	0.215119  
13.375000	215.905   	222.102   	214.475   	214.184   	1.02128   	0.595566  	0.225253  	0.266227  	0.215623  
13.400000	216.572   	222.766   	215.133   	214.838   	1.0246    	0.59739   	0.22576   	0.266759  	0.216127  
13.425000	217.239   	223.43    	215.791   	215.491   	1.02792   	0.599213  	0.226266  	0.267291  	0.216631  
13.450000	217.905   	224.093   	216.449   	216.145   	1.03123   	0.601036  	0.226772  	0.267823  	0.217134  
13.475000	218.572   	224.757   	217.107   	216.799   	1.03455   	0.60286   	0.227279  	0.268355  	0.217638  
13.500000	219.239   	225.42    	217.765   	217.452   	1.03787   	0.604683  	0.227785  	0.268887  	0.218142  
13.525000	219.906   	226.084   	218.423   	218.106   	1.04119   	0.606507  	0.228292  	0.269419  	0.218646  
13.550000	220.572   	226.748   	219.081   	218.76    	1.04451   	0.60833   	0.228798  	0.26995   	0.21915   
13.575000	221.239   	227.411   	219.739   	219.414   	1.04783   	0.610153  	0.229304  	0.270482  	0.219653  
13.600000	221.906   	228.075   	220.397   	220.067   	1.05114   	0.611977  	0.229811  	0.271014  	0.220157  
13.625000	222.573   	228.739   	221.055   	220.721   	1.05446   	0.6138    	0.230317  	0.271546  	0.220661  
13.650000	223.239   	229.402   	221.713   	221.375   	1.05778   	0.615624  	0.230823  	0.272078  	0.221165  
13.675000	223.906   	230.066   	222.37    	222.028   	1.0611    	0.617447  	0.23133   	0.27261   	0.221669  
13.700000	224.573   	230.73    	223.028   	222.682   	1.06442   	0.61927   	0.231836  	0.273142  	0.222172  
13.725000	225.24    	231.393   	223.686   	223.336   	1.06774   	0.621094  	0.232343  	0.273673  	0.222676  
13.750000	225.906   	232.057   	224.344   	223.989   	1.07105   	0.622917  	0.232849  	0.274205  	0.22318   
13.775000	226.573   	232.721   	225.002   	224.643   	1.07437   	0.624741  	0.233355  	0.274737  	0.223684  
13.800000	227.24    	233.384   	225.66    	225.297   	1.07769   	0.626564  	0.233862  	0.275269  	0.224188  
13.825000	227.907   	234.048   	226.318   	225.95    	1.08101   	0.628387  	0.234368  	0.275801  	0.224691  
13.850000	228.573   	234.712   	226.976   	226.604   	1.08433   	0.630211  	0.234874  	0.276333  	0.225195  
13.875000	229.24    	235.375   	227.634   	227.258   	1.08764   	0.632034  	0.235381  	0.276865  	0.225699  
13.900000	229.907   	236.039   	228.292   	227.911   	1.09096   	0.633857  	0.235887  	0.277396  	0.226203  
13.925000	230.574   	236.703   	228.95    	228.565   	1.09428   	0.635681  	0.236394  	0.277928  	0.226707  
13.950000	231.24    	237.366   	229.608   	229.219   	1.0976    	0.637504  	0.2369    	0.27846   	0.22721   
13.975000	231.907   	238.03    	230.266   	229.873   	1.10092   	0.639328  	0.237406  	0.278992  	0.227714  
14.000000	232.574   	238.693   	230.924   	230.526   	1.10424   	0.641151  	0.237913  	0.279524  	0.228218  
14.025000	233.278   	239.393   	231.621   	231.217   	1.10777   	0.643079  	0.238463  	0.280102  	0.228766  
14.050000	233.982   	240.092   	232.317   	231.908   	1.11131   	0.645008  	0.239014  	0.28068   	0.229314  
14.075000	234.686   	240.792   	233.013   	232.599   	1.11485   	0.646936  	0.239565  	0.281258  	0.229862  
14.100000	235.39    	241.491   	233.71    	233.29    	1.11839   	0.648865  	0.240116  	0.281836  	0.230409  
14.125000	236.094   	242.19    	234.406   	233.981   	1.12192   	0.650793  	0.240667  	0.282414  	0.230957  
14.150000	236.798   	242.89    	235.102   	234.672   	1.12546   	0.652721  	0.241218  	0.282992  	0.231505  
14.175000	237.502   	243.589   	235.799   	235.363   	1.129     	0.65465   	0.241768  	0.28357   	0.232053  
14.200000	238.205   	244.289   	236.495   	236.054   	1.13254   	0.656578  	0.242319  	0.284148  	0.232601  
14.225000	238.909   	244.988   	237.191   	236.745   	1.13607   	0.658506  	0.24287   	0.284727  	0.233149  
14.250000	239.613   	245.687   	237.888   	237.435   	1.13961   	0.660435  	0.243421  	0.285305  	0.233697  
14.275000	240.317   	246.387   	238.584   	238.126   	1.14315   	0.662363  	0.243972  	0.285883  	0.234244  
14.300000	241.021   	247.086   	239.28    	238.817   	1.14669   	0.664291  	0.244523  	0.286461  	0.234792  
14.325000	241.725   	247.786   	239.976   	239.508   	1.15022   	0.66622   	0.245073  	0.287039  	0.23534   
