Energy (MeV/u)	0 - [He-base] F.Hubert et al, AD&ND Tables 46(1990)1	1 - [H -base] J.F.Ziegler et al, Pergamon Press, NY (low energy)	2 - ATIMA 1.2  LS-theory (recommended for high energy)	3 - ATIMA 1.2  without LS-correction	4 - Range straggling - method [0] - LISE	5 - Range straggling - method [1] - Atima	6 - Lateral range - method [0] - LISE	7 - Lateral range - method [1] - Atima	8 - Lateral range - method [2] - PDG
0.000000	-	-	-	-	-	-	-	-	-
0.002500	0.0936142 	0.0955131 	0.102073  	0.102076  	0.00581442	0.00581423	0.000349228	0.000587257	0.000259198
0.005000	0.185431  	0.190479  	0.20082   	0.200825  	0.00694213	0.00694191	0.000923903	0.00151678	0.000707598
0.007500	0.272653  	0.280694  	0.290113  	0.290121  	0.00700189	0.00700167	0.00162573	0.00262484	0.00127003
0.010000	0.356489  	0.367406  	0.37366   	0.37367   	0.00726551	0.00726528	0.00236062	0.00377437	0.00186464
0.012500	0.432214  	0.445728  	0.448635  	0.448647  	0.00789924	0.007899  	0.00313468	0.00496938	0.00249923
0.015000	0.507938  	0.52405   	0.52361   	0.523624  	0.00853297	0.00853271	0.00390874	0.00616439	0.00313383
0.017500	0.573297  	0.591651  	0.589009  	0.589025  	0.00927506	0.00927478	0.00467533	0.00733822	0.00376726
0.020000	0.638655  	0.659252  	0.654409  	0.654426  	0.0100171 	0.0100169 	0.00544192	0.00851205	0.00440069
0.022500	0.695808  	0.718365  	0.711861  	0.711879  	0.0106774 	0.0106771 	0.00617486	0.00962952	0.00500885
0.025000	0.75296   	0.777477  	0.769313  	0.769333  	0.0113376 	0.0113373 	0.00690781	0.010747  	0.00561701
0.027500	0.803305  	0.82955   	0.821     	0.82102   	0.0119065 	0.0119062 	0.00761194	0.0118166 	0.00620333
0.030000	0.85365   	0.881622  	0.872686  	0.872708  	0.0124753 	0.012475  	0.00831607	0.0128862 	0.00678965
0.032500	0.898982  	0.928509  	0.920299  	0.920322  	0.0129756 	0.0129753 	0.00900228	0.0139248 	0.00736304
0.035000	0.944315  	0.975397  	0.967911  	0.967935  	0.0134759 	0.0134756 	0.00968848	0.0149633 	0.00793643
0.037500	0.985934  	1.01844   	1.01217   	1.01219   	0.0139153 	0.0139149 	0.010269  	0.0158401 	0.00842244
0.040000	1.02755   	1.06149   	1.05642   	1.05645   	0.0143546 	0.0143543 	0.0108495 	0.0167168 	0.00890845
0.042500	1.06641   	1.10168   	1.09789   	1.09792   	0.0147429 	0.0147425 	0.0113228 	0.0174309 	0.00930519
0.045000	1.10527   	1.14188   	1.13936   	1.13938   	0.0151312 	0.0151308 	0.0117961 	0.018145  	0.00970194
0.047500	1.14209   	1.17996   	1.17848   	1.17851   	0.0154775 	0.0153063 	0.0121907 	0.0187397 	0.0100329 
0.050000	1.17891   	1.21804   	1.21761   	1.21764   	0.0158238 	0.0154818 	0.0125852 	0.0193344 	0.0103639 
0.052500	1.21372   	1.25405   	1.25476   	1.25479   	0.0161356 	0.0155473 	0.0129322 	0.019857  	0.0106551 
0.055000	1.24853   	1.29005   	1.2919    	1.29193   	0.0164474 	0.0156127 	0.0132791 	0.0203796 	0.0109462 
0.057500	1.28129   	1.32393   	1.32736   	1.32739   	0.0167309 	0.0156739 	0.0135923 	0.0208513 	0.0112092 
0.060000	1.31404   	1.35781   	1.36281   	1.36284   	0.0170144 	0.015735  	0.0139055 	0.021323  	0.0114721 
0.062500	1.3445    	1.38931   	1.39618   	1.39622   	0.0172646 	0.015791  	0.0141837 	0.021742  	0.0117056 
0.065000	1.37496   	1.42082   	1.42955   	1.42959   	0.0175148 	0.015847  	0.0144618 	0.0221609 	0.0119392 
0.067500	1.40542   	1.45232   	1.46292   	1.46296   	0.017765  	0.015903  	0.01474   	0.0225798 	0.0121727 
0.070000	1.43588   	1.48383   	1.49629   	1.49633   	0.0180152 	0.015959  	0.0150182 	0.0229987 	0.0124062 
0.072500	1.46389   	1.5128    	1.52745   	1.52749   	0.0182321 	0.0160098 	0.0152681 	0.0233751 	0.012616  
0.075000	1.49191   	1.54177   	1.55861   	1.55865   	0.0184491 	0.0160607 	0.0155179 	0.0237515 	0.0128258 
0.077500	1.51992   	1.57075   	1.58977   	1.58981   	0.018666  	0.0161115 	0.0157678 	0.0241279 	0.0130356 
0.080000	1.54793   	1.59972   	1.62093   	1.62097   	0.0188829 	0.0161624 	0.0160177 	0.0245042 	0.0132454 
0.082500	1.57395   	1.62664   	1.65038   	1.65042   	0.0190758 	0.0162096 	0.0162506 	0.0248549 	0.0134409 
0.085000	1.59998   	1.65355   	1.67983   	1.67987   	0.0192687 	0.0162567 	0.0164835 	0.0252056 	0.0136365 
0.087500	1.626     	1.68047   	1.70928   	1.70932   	0.0194616 	0.0163039 	0.0167163 	0.0255563 	0.013832  
0.090000	1.65203   	1.70739   	1.73873   	1.73877   	0.0196545 	0.0163511 	0.0169492 	0.025907  	0.0140275 
0.092500	1.67657   	1.73277   	1.76683   	1.76687   	0.0198295 	0.0163956 	0.0171718 	0.0262421 	0.0142145 
0.095000	1.70111   	1.75815   	1.79493   	1.79497   	0.0200046 	0.0164401 	0.0173944 	0.0265771 	0.0144015 
0.097500	1.72565   	1.78353   	1.82303   	1.82307   	0.0201796 	0.0164845 	0.017617  	0.0269122 	0.0145885 
0.100000	1.75018   	1.80891   	1.85113   	1.85117   	0.0203546 	0.016529  	0.0178396 	0.0272473 	0.0147755 
0.102500	1.77338   	1.83291   	1.87769   	1.87774   	0.0205106 	0.0165708 	0.0180538 	0.0275692 	0.0149557 
0.105000	1.79658   	1.8569    	1.90426   	1.90431   	0.0206667 	0.0166125 	0.018268  	0.0278912 	0.0151359 
0.107500	1.81978   	1.8809    	1.93083   	1.93088   	0.0208227 	0.0166543 	0.0184823 	0.0282132 	0.0153161 
0.110000	1.84298   	1.90489   	1.9574    	1.95744   	0.0209787 	0.0166961 	0.0186965 	0.0285352 	0.0154963 
0.112500	1.86618   	1.92889   	1.98397   	1.98401   	0.0211347 	0.0167378 	0.0189107 	0.0288572 	0.0156765 
0.115000	1.88938   	1.95288   	2.01053   	2.01058   	0.0212908 	0.0167796 	0.0191249 	0.0291791 	0.0158568 
0.117500	1.91258   	1.97688   	2.0371    	2.03715   	0.0214468 	0.0168213 	0.0193392 	0.0295011 	0.016037  
0.120000	1.93578   	2.00088   	2.06367   	2.06372   	0.0216028 	0.0168631 	0.0195534 	0.0298231 	0.0162172 
0.122500	1.95789   	2.02374   	2.08874   	2.08879   	0.0217415 	0.0169026 	0.0197649 	0.0301401 	0.0163955 
0.125000	1.97999   	2.0466    	2.11381   	2.11386   	0.0218801 	0.016942  	0.0199764 	0.0304571 	0.0165739 
0.127500	2.00209   	2.06946   	2.13888   	2.13893   	0.0220188 	0.0169815 	0.0201879 	0.0307742 	0.0167522 
0.130000	2.0242    	2.09233   	2.16395   	2.16401   	0.0221574 	0.017021  	0.0203994 	0.0310912 	0.0169306 
0.132500	2.0463    	2.11519   	2.18903   	2.18908   	0.0222961 	0.0170604 	0.020611  	0.0314082 	0.0171089 
0.135000	2.06841   	2.13805   	2.2141    	2.21415   	0.0224347 	0.0170999 	0.0208225 	0.0317252 	0.0172873 
0.137500	2.09051   	2.16091   	2.23917   	2.23922   	0.0225734 	0.0171394 	0.021034  	0.0320422 	0.0174657 
0.140000	2.11261   	2.18377   	2.26424   	2.26429   	0.022712  	0.0171788 	0.0212455 	0.0323593 	0.017644  
0.142500	2.13389   	2.20578   	2.28823   	2.28829   	0.0228389 	0.017218  	0.0214578 	0.0326763 	0.0178236 
0.145000	2.15517   	2.22779   	2.31223   	2.31228   	0.0229658 	0.0172572 	0.0216701 	0.0329934 	0.0180032 
0.147500	2.17644   	2.24979   	2.33622   	2.33628   	0.0230927 	0.0172963 	0.0218825 	0.0333105 	0.0181828 
0.150000	2.19772   	2.2718    	2.36022   	2.36027   	0.0232196 	0.0173355 	0.0220948 	0.0336276 	0.0183624 
0.152500	2.219     	2.29381   	2.38421   	2.38427   	0.0233465 	0.0173747 	0.0223071 	0.0339446 	0.018542  
0.155000	2.24027   	2.31581   	2.40821   	2.40826   	0.0234734 	0.0174138 	0.0225194 	0.0342617 	0.0187216 
0.157500	2.26155   	2.33782   	2.4322    	2.43226   	0.0236003 	0.017453  	0.0227318 	0.0345788 	0.0189012 
0.160000	2.28283   	2.35983   	2.4562    	2.45625   	0.0237272 	0.0174922 	0.0229441 	0.0348959 	0.0190807 
0.162500	2.30342   	2.38113   	2.47938   	2.47943   	0.0238456 	0.0175336 	0.0231569 	0.0352123 	0.0192614 
0.165000	2.32402   	2.40243   	2.50256   	2.50261   	0.023964  	0.017575  	0.0233697 	0.0355286 	0.019442  
0.167500	2.34461   	2.42373   	2.52574   	2.52579   	0.0240824 	0.0176165 	0.0235825 	0.035845  	0.0196227 
0.170000	2.36521   	2.44503   	2.54892   	2.54898   	0.0242008 	0.0176579 	0.0237953 	0.0361614 	0.0198034 
0.172500	2.38581   	2.46634   	2.5721    	2.57216   	0.0243191 	0.0176994 	0.0240081 	0.0364778 	0.019984  
0.175000	2.4064    	2.48764   	2.59528   	2.59534   	0.0244375 	0.0177408 	0.0242209 	0.0367942 	0.0201647 
0.177500	2.427     	2.50894   	2.61846   	2.61852   	0.0245559 	0.0177823 	0.0244337 	0.0371105 	0.0203453 
0.180000	2.44759   	2.53024   	2.64164   	2.6417    	0.0246743 	0.0178237 	0.0246465 	0.0374269 	0.020526  
0.182500	2.46758   	2.55092   	2.66417   	2.66424   	0.0247861 	0.0178667 	0.024863  	0.0377473 	0.0207103 
0.185000	2.48758   	2.5716    	2.68671   	2.68678   	0.0248979 	0.0179097 	0.0250794 	0.0380677 	0.0208947 
0.187500	2.50757   	2.59228   	2.70925   	2.70931   	0.0250098 	0.0179527 	0.0252958 	0.0383881 	0.0210791 
0.190000	2.52756   	2.61295   	2.73179   	2.73185   	0.0251216 	0.0179958 	0.0255122 	0.0387085 	0.0212634 
0.192500	2.54755   	2.63363   	2.75433   	2.75439   	0.0252334 	0.0180388 	0.0257287 	0.0390289 	0.0214478 
0.195000	2.56754   	2.65431   	2.77687   	2.77693   	0.0253453 	0.0180818 	0.0259451 	0.0393493 	0.0216322 
0.197500	2.58753   	2.67498   	2.7994    	2.79947   	0.0254571 	0.0181248 	0.0261615 	0.0396697 	0.0218165 
0.200000	2.60752   	2.69566   	2.82194   	2.82201   	0.0255689 	0.0181678 	0.0263779 	0.0399901 	0.0220009 
0.202500	2.62687   	2.71567   	2.84364   	2.8437    	0.0256723 	0.0182123 	0.0265932 	0.040306  	0.0221855 
0.205000	2.64621   	2.73567   	2.86534   	2.8654    	0.0257757 	0.0182568 	0.0268085 	0.0406219 	0.0223702 
0.207500	2.66555   	2.75568   	2.88703   	2.8871    	0.0258791 	0.0183013 	0.0270238 	0.0409379 	0.0225548 
0.210000	2.68489   	2.77568   	2.90873   	2.9088    	0.0259825 	0.0183458 	0.027239  	0.0412538 	0.0227395 
0.212500	2.70423   	2.79569   	2.93043   	2.93049   	0.0260859 	0.0183903 	0.0274543 	0.0415697 	0.0229241 
0.215000	2.72357   	2.81569   	2.95212   	2.95219   	0.0261893 	0.0184347 	0.0276696 	0.0418856 	0.0231088 
0.217500	2.74291   	2.8357    	2.97382   	2.97389   	0.0262927 	0.0184792 	0.0278849 	0.0422015 	0.0232934 
0.220000	2.76225   	2.8557    	2.99551   	2.99558   	0.0263961 	0.0185237 	0.0281001 	0.0425174 	0.0234781 
0.222500	2.7816    	2.8757    	3.01721   	3.01728   	0.0264995 	0.0185682 	0.0283154 	0.0428333 	0.0236627 
0.225000	2.80094   	2.89571   	3.03891   	3.03898   	0.0266029 	0.0186127 	0.0285307 	0.0431493 	0.0238474 
0.227500	2.82028   	2.91571   	3.0606    	3.06068   	0.0267063 	0.0186572 	0.028746  	0.0434652 	0.024032  
0.230000	2.83962   	2.93572   	3.0823    	3.08237   	0.0268097 	0.0187016 	0.0289613 	0.0437811 	0.0242167 
0.232500	2.85896   	2.95572   	3.104     	3.10407   	0.0269131 	0.0187461 	0.0291765 	0.044097  	0.0244013 
0.235000	2.8783    	2.97573   	3.12569   	3.12577   	0.0270165 	0.0187906 	0.0293918 	0.0444129 	0.024586  
0.237500	2.89764   	2.99573   	3.14739   	3.14746   	0.0271199 	0.0188351 	0.0296071 	0.0447288 	0.0247706 
0.240000	2.91698   	3.01574   	3.16909   	3.16916   	0.0272233 	0.0188796 	0.0298224 	0.0450447 	0.0249553 
0.242500	2.93633   	3.03574   	3.19078   	3.19086   	0.0273267 	0.0189241 	0.0300376 	0.0453607 	0.0251399 
0.245000	2.95567   	3.05575   	3.21248   	3.21256   	0.0274301 	0.0189685 	0.0302529 	0.0456766 	0.0253246 
0.247500	2.97501   	3.07575   	3.23418   	3.23425   	0.0275335 	0.019013  	0.0304682 	0.0459925 	0.0255092 
0.250000	2.99435   	3.09576   	3.25587   	3.25595   	0.0276369 	0.0190575 	0.0306835 	0.0463084 	0.0256939 
0.252500	3.0129    	3.11494   	3.2767    	3.27677   	0.0277316 	0.0191028 	0.0308983 	0.0466199 	0.0258798 
0.255000	3.03145   	3.13413   	3.29752   	3.2976    	0.0278263 	0.0191481 	0.0311131 	0.0469314 	0.0260658 
0.257500	3.04999   	3.15331   	3.31834   	3.31842   	0.027921  	0.0191933 	0.0313279 	0.0472429 	0.0262517 
0.260000	3.06854   	3.17249   	3.33916   	3.33924   	0.0280156 	0.0192386 	0.0315428 	0.0475544 	0.0264376 
0.262500	3.08709   	3.19168   	3.35999   	3.36006   	0.0281103 	0.0192839 	0.0317576 	0.0478659 	0.0266236 
0.265000	3.10564   	3.21086   	3.38081   	3.38089   	0.028205  	0.0193292 	0.0319724 	0.0481774 	0.0268095 
0.267500	3.12419   	3.23005   	3.40163   	3.40171   	0.0282997 	0.0193744 	0.0321872 	0.0484889 	0.0269954 
0.270000	3.14273   	3.24923   	3.42245   	3.42253   	0.0283944 	0.0194197 	0.032402  	0.0488004 	0.0271814 
0.272500	3.16128   	3.26842   	3.44328   	3.44336   	0.0284891 	0.019465  	0.0326169 	0.0491119 	0.0273673 
0.275000	3.17983   	3.2876    	3.4641    	3.46418   	0.0285838 	0.0195103 	0.0328317 	0.0494234 	0.0275532 
0.277500	3.19838   	3.30678   	3.48492   	3.485     	0.0286784 	0.0195556 	0.0330465 	0.0497349 	0.0277392 
0.280000	3.21693   	3.32597   	3.50574   	3.50583   	0.0287731 	0.0196008 	0.0332613 	0.0500465 	0.0279251 
0.282500	3.23547   	3.34515   	3.52657   	3.52665   	0.0288678 	0.0196461 	0.0334761 	0.050358  	0.028111  
0.285000	3.25402   	3.36434   	3.54739   	3.54747   	0.0289625 	0.0196914 	0.033691  	0.0506695 	0.028297  
0.287500	3.27257   	3.38352   	3.56821   	3.56829   	0.0290572 	0.0197367 	0.0339058 	0.050981  	0.0284829 
0.290000	3.29112   	3.40271   	3.58903   	3.58912   	0.0291519 	0.0197819 	0.0341206 	0.0512925 	0.0286688 
0.292500	3.30967   	3.42189   	3.60986   	3.60994   	0.0292465 	0.0198272 	0.0343354 	0.051604  	0.0288548 
0.295000	3.32821   	3.44108   	3.63068   	3.63076   	0.0293412 	0.0198725 	0.0345503 	0.0519155 	0.0290407 
0.297500	3.34676   	3.46026   	3.6515    	3.65159   	0.0294359 	0.0199178 	0.0347651 	0.052227  	0.0292266 
0.300000	3.36531   	3.47944   	3.67232   	3.67241   	0.0295306 	0.0199631 	0.0349799 	0.0525385 	0.0294126 
0.302500	3.38321   	3.49796   	3.69249   	3.69258   	0.0296186 	0.0200081 	0.0351931 	0.052844  	0.0295986 
0.305000	3.40112   	3.51648   	3.71266   	3.71275   	0.0297066 	0.0200532 	0.0354062 	0.0531496 	0.0297847 
0.307500	3.41902   	3.535     	3.73283   	3.73292   	0.0297947 	0.0200982 	0.0356194 	0.0534551 	0.0299707 
0.310000	3.43693   	3.55352   	3.753     	3.75308   	0.0298827 	0.0201433 	0.0358325 	0.0537607 	0.0301568 
0.312500	3.45483   	3.57203   	3.77317   	3.77325   	0.0299707 	0.0201884 	0.0360457 	0.0540662 	0.0303428 
0.315000	3.47273   	3.59055   	3.79333   	3.79342   	0.0300588 	0.0202334 	0.0362589 	0.0543718 	0.0305289 
0.317500	3.49064   	3.60907   	3.8135    	3.81359   	0.0301468 	0.0202785 	0.036472  	0.0546773 	0.0307149 
0.320000	3.50854   	3.62759   	3.83367   	3.83376   	0.0302348 	0.0203236 	0.0366852 	0.0549829 	0.030901  
0.322500	3.52645   	3.64611   	3.85384   	3.85393   	0.0303228 	0.0203686 	0.0368983 	0.0552884 	0.031087  
0.325000	3.54435   	3.66463   	3.87401   	3.8741    	0.0304109 	0.0204137 	0.0371115 	0.055594  	0.031273  
0.327500	3.56225   	3.68314   	3.89417   	3.89426   	0.0304989 	0.0204588 	0.0373247 	0.0558995 	0.0314591 
0.330000	3.58016   	3.70166   	3.91434   	3.91443   	0.0305869 	0.0205038 	0.0375378 	0.0562051 	0.0316451 
0.332500	3.59806   	3.72018   	3.93451   	3.9346    	0.0306749 	0.0205489 	0.037751  	0.0565106 	0.0318312 
0.335000	3.61597   	3.7387    	3.95468   	3.95477   	0.030763  	0.020594  	0.0379641 	0.0568162 	0.0320172 
0.337500	3.63387   	3.75722   	3.97485   	3.97494   	0.030851  	0.020639  	0.0381773 	0.0571217 	0.0322033 
0.340000	3.65177   	3.77573   	3.99502   	3.99511   	0.030939  	0.0206841 	0.0383905 	0.0574273 	0.0323893 
0.342500	3.66968   	3.79425   	4.01518   	4.01528   	0.031027  	0.0207292 	0.0386036 	0.0577328 	0.0325754 
0.345000	3.68758   	3.81277   	4.03535   	4.03544   	0.0311151 	0.0207742 	0.0388168 	0.0580384 	0.0327614 
0.347500	3.70549   	3.83129   	4.05552   	4.05561   	0.0312031 	0.0208193 	0.0390299 	0.0583439 	0.0329475 
0.350000	3.72339   	3.84981   	4.07569   	4.07578   	0.0312911 	0.0208643 	0.0392431 	0.0586495 	0.0331335 
0.352500	3.74082   	3.86784   	4.09507   	4.09517   	0.0313706 	0.020907  	0.0394539 	0.0589483 	0.0333189 
0.355000	3.75825   	3.88586   	4.11446   	4.11455   	0.03145   	0.0209496 	0.0396646 	0.0592471 	0.0335043 
0.357500	3.77568   	3.90389   	4.13384   	4.13394   	0.0315295 	0.0209923 	0.0398754 	0.0595459 	0.0336896 
0.360000	3.79311   	3.92192   	4.15323   	4.15333   	0.0316089 	0.0210349 	0.0400861 	0.0598447 	0.033875  
0.362500	3.81054   	3.93995   	4.17262   	4.17271   	0.0316884 	0.0210776 	0.0402969 	0.0601435 	0.0340604 
0.365000	3.82797   	3.95798   	4.192     	4.1921    	0.0317678 	0.0211202 	0.0405076 	0.0604423 	0.0342457 
0.367500	3.84541   	3.97601   	4.21139   	4.21148   	0.0318473 	0.0211629 	0.0407184 	0.0607411 	0.0344311 
0.370000	3.86284   	3.99404   	4.23077   	4.23087   	0.0319267 	0.0212055 	0.0409292 	0.0610399 	0.0346165 
0.372500	3.88027   	4.01207   	4.25016   	4.25026   	0.0320062 	0.0212482 	0.0411399 	0.0613387 	0.0348018 
0.375000	3.8977    	4.03009   	4.26954   	4.26964   	0.0320857 	0.0212908 	0.0413507 	0.0616375 	0.0349872 
0.377500	3.91513   	4.04812   	4.28893   	4.28903   	0.0321651 	0.0213335 	0.0415614 	0.0619363 	0.0351726 
0.380000	3.93256   	4.06615   	4.30831   	4.30841   	0.0322446 	0.0213761 	0.0417722 	0.0622351 	0.0353579 
0.382500	3.94999   	4.08418   	4.3277    	4.3278    	0.032324  	0.0214188 	0.0419829 	0.0625339 	0.0355433 
0.385000	3.96742   	4.10221   	4.34709   	4.34719   	0.0324035 	0.0214614 	0.0421937 	0.0628327 	0.0357286 
0.387500	3.98485   	4.12024   	4.36647   	4.36657   	0.0324829 	0.0215041 	0.0424045 	0.0631315 	0.035914  
0.390000	4.00228   	4.13827   	4.38586   	4.38596   	0.0325624 	0.0215467 	0.0426152 	0.0634303 	0.0360994 
0.392500	4.01971   	4.1563    	4.40524   	4.40534   	0.0326418 	0.0215893 	0.042826  	0.0637291 	0.0362847 
0.395000	4.03715   	4.17433   	4.42463   	4.42473   	0.0327213 	0.021632  	0.0430367 	0.0640279 	0.0364701 
0.397500	4.05458   	4.19235   	4.44401   	4.44412   	0.0328007 	0.0216746 	0.0432475 	0.0643267 	0.0366555 
0.400000	4.07201   	4.21038   	4.4634    	4.4635    	0.0328802 	0.0217173 	0.0434582 	0.0646255 	0.0368408 
0.402500	4.08901   	4.22797   	4.48215   	4.48226   	0.0329531 	0.0217578 	0.0436659 	0.0649167 	0.0370248 
0.405000	4.10602   	4.24557   	4.50091   	4.50101   	0.0330259 	0.0217983 	0.0438735 	0.0652079 	0.0372087 
0.407500	4.12303   	4.26316   	4.51966   	4.51977   	0.0330988 	0.0218388 	0.0440812 	0.0654991 	0.0373927 
0.410000	4.14004   	4.28075   	4.53842   	4.53852   	0.0331717 	0.0218793 	0.0442888 	0.0657903 	0.0375766 
0.412500	4.15705   	4.29834   	4.55718   	4.55728   	0.0332446 	0.0219198 	0.0444964 	0.0660815 	0.0377606 
0.415000	4.17405   	4.31593   	4.57593   	4.57604   	0.0333174 	0.0219602 	0.0447041 	0.0663728 	0.0379445 
0.417500	4.19106   	4.33352   	4.59469   	4.59479   	0.0333903 	0.0220007 	0.0449117 	0.066664  	0.0381285 
0.420000	4.20807   	4.35111   	4.61344   	4.61355   	0.0334632 	0.0220412 	0.0451194 	0.0669552 	0.0383124 
0.422500	4.22508   	4.3687    	4.6322    	4.6323    	0.0335361 	0.0220817 	0.045327  	0.0672464 	0.0384964 
0.425000	4.24209   	4.3863    	4.65095   	4.65106   	0.0336089 	0.0221222 	0.0455346 	0.0675376 	0.0386803 
0.427500	4.25909   	4.40389   	4.66971   	4.66981   	0.0336818 	0.0221627 	0.0457423 	0.0678289 	0.0388643 
0.430000	4.2761    	4.42148   	4.68846   	4.68857   	0.0337547 	0.0222032 	0.0459499 	0.0681201 	0.0390482 
0.432500	4.29311   	4.43907   	4.70722   	4.70733   	0.0338276 	0.0222437 	0.0461575 	0.0684113 	0.0392322 
0.435000	4.31012   	4.45666   	4.72597   	4.72608   	0.0339004 	0.0222842 	0.0463652 	0.0687025 	0.0394161 
0.437500	4.32712   	4.47425   	4.74473   	4.74484   	0.0339733 	0.0223247 	0.0465728 	0.0689937 	0.0396001 
0.440000	4.34413   	4.49184   	4.76348   	4.76359   	0.0340462 	0.0223652 	0.0467805 	0.0692849 	0.039784  
0.442500	4.36114   	4.50943   	4.78224   	4.78235   	0.0341191 	0.0224057 	0.0469881 	0.0695762 	0.039968  
0.445000	4.37815   	4.52703   	4.80099   	4.8011    	0.0341919 	0.0224462 	0.0471957 	0.0698674 	0.0401519 
0.447500	4.39516   	4.54462   	4.81975   	4.81986   	0.0342648 	0.0224867 	0.0474034 	0.0701586 	0.0403359 
0.450000	4.41216   	4.56221   	4.83851   	4.83862   	0.0343377 	0.0225271 	0.047611  	0.0704498 	0.0405198 
0.452500	4.42874   	4.57935   	4.8568    	4.85692   	0.034406  	0.0225661 	0.0478175 	0.0707366 	0.040704  
0.455000	4.44532   	4.5965    	4.8751    	4.87521   	0.0344744 	0.0226051 	0.048024  	0.0710233 	0.0408881 
0.457500	4.46189   	4.61364   	4.8934    	4.89351   	0.0345428 	0.0226441 	0.0482305 	0.0713101 	0.0410722 
0.460000	4.47847   	4.63079   	4.9117    	4.91181   	0.0346111 	0.0226831 	0.048437  	0.0715969 	0.0412563 
0.462500	4.49505   	4.64794   	4.93      	4.93011   	0.0346795 	0.0227221 	0.0486435 	0.0718836 	0.0414405 
0.465000	4.51162   	4.66508   	4.9483    	4.94841   	0.0347478 	0.0227611 	0.04885   	0.0721704 	0.0416246 
0.467500	4.5282    	4.68223   	4.9666    	4.96671   	0.0348162 	0.0228001 	0.0490565 	0.0724572 	0.0418087 
0.470000	4.54478   	4.69937   	4.98489   	4.98501   	0.0348845 	0.0228391 	0.049263  	0.0727439 	0.0419928 
0.472500	4.56135   	4.71652   	5.00319   	5.00331   	0.0349529 	0.0228781 	0.0494695 	0.0730307 	0.042177  
0.475000	4.57793   	4.73366   	5.02149   	5.02161   	0.0350213 	0.022917  	0.049676  	0.0733175 	0.0423611 
0.477500	4.59451   	4.75081   	5.03979   	5.03991   	0.0350896 	0.022956  	0.0498825 	0.0736042 	0.0425452 
0.480000	4.61108   	4.76795   	5.05809   	5.05821   	0.035158  	0.022995  	0.050089  	0.073891  	0.0427293 
0.482500	4.62766   	4.7851    	5.07639   	5.0765    	0.0352263 	0.023034  	0.0502956 	0.0741777 	0.0429134 
0.485000	4.64424   	4.80224   	5.09469   	5.0948    	0.0352947 	0.023073  	0.0505021 	0.0744645 	0.0430976 
0.487500	4.66081   	4.81939   	5.11299   	5.1131    	0.035363  	0.023112  	0.0507086 	0.0747513 	0.0432817 
0.490000	4.67739   	4.83653   	5.13128   	5.1314    	0.0354314 	0.023151  	0.0509151 	0.075038  	0.0434658 
0.492500	4.69397   	4.85368   	5.14958   	5.1497    	0.0354998 	0.02319   	0.0511216 	0.0753248 	0.0436499 
0.495000	4.71054   	4.87083   	5.16788   	5.168     	0.0355681 	0.023229  	0.0513281 	0.0756116 	0.0438341 
0.497500	4.72712   	4.88797   	5.18618   	5.1863    	0.0356365 	0.0232679 	0.0515346 	0.0758983 	0.0440182 
0.500000	4.7437    	4.90512   	5.20448   	5.2046    	0.0357048 	0.0233069 	0.0517411 	0.0761851 	0.0442023 
0.502500	4.76013   	4.92211   	5.22233   	5.22245   	0.0357689 	0.0233445 	0.0519434 	0.0764621 	0.0443843 
0.505000	4.77656   	4.9391    	5.24018   	5.2403    	0.035833  	0.0233822 	0.0521458 	0.0767391 	0.0445664 
0.507500	4.79298   	4.95609   	5.25803   	5.25815   	0.0358971 	0.0234198 	0.0523482 	0.0770161 	0.0447484 
0.510000	4.80941   	4.97309   	5.27587   	5.27599   	0.0359612 	0.0234574 	0.0525505 	0.0772931 	0.0449305 
0.512500	4.82584   	4.99008   	5.29372   	5.29384   	0.0360253 	0.023495  	0.0527529 	0.0775701 	0.0451125 
0.515000	4.84227   	5.00707   	5.31157   	5.31169   	0.0360894 	0.0235326 	0.0529552 	0.0778471 	0.0452946 
0.517500	4.8587    	5.02406   	5.32942   	5.32954   	0.0361534 	0.0235702 	0.0531576 	0.0781241 	0.0454766 
0.520000	4.87513   	5.04106   	5.34727   	5.34739   	0.0362175 	0.0236078 	0.05336   	0.0784011 	0.0456587 
0.522500	4.89156   	5.05805   	5.36512   	5.36524   	0.0362816 	0.0236454 	0.0535623 	0.0786781 	0.0458407 
0.525000	4.90799   	5.07504   	5.38297   	5.38309   	0.0363457 	0.023683  	0.0537647 	0.0789551 	0.0460228 
0.527500	4.92442   	5.09203   	5.40082   	5.40094   	0.0364098 	0.0237206 	0.053967  	0.0792321 	0.0462048 
0.530000	4.94084   	5.10903   	5.41866   	5.41879   	0.0364739 	0.0237583 	0.0541694 	0.0795091 	0.0463868 
0.532500	4.95727   	5.12602   	5.43651   	5.43664   	0.036538  	0.0237959 	0.0543718 	0.0797861 	0.0465689 
0.535000	4.9737    	5.14301   	5.45436   	5.45449   	0.036602  	0.0238335 	0.0545741 	0.0800631 	0.0467509 
0.537500	4.99013   	5.16      	5.47221   	5.47233   	0.0366661 	0.0238711 	0.0547765 	0.0803401 	0.046933  
0.540000	5.00656   	5.177     	5.49006   	5.49018   	0.0367302 	0.0239087 	0.0549788 	0.080617  	0.047115  
0.542500	5.02299   	5.19399   	5.50791   	5.50803   	0.0367943 	0.0239463 	0.0551812 	0.080894  	0.0472971 
0.545000	5.03942   	5.21098   	5.52576   	5.52588   	0.0368584 	0.0239839 	0.0553835 	0.081171  	0.0474791 
0.547500	5.05585   	5.22797   	5.5436    	5.54373   	0.0369225 	0.0240215 	0.0555859 	0.081448  	0.0476612 
0.550000	5.07228   	5.24497   	5.56145   	5.56158   	0.0369866 	0.0240591 	0.0557883 	0.081725  	0.0478432 
0.552500	5.08871   	5.26196   	5.5793    	5.57943   	0.0370507 	0.0240967 	0.0559906 	0.082002  	0.0480252 
0.555000	5.10513   	5.27895   	5.59715   	5.59728   	0.0371147 	0.0241344 	0.056193  	0.082279  	0.0482073 
0.557500	5.12156   	5.29594   	5.615     	5.61513   	0.0371788 	0.024172  	0.0563953 	0.082556  	0.0483893 
0.560000	5.13799   	5.31294   	5.63285   	5.63298   	0.0372429 	0.0242096 	0.0565977 	0.082833  	0.0485714 
0.562500	5.15442   	5.32993   	5.6507    	5.65083   	0.037307  	0.0242472 	0.0568001 	0.08311   	0.0487534 
0.565000	5.17085   	5.34692   	5.66855   	5.66868   	0.0373711 	0.0242848 	0.0570024 	0.083387  	0.0489355 
0.567500	5.18728   	5.36391   	5.68639   	5.68652   	0.0374352 	0.0243224 	0.0572048 	0.083664  	0.0491175 
0.570000	5.20371   	5.38091   	5.70424   	5.70437   	0.0374993 	0.02436   	0.0574071 	0.083941  	0.0492996 
0.572500	5.22014   	5.3979    	5.72209   	5.72222   	0.0375633 	0.0243976 	0.0576095 	0.084218  	0.0494816 
0.575000	5.23657   	5.41489   	5.73994   	5.74007   	0.0376274 	0.0244352 	0.0578119 	0.084495  	0.0496637 
0.577500	5.25299   	5.43188   	5.75779   	5.75792   	0.0376915 	0.0244728 	0.0580142 	0.084772  	0.0498457 
0.580000	5.26942   	5.44888   	5.77564   	5.77577   	0.0377556 	0.0245104 	0.0582166 	0.085049  	0.0500277 
0.582500	5.28585   	5.46587   	5.79349   	5.79362   	0.0378197 	0.0245481 	0.0584189 	0.085326  	0.0502098 
0.585000	5.30228   	5.48286   	5.81134   	5.81147   	0.0378838 	0.0245857 	0.0586213 	0.085603  	0.0503918 
0.587500	5.31871   	5.49985   	5.82918   	5.82932   	0.0379479 	0.0246233 	0.0588237 	0.08588   	0.0505739 
0.590000	5.33514   	5.51685   	5.84703   	5.84717   	0.038012  	0.0246609 	0.059026  	0.086157  	0.0507559 
0.592500	5.35157   	5.53384   	5.86488   	5.86502   	0.038076  	0.0246985 	0.0592284 	0.086434  	0.050938  
0.595000	5.368     	5.55083   	5.88273   	5.88287   	0.0381401 	0.0247361 	0.0594307 	0.086711  	0.05112   
0.597500	5.38443   	5.56782   	5.90058   	5.90071   	0.0382042 	0.0247737 	0.0596331 	0.086988  	0.0513021 
0.600000	5.40085   	5.58482   	5.91843   	5.91856   	0.0382683 	0.0248113 	0.0598355 	0.087265  	0.0514841 
0.602500	5.41754   	5.60208   	5.93594   	5.93607   	0.0383292 	0.0248481 	0.0600309 	0.0875276 	0.0516619 
0.605000	5.43423   	5.61934   	5.95345   	5.95358   	0.0383901 	0.0248848 	0.0602264 	0.0877902 	0.0518396 
0.607500	5.45092   	5.6366    	5.97096   	5.97109   	0.0384511 	0.0249215 	0.0604218 	0.0880528 	0.0520174 
0.610000	5.46761   	5.65387   	5.98847   	5.98861   	0.038512  	0.0249582 	0.0606172 	0.0883154 	0.0521951 
0.612500	5.4843    	5.67113   	6.00598   	6.00612   	0.0385729 	0.024995  	0.0608127 	0.088578  	0.0523729 
0.615000	5.50099   	5.68839   	6.02349   	6.02363   	0.0386338 	0.0250317 	0.0610081 	0.0888406 	0.0525507 
0.617500	5.51768   	5.70565   	6.041     	6.04114   	0.0386948 	0.0250684 	0.0612036 	0.0891032 	0.0527284 
0.620000	5.53437   	5.72292   	6.05851   	6.05865   	0.0387557 	0.0251052 	0.061399  	0.0893658 	0.0529062 
0.622500	5.55106   	5.74018   	6.07602   	6.07616   	0.0388166 	0.0251419 	0.0615945 	0.0896284 	0.0530839 
0.625000	5.56775   	5.75744   	6.09353   	6.09367   	0.0388775 	0.0251786 	0.0617899 	0.089891  	0.0532617 
0.627500	5.58444   	5.7747    	6.11104   	6.11118   	0.0389385 	0.0252154 	0.0619854 	0.0901537 	0.0534394 
0.630000	5.60113   	5.79197   	6.12855   	6.12869   	0.0389994 	0.0252521 	0.0621808 	0.0904163 	0.0536172 
0.632500	5.61782   	5.80923   	6.14606   	6.1462    	0.0390603 	0.0252888 	0.0623763 	0.0906789 	0.053795  
0.635000	5.63451   	5.82649   	6.16357   	6.16371   	0.0391212 	0.0253255 	0.0625717 	0.0909415 	0.0539727 
0.637500	5.6512    	5.84375   	6.18108   	6.18122   	0.0391821 	0.0253623 	0.0627671 	0.0912041 	0.0541505 
0.640000	5.66789   	5.86102   	6.19859   	6.19873   	0.0392431 	0.025399  	0.0629626 	0.0914667 	0.0543282 
0.642500	5.68458   	5.87828   	6.2161    	6.21624   	0.039304  	0.0254357 	0.063158  	0.0917293 	0.054506  
0.645000	5.70127   	5.89554   	6.23361   	6.23375   	0.0393649 	0.0254725 	0.0633535 	0.0919919 	0.0546838 
0.647500	5.71796   	5.9128    	6.25112   	6.25126   	0.0394258 	0.0255092 	0.0635489 	0.0922545 	0.0548615 
0.650000	5.73465   	5.93006   	6.26863   	6.26877   	0.0394868 	0.0255459 	0.0637444 	0.0925171 	0.0550393 
0.652500	5.75134   	5.94733   	6.28614   	6.28628   	0.0395477 	0.0255827 	0.0639398 	0.0927797 	0.055217  
0.655000	5.76803   	5.96459   	6.30365   	6.3038    	0.0396086 	0.0256194 	0.0641353 	0.0930423 	0.0553948 
0.657500	5.78472   	5.98185   	6.32116   	6.32131   	0.0396695 	0.0256561 	0.0643307 	0.0933049 	0.0555725 
0.660000	5.80141   	5.99911   	6.33867   	6.33882   	0.0397305 	0.0256928 	0.0645262 	0.0935675 	0.0557503 
0.662500	5.8181    	6.01638   	6.35618   	6.35633   	0.0397914 	0.0257296 	0.0647216 	0.0938301 	0.0559281 
0.665000	5.83479   	6.03364   	6.37369   	6.37384   	0.0398523 	0.0257663 	0.064917  	0.0940928 	0.0561058 
0.667500	5.85148   	6.0509    	6.3912    	6.39135   	0.0399132 	0.025803  	0.0651125 	0.0943554 	0.0562836 
0.670000	5.86817   	6.06816   	6.40871   	6.40886   	0.0399741 	0.0258398 	0.0653079 	0.094618  	0.0564613 
0.672500	5.88486   	6.08543   	6.42622   	6.42637   	0.0400351 	0.0258765 	0.0655034 	0.0948806 	0.0566391 
0.675000	5.90155   	6.10269   	6.44373   	6.44388   	0.040096  	0.0259132 	0.0656988 	0.0951432 	0.0568169 
0.677500	5.91824   	6.11995   	6.46124   	6.46139   	0.0401569 	0.02595   	0.0658943 	0.0954058 	0.0569946 
0.680000	5.93493   	6.13721   	6.47875   	6.4789    	0.0402178 	0.0259867 	0.0660897 	0.0956684 	0.0571724 
0.682500	5.95162   	6.15448   	6.49626   	6.49641   	0.0402788 	0.0260234 	0.0662852 	0.095931  	0.0573501 
0.685000	5.96831   	6.17174   	6.51377   	6.51392   	0.0403397 	0.0260601 	0.0664806 	0.0961936 	0.0575279 
0.687500	5.985     	6.189     	6.53128   	6.53143   	0.0404006 	0.0260969 	0.066676  	0.0964562 	0.0577056 
0.690000	6.00169   	6.20626   	6.54879   	6.54894   	0.0404615 	0.0261336 	0.0668715 	0.0967188 	0.0578834 
0.692500	6.01838   	6.22353   	6.5663    	6.56645   	0.0405224 	0.0261703 	0.0670669 	0.0969814 	0.0580612 
0.695000	6.03507   	6.24079   	6.58381   	6.58396   	0.0405834 	0.0262071 	0.0672624 	0.097244  	0.0582389 
0.697500	6.05176   	6.25805   	6.60132   	6.60147   	0.0406443 	0.0262438 	0.0674578 	0.0975066 	0.0584167 
0.700000	6.06845   	6.27531   	6.61883   	6.61898   	0.0407052 	0.0262805 	0.0676533 	0.0977692 	0.0585944 
0.702500	6.08536   	6.29281   	6.63631   	6.63646   	0.0407658 	0.0263177 	0.0678407 	0.0980166 	0.0587666 
0.705000	6.10228   	6.3103    	6.65378   	6.65393   	0.0408263 	0.0263549 	0.0680281 	0.098264  	0.0589387 
0.707500	6.11919   	6.3278    	6.67125   	6.67141   	0.0408869 	0.0263921 	0.0682155 	0.0985114 	0.0591109 
0.710000	6.13611   	6.34529   	6.68873   	6.68888   	0.0409474 	0.0264293 	0.068403  	0.0987588 	0.059283  
0.712500	6.15302   	6.36278   	6.7062    	6.70635   	0.041008  	0.0264664 	0.0685904 	0.0990062 	0.0594552 
0.715000	6.16993   	6.38028   	6.72367   	6.72383   	0.0410685 	0.0265036 	0.0687778 	0.0992536 	0.0596274 
0.717500	6.18685   	6.39777   	6.74115   	6.7413    	0.0411291 	0.0265408 	0.0689652 	0.099501  	0.0597995 
0.720000	6.20376   	6.41527   	6.75862   	6.75877   	0.0411896 	0.026578  	0.0691526 	0.0997483 	0.0599717 
0.722500	6.22068   	6.43276   	6.77609   	6.77625   	0.0412502 	0.0266152 	0.06934   	0.0999957 	0.0601438 
0.725000	6.23759   	6.45026   	6.79357   	6.79372   	0.0413107 	0.0266523 	0.0695275 	0.100243  	0.060316  
0.727500	6.2545    	6.46775   	6.81104   	6.81119   	0.0413713 	0.0266895 	0.0697149 	0.100491  	0.0604881 
0.730000	6.27142   	6.48524   	6.82851   	6.82867   	0.0414318 	0.0267267 	0.0699023 	0.100738  	0.0606603 
0.732500	6.28833   	6.50274   	6.84598   	6.84614   	0.0414924 	0.0267639 	0.0700897 	0.100985  	0.0608324 
0.735000	6.30525   	6.52023   	6.86346   	6.86361   	0.0415529 	0.0268011 	0.0702771 	0.101233  	0.0610046 
0.737500	6.32216   	6.53773   	6.88093   	6.88109   	0.0416135 	0.0268383 	0.0704646 	0.10148   	0.0611767 
0.740000	6.33907   	6.55522   	6.8984    	6.89856   	0.041674  	0.0268754 	0.070652  	0.101727  	0.0613489 
0.742500	6.35599   	6.57272   	6.91588   	6.91603   	0.0417346 	0.0269126 	0.0708394 	0.101975  	0.061521  
0.745000	6.3729    	6.59021   	6.93335   	6.93351   	0.0417951 	0.0269498 	0.0710268 	0.102222  	0.0616932 
0.747500	6.38982   	6.6077    	6.95082   	6.95098   	0.0418557 	0.026987  	0.0712142 	0.10247   	0.0618653 
0.750000	6.40673   	6.6252    	6.9683    	6.96845   	0.0419162 	0.0270242 	0.0714017 	0.102717  	0.0620375 
0.752500	6.42365   	6.64269   	6.98577   	6.98593   	0.0419768 	0.0270614 	0.0715891 	0.102964  	0.0622096 
0.755000	6.44056   	6.66019   	7.00324   	7.0034    	0.0420374 	0.0270985 	0.0717765 	0.103212  	0.0623818 
0.757500	6.45747   	6.67768   	7.02072   	7.02088   	0.0420979 	0.0271357 	0.0719639 	0.103459  	0.0625539 
0.760000	6.47439   	6.69518   	7.03819   	7.03835   	0.0421585 	0.0271729 	0.0721513 	0.103707  	0.0627261 
0.762500	6.4913    	6.71267   	7.05566   	7.05582   	0.042219  	0.0272101 	0.0723388 	0.103954  	0.0628982 
0.765000	6.50822   	6.73017   	7.07314   	7.0733    	0.0422796 	0.0272473 	0.0725262 	0.104201  	0.0630704 
0.767500	6.52513   	6.74766   	7.09061   	7.09077   	0.0423401 	0.0272845 	0.0727136 	0.104449  	0.0632425 
0.770000	6.54204   	6.76515   	7.10808   	7.10824   	0.0424007 	0.0273216 	0.072901  	0.104696  	0.0634147 
0.772500	6.55896   	6.78265   	7.12555   	7.12572   	0.0424612 	0.0273588 	0.0730884 	0.104943  	0.0635868 
0.775000	6.57587   	6.80014   	7.14303   	7.14319   	0.0425218 	0.027396  	0.0732758 	0.105191  	0.063759  
0.777500	6.59279   	6.81764   	7.1605    	7.16066   	0.0425823 	0.0274332 	0.0734633 	0.105438  	0.0639311 
0.780000	6.6097    	6.83513   	7.17797   	7.17814   	0.0426429 	0.0274704 	0.0736507 	0.105686  	0.0641033 
0.782500	6.62661   	6.85263   	7.19545   	7.19561   	0.0427034 	0.0275076 	0.0738381 	0.105933  	0.0642754 
0.785000	6.64353   	6.87012   	7.21292   	7.21308   	0.042764  	0.0275447 	0.0740255 	0.10618   	0.0644476 
0.787500	6.66044   	6.88761   	7.23039   	7.23056   	0.0428245 	0.0275819 	0.0742129 	0.106428  	0.0646198 
0.790000	6.67736   	6.90511   	7.24787   	7.24803   	0.0428851 	0.0276191 	0.0744004 	0.106675  	0.0647919 
0.792500	6.69427   	6.9226    	7.26534   	7.2655    	0.0429456 	0.0276563 	0.0745878 	0.106923  	0.0649641 
0.795000	6.71118   	6.9401    	7.28281   	7.28298   	0.0430062 	0.0276935 	0.0747752 	0.10717   	0.0651362 
0.797500	6.7281    	6.95759   	7.30029   	7.30045   	0.0430667 	0.0277307 	0.0749626 	0.107417  	0.0653084 
0.800000	6.74501   	6.97509   	7.31776   	7.31793   	0.0431273 	0.0277678 	0.07515   	0.107665  	0.0654805 
0.802500	6.76199   	6.99265   	7.33537   	7.33554   	0.0431889 	0.0278062 	0.0753304 	0.107899  	0.0656475 
0.805000	6.77898   	7.01021   	7.35298   	7.35315   	0.0432505 	0.0278445 	0.0755107 	0.108134  	0.0658145 
0.807500	6.79596   	7.02778   	7.37059   	7.37076   	0.0433122 	0.0278829 	0.0756911 	0.108368  	0.0659815 
0.810000	6.81294   	7.04534   	7.3882    	7.38837   	0.0433738 	0.0279212 	0.0758714 	0.108603  	0.0661484 
0.812500	6.82992   	7.06291   	7.40581   	7.40598   	0.0434355 	0.0279595 	0.0760518 	0.108837  	0.0663154 
0.815000	6.8469    	7.08047   	7.42343   	7.42359   	0.0434971 	0.0279979 	0.0762321 	0.109071  	0.0664824 
0.817500	6.86389   	7.09804   	7.44104   	7.44121   	0.0435587 	0.0280362 	0.0764125 	0.109306  	0.0666494 
0.820000	6.88087   	7.1156    	7.45865   	7.45882   	0.0436204 	0.0280746 	0.0765928 	0.10954   	0.0668164 
0.822500	6.89785   	7.13317   	7.47626   	7.47643   	0.043682  	0.0281129 	0.0767732 	0.109775  	0.0669834 
0.825000	6.91483   	7.15073   	7.49387   	7.49404   	0.0437436 	0.0281512 	0.0769535 	0.110009  	0.0671504 
0.827500	6.93181   	7.16829   	7.51148   	7.51165   	0.0438053 	0.0281896 	0.0771339 	0.110244  	0.0673173 
0.830000	6.9488    	7.18586   	7.52909   	7.52926   	0.0438669 	0.0282279 	0.0773142 	0.110478  	0.0674843 
0.832500	6.96578   	7.20342   	7.5467    	7.54687   	0.0439285 	0.0282663 	0.0774946 	0.110713  	0.0676513 
0.835000	6.98276   	7.22099   	7.56431   	7.56449   	0.0439902 	0.0283046 	0.0776749 	0.110947  	0.0678183 
0.837500	6.99974   	7.23855   	7.58193   	7.5821    	0.0440518 	0.0283429 	0.0778553 	0.111182  	0.0679853 
0.840000	7.01672   	7.25612   	7.59954   	7.59971   	0.0441135 	0.0283813 	0.0780356 	0.111416  	0.0681523 
0.842500	7.0337    	7.27368   	7.61715   	7.61732   	0.0441751 	0.0284196 	0.078216  	0.111651  	0.0683192 
0.845000	7.05069   	7.29125   	7.63476   	7.63493   	0.0442367 	0.0284579 	0.0783963 	0.111885  	0.0684862 
0.847500	7.06767   	7.30881   	7.65237   	7.65254   	0.0442984 	0.0284963 	0.0785767 	0.112119  	0.0686532 
0.850000	7.08465   	7.32637   	7.66998   	7.67015   	0.04436   	0.0285346 	0.078757  	0.112354  	0.0688202 
0.852500	7.10163   	7.34394   	7.68759   	7.68777   	0.0444216 	0.028573  	0.0789374 	0.112588  	0.0689872 
0.855000	7.11861   	7.3615    	7.7052    	7.70538   	0.0444833 	0.0286113 	0.0791177 	0.112823  	0.0691542 
0.857500	7.1356    	7.37907   	7.72281   	7.72299   	0.0445449 	0.0286496 	0.0792981 	0.113057  	0.0693212 
0.860000	7.15258   	7.39663   	7.74043   	7.7406    	0.0446065 	0.028688  	0.0794784 	0.113292  	0.0694881 
0.862500	7.16956   	7.4142    	7.75804   	7.75821   	0.0446682 	0.0287263 	0.0796588 	0.113526  	0.0696551 
0.865000	7.18654   	7.43176   	7.77565   	7.77582   	0.0447298 	0.0287647 	0.0798391 	0.113761  	0.0698221 
0.867500	7.20352   	7.44932   	7.79326   	7.79344   	0.0447914 	0.028803  	0.0800195 	0.113995  	0.0699891 
0.870000	7.2205    	7.46689   	7.81087   	7.81105   	0.0448531 	0.0288413 	0.0801998 	0.11423   	0.0701561 
0.872500	7.23749   	7.48445   	7.82848   	7.82866   	0.0449147 	0.0288797 	0.0803802 	0.114464  	0.0703231 
0.875000	7.25447   	7.50202   	7.84609   	7.84627   	0.0449764 	0.028918  	0.0805605 	0.114698  	0.07049   
0.877500	7.27145   	7.51958   	7.8637    	7.86388   	0.045038  	0.0289564 	0.0807409 	0.114933  	0.070657  
0.880000	7.28843   	7.53715   	7.88131   	7.88149   	0.0450996 	0.0289947 	0.0809212 	0.115167  	0.070824  
0.882500	7.30541   	7.55471   	7.89893   	7.8991    	0.0451613 	0.029033  	0.0811016 	0.115402  	0.070991  
0.885000	7.3224    	7.57228   	7.91654   	7.91672   	0.0452229 	0.0290714 	0.0812819 	0.115636  	0.071158  
0.887500	7.33938   	7.58984   	7.93415   	7.93433   	0.0452845 	0.0291097 	0.0814623 	0.115871  	0.071325  
0.890000	7.35636   	7.6074    	7.95176   	7.95194   	0.0453462 	0.0291481 	0.0816426 	0.116105  	0.071492  
0.892500	7.37334   	7.62497   	7.96937   	7.96955   	0.0454078 	0.0291864 	0.081823  	0.11634   	0.0716589 
0.895000	7.39032   	7.64253   	7.98698   	7.98716   	0.0454694 	0.0292247 	0.0820033 	0.116574  	0.0718259 
0.897500	7.40731   	7.6601    	8.00459   	8.00477   	0.0455311 	0.0292631 	0.0821837 	0.116809  	0.0719929 
0.900000	7.42429   	7.67766   	8.0222    	8.02238   	0.0455927 	0.0293014 	0.082364  	0.117043  	0.0721599 
0.902500	7.44147   	7.69544   	8.04001   	8.04019   	0.0456558 	0.029341  	0.0825376 	0.117265  	0.0723218 
0.905000	7.45866   	7.71322   	8.05782   	8.058     	0.0457188 	0.0293806 	0.0827111 	0.117488  	0.0724837 
0.907500	7.47585   	7.73099   	8.07563   	8.07581   	0.0457819 	0.0294202 	0.0828847 	0.11771   	0.0726456 
0.910000	7.49304   	7.74877   	8.09343   	8.09362   	0.0458449 	0.0294598 	0.0830582 	0.117932  	0.0728075 
0.912500	7.51022   	7.76655   	8.11124   	8.11143   	0.045908  	0.0294993 	0.0832317 	0.118154  	0.0729694 
0.915000	7.52741   	7.78432   	8.12905   	8.12923   	0.045971  	0.0295389 	0.0834053 	0.118376  	0.0731313 
0.917500	7.5446    	7.8021    	8.14686   	8.14704   	0.0460341 	0.0295785 	0.0835788 	0.118599  	0.0732932 
0.920000	7.56179   	7.81988   	8.16467   	8.16485   	0.0460971 	0.0296181 	0.0837524 	0.118821  	0.0734552 
0.922500	7.57897   	7.83765   	8.18247   	8.18266   	0.0461602 	0.0296577 	0.0839259 	0.119043  	0.0736171 
0.925000	7.59616   	7.85543   	8.20028   	8.20047   	0.0462232 	0.0296973 	0.0840994 	0.119265  	0.073779  
0.927500	7.61335   	7.87321   	8.21809   	8.21827   	0.0462863 	0.0297368 	0.084273  	0.119487  	0.0739409 
0.930000	7.63053   	7.89098   	8.2359    	8.23608   	0.0463493 	0.0297764 	0.0844465 	0.11971   	0.0741028 
0.932500	7.64772   	7.90876   	8.2537    	8.25389   	0.0464124 	0.029816  	0.0846201 	0.119932  	0.0742647 
0.935000	7.66491   	7.92654   	8.27151   	8.2717    	0.0464754 	0.0298556 	0.0847936 	0.120154  	0.0744266 
0.937500	7.6821    	7.94432   	8.28932   	8.28951   	0.0465385 	0.0298952 	0.0849671 	0.120376  	0.0745885 
0.940000	7.69928   	7.96209   	8.30713   	8.30732   	0.0466015 	0.0299348 	0.0851407 	0.120599  	0.0747504 
0.942500	7.71647   	7.97987   	8.32494   	8.32512   	0.0466646 	0.0299743 	0.0853142 	0.120821  	0.0749123 
0.945000	7.73366   	7.99765   	8.34274   	8.34293   	0.0467276 	0.0300139 	0.0854878 	0.121043  	0.0750742 
0.947500	7.75085   	8.01542   	8.36055   	8.36074   	0.0467907 	0.0300535 	0.0856613 	0.121265  	0.0752361 
0.950000	7.76803   	8.0332    	8.37836   	8.37855   	0.0468538 	0.0300931 	0.0858348 	0.121487  	0.075398  
0.952500	7.78522   	8.05098   	8.39617   	8.39636   	0.0469168 	0.0301327 	0.0860084 	0.12171   	0.0755599 
0.955000	7.80241   	8.06875   	8.41397   	8.41416   	0.0469799 	0.0301722 	0.0861819 	0.121932  	0.0757218 
0.957500	7.81959   	8.08653   	8.43178   	8.43197   	0.0470429 	0.0302118 	0.0863555 	0.122154  	0.0758838 
0.960000	7.83678   	8.10431   	8.44959   	8.44978   	0.047106  	0.0302514 	0.086529  	0.122376  	0.0760457 
0.962500	7.85397   	8.12208   	8.4674    	8.46759   	0.047169  	0.030291  	0.0867025 	0.122598  	0.0762076 
0.965000	7.87116   	8.13986   	8.48521   	8.4854    	0.0472321 	0.0303306 	0.0868761 	0.122821  	0.0763695 
0.967500	7.88834   	8.15764   	8.50301   	8.50321   	0.0472951 	0.0303702 	0.0870496 	0.123043  	0.0765314 
0.970000	7.90553   	8.17542   	8.52082   	8.52101   	0.0473582 	0.0304097 	0.0872232 	0.123265  	0.0766933 
0.972500	7.92272   	8.19319   	8.53863   	8.53882   	0.0474212 	0.0304493 	0.0873967 	0.123487  	0.0768552 
0.975000	7.93991   	8.21097   	8.55644   	8.55663   	0.0474843 	0.0304889 	0.0875702 	0.12371   	0.0770171 
0.977500	7.95709   	8.22875   	8.57424   	8.57444   	0.0475473 	0.0305285 	0.0877438 	0.123932  	0.077179  
0.980000	7.97428   	8.24652   	8.59205   	8.59225   	0.0476104 	0.0305681 	0.0879173 	0.124154  	0.0773409 
0.982500	7.99147   	8.2643    	8.60986   	8.61005   	0.0476734 	0.0306077 	0.0880909 	0.124376  	0.0775028 
0.985000	8.00866   	8.28208   	8.62767   	8.62786   	0.0477365 	0.0306472 	0.0882644 	0.124598  	0.0776647 
0.987500	8.02584   	8.29985   	8.64548   	8.64567   	0.0477995 	0.0306868 	0.088438  	0.124821  	0.0778266 
0.990000	8.04303   	8.31763   	8.66328   	8.66348   	0.0478626 	0.0307264 	0.0886115 	0.125043  	0.0779885 
0.992500	8.06022   	8.33541   	8.68109   	8.68129   	0.0479256 	0.030766  	0.088785  	0.125265  	0.0781504 
0.995000	8.0774    	8.35318   	8.6989    	8.6991    	0.0479887 	0.0308056 	0.0889586 	0.125487  	0.0783124 
0.997500	8.09459   	8.37096   	8.71671   	8.7169    	0.0480517 	0.0308452 	0.0891321 	0.125709  	0.0784743 
1.000000	8.11178   	8.38874   	8.73451   	8.73471   	0.0481148 	0.0308847 	0.0893057 	0.125932  	0.0786362 
1.002500	8.12956   	8.40712   	8.75277   	8.75297   	0.0481809 	0.0309267 	0.0894691 	0.126136  	0.0787903 
1.005000	8.14733   	8.42551   	8.77103   	8.77123   	0.0482471 	0.0309686 	0.0896325 	0.126341  	0.0789444 
1.007500	8.16511   	8.4439    	8.78929   	8.78949   	0.0483132 	0.0310106 	0.0897959 	0.126545  	0.0790985 
1.010000	8.18288   	8.46228   	8.80755   	8.80775   	0.0483793 	0.0310525 	0.0899593 	0.12675   	0.0792525 
1.012500	8.20066   	8.48067   	8.82581   	8.82601   	0.0484455 	0.0310944 	0.0901227 	0.126954  	0.0794066 
1.015000	8.21844   	8.49905   	8.84407   	8.84427   	0.0485116 	0.0311364 	0.0902862 	0.127159  	0.0795607 
1.017500	8.23621   	8.51744   	8.86233   	8.86253   	0.0485778 	0.0311783 	0.0904496 	0.127364  	0.0797148 
1.020000	8.25399   	8.53583   	8.88059   	8.88079   	0.0486439 	0.0312202 	0.090613  	0.127568  	0.0798689 
1.022500	8.27177   	8.55421   	8.89885   	8.89905   	0.04871   	0.0312622 	0.0907764 	0.127773  	0.080023  
1.025000	8.28954   	8.5726    	8.91711   	8.91731   	0.0487762 	0.0313041 	0.0909398 	0.127977  	0.0801771 
1.027500	8.30732   	8.59099   	8.93537   	8.93557   	0.0488423 	0.0313461 	0.0911032 	0.128182  	0.0803312 
1.030000	8.32509   	8.60937   	8.95363   	8.95383   	0.0489085 	0.031388  	0.0912667 	0.128386  	0.0804853 
1.032500	8.34287   	8.62776   	8.97189   	8.97209   	0.0489746 	0.0314299 	0.0914301 	0.128591  	0.0806394 
1.035000	8.36065   	8.64614   	8.99015   	8.99035   	0.0490407 	0.0314719 	0.0915935 	0.128796  	0.0807935 
1.037500	8.37842   	8.66453   	9.00841   	9.00861   	0.0491069 	0.0315138 	0.0917569 	0.129     	0.0809476 
1.040000	8.3962    	8.68292   	9.02667   	9.02687   	0.049173  	0.0315558 	0.0919203 	0.129205  	0.0811017 
1.042500	8.41398   	8.7013    	9.04493   	9.04513   	0.0492391 	0.0315977 	0.0920837 	0.129409  	0.0812558 
1.045000	8.43175   	8.71969   	9.06319   	9.06339   	0.0493053 	0.0316396 	0.0922472 	0.129614  	0.0814099 
1.047500	8.44953   	8.73807   	9.08145   	9.08165   	0.0493714 	0.0316816 	0.0924106 	0.129818  	0.081564  
1.050000	8.46731   	8.75646   	9.0997    	9.09991   	0.0494376 	0.0317235 	0.092574  	0.130023  	0.0817181 
1.052500	8.48508   	8.77485   	9.11796   	9.11817   	0.0495037 	0.0317654 	0.0927374 	0.130227  	0.0818722 
1.055000	8.50286   	8.79323   	9.13622   	9.13643   	0.0495698 	0.0318074 	0.0929008 	0.130432  	0.0820262 
1.057500	8.52063   	8.81162   	9.15448   	9.15469   	0.049636  	0.0318493 	0.0930643 	0.130637  	0.0821803 
1.060000	8.53841   	8.83      	9.17274   	9.17295   	0.0497021 	0.0318913 	0.0932277 	0.130841  	0.0823344 
1.062500	8.55619   	8.84839   	9.191     	9.19121   	0.0497683 	0.0319332 	0.0933911 	0.131046  	0.0824885 
1.065000	8.57396   	8.86678   	9.20926   	9.20947   	0.0498344 	0.0319751 	0.0935545 	0.13125   	0.0826426 
1.067500	8.59174   	8.88516   	9.22752   	9.22773   	0.0499005 	0.0320171 	0.0937179 	0.131455  	0.0827967 
1.070000	8.60952   	8.90355   	9.24578   	9.24599   	0.0499667 	0.032059  	0.0938813 	0.131659  	0.0829508 
1.072500	8.62729   	8.92194   	9.26404   	9.26425   	0.0500328 	0.0321009 	0.0940448 	0.131864  	0.0831049 
1.075000	8.64507   	8.94032   	9.2823    	9.28251   	0.050099  	0.0321429 	0.0942082 	0.132068  	0.083259  
1.077500	8.66284   	8.95871   	9.30056   	9.30077   	0.0501651 	0.0321848 	0.0943716 	0.132273  	0.0834131 
1.080000	8.68062   	8.97709   	9.31882   	9.31903   	0.0502312 	0.0322268 	0.094535  	0.132478  	0.0835672 
1.082500	8.6984    	8.99548   	9.33708   	9.33729   	0.0502974 	0.0322687 	0.0946984 	0.132682  	0.0837213 
1.085000	8.71617   	9.01387   	9.35534   	9.35555   	0.0503635 	0.0323106 	0.0948618 	0.132887  	0.0838754 
1.087500	8.73395   	9.03225   	9.3736    	9.37381   	0.0504297 	0.0323526 	0.0950253 	0.133091  	0.0840295 
1.090000	8.75173   	9.05064   	9.39186   	9.39207   	0.0504958 	0.0323945 	0.0951887 	0.133296  	0.0841836 
1.092500	8.7695    	9.06902   	9.41012   	9.41033   	0.0505619 	0.0324365 	0.0953521 	0.1335    	0.0843377 
1.095000	8.78728   	9.08741   	9.42838   	9.42859   	0.0506281 	0.0324784 	0.0955155 	0.133705  	0.0844918 
1.097500	8.80505   	9.1058    	9.44664   	9.44685   	0.0506942 	0.0325203 	0.0956789 	0.13391   	0.0846458 
1.100000	8.82283   	9.12418   	9.46489   	9.46511   	0.0507603 	0.0325623 	0.0958423 	0.134114  	0.0847999 
1.102500	8.84061   	9.14257   	9.48315   	9.48337   	0.0508265 	0.0326042 	0.0960058 	0.134319  	0.084954  
1.105000	8.85838   	9.16095   	9.50141   	9.50163   	0.0508926 	0.0326461 	0.0961692 	0.134523  	0.0851081 
1.107500	8.87616   	9.17934   	9.51967   	9.51989   	0.0509588 	0.0326881 	0.0963326 	0.134728  	0.0852622 
1.110000	8.89394   	9.19773   	9.53793   	9.53815   	0.0510249 	0.03273   	0.096496  	0.134932  	0.0854163 
1.112500	8.91171   	9.21611   	9.55619   	9.55641   	0.051091  	0.032772  	0.0966594 	0.135137  	0.0855704 
1.115000	8.92949   	9.2345    	9.57445   	9.57467   	0.0511572 	0.0328139 	0.0968229 	0.135341  	0.0857245 
1.117500	8.94727   	9.25289   	9.59271   	9.59293   	0.0512233 	0.0328558 	0.0969863 	0.135546  	0.0858786 
1.120000	8.96504   	9.27127   	9.61097   	9.61119   	0.0512895 	0.0328978 	0.0971497 	0.135751  	0.0860327 
1.122500	8.98282   	9.28966   	9.62923   	9.62945   	0.0513556 	0.0329397 	0.0973131 	0.135955  	0.0861868 
1.125000	9.00059   	9.30804   	9.64749   	9.64771   	0.0514217 	0.0329816 	0.0974765 	0.13616   	0.0863409 
1.127500	9.01837   	9.32643   	9.66575   	9.66597   	0.0514879 	0.0330236 	0.0976399 	0.136364  	0.086495  
1.130000	9.03615   	9.34482   	9.68401   	9.68423   	0.051554  	0.0330655 	0.0978034 	0.136569  	0.0866491 
1.132500	9.05392   	9.3632    	9.70227   	9.70249   	0.0516202 	0.0331075 	0.0979668 	0.136773  	0.0868032 
1.135000	9.0717    	9.38159   	9.72053   	9.72075   	0.0516863 	0.0331494 	0.0981302 	0.136978  	0.0869573 
1.137500	9.08948   	9.39997   	9.73879   	9.73901   	0.0517524 	0.0331913 	0.0982936 	0.137182  	0.0871114 
1.140000	9.10725   	9.41836   	9.75705   	9.75727   	0.0518186 	0.0332333 	0.098457  	0.137387  	0.0872655 
1.142500	9.12503   	9.43675   	9.77531   	9.77553   	0.0518847 	0.0332752 	0.0986204 	0.137592  	0.0874195 
1.145000	9.1428    	9.45513   	9.79357   	9.79379   	0.0519508 	0.0333172 	0.0987839 	0.137796  	0.0875736 
1.147500	9.16058   	9.47352   	9.81183   	9.81205   	0.052017  	0.0333591 	0.0989473 	0.138001  	0.0877277 
1.150000	9.17836   	9.4919    	9.83008   	9.83031   	0.0520831 	0.033401  	0.0991107 	0.138205  	0.0878818 
1.152500	9.19613   	9.51029   	9.84834   	9.84857   	0.0521493 	0.033443  	0.0992741 	0.13841   	0.0880359 
1.155000	9.21391   	9.52868   	9.8666    	9.86683   	0.0522154 	0.0334849 	0.0994375 	0.138614  	0.08819   
1.157500	9.23169   	9.54706   	9.88486   	9.88509   	0.0522815 	0.0335268 	0.0996009 	0.138819  	0.0883441 
1.160000	9.24946   	9.56545   	9.90312   	9.90335   	0.0523477 	0.0335688 	0.0997644 	0.139024  	0.0884982 
1.162500	9.26724   	9.58384   	9.92138   	9.92161   	0.0524138 	0.0336107 	0.0999278 	0.139228  	0.0886523 
1.165000	9.28501   	9.60222   	9.93964   	9.93987   	0.05248   	0.0336527 	0.100091  	0.139433  	0.0888064 
1.167500	9.30279   	9.62061   	9.9579    	9.95813   	0.0525461 	0.0336946 	0.100255  	0.139637  	0.0889605 
1.170000	9.32057   	9.63899   	9.97616   	9.97639   	0.0526122 	0.0337365 	0.100418  	0.139842  	0.0891146 
1.172500	9.33834   	9.65738   	9.99442   	9.99465   	0.0526784 	0.0337785 	0.100581  	0.140046  	0.0892687 
1.175000	9.35612   	9.67577   	10.0127   	10.0129   	0.0527445 	0.0338204 	0.100745  	0.140251  	0.0894228 
1.177500	9.3739    	9.69415   	10.0309   	10.0312   	0.0528107 	0.0338624 	0.100908  	0.140455  	0.0895769 
1.180000	9.39167   	9.71254   	10.0492   	10.0494   	0.0528768 	0.0339043 	0.101072  	0.14066   	0.089731  
1.182500	9.40945   	9.73092   	10.0675   	10.0677   	0.0529429 	0.0339462 	0.101235  	0.140865  	0.0898851 
1.185000	9.42723   	9.74931   	10.0857   	10.0859   	0.0530091 	0.0339882 	0.101399  	0.141069  	0.0900392 
1.187500	9.445     	9.7677    	10.104    	10.1042   	0.0530752 	0.0340301 	0.101562  	0.141274  	0.0901932 
1.190000	9.46278   	9.78608   	10.1222   	10.1225   	0.0531413 	0.034072  	0.101725  	0.141478  	0.0903473 
1.192500	9.48055   	9.80447   	10.1405   	10.1407   	0.0532075 	0.034114  	0.101889  	0.141683  	0.0905014 
1.195000	9.49833   	9.82285   	10.1588   	10.159    	0.0532736 	0.0341559 	0.102052  	0.141887  	0.0906555 
1.197500	9.51611   	9.84124   	10.177    	10.1772   	0.0533398 	0.0341979 	0.102216  	0.142092  	0.0908096 
1.200000	9.53388   	9.85963   	10.1953   	10.1955   	0.0534059 	0.0342398 	0.102379  	0.142296  	0.0909637 
1.202500	9.55166   	9.87801   	10.2135   	10.2138   	0.053472  	0.0342817 	0.102542  	0.142501  	0.0911178 
1.205000	9.56944   	9.8964    	10.2318   	10.232    	0.0535382 	0.0343237 	0.102706  	0.142706  	0.0912719 
1.207500	9.58721   	9.91479   	10.2501   	10.2503   	0.0536043 	0.0343656 	0.102869  	0.14291   	0.091426  
1.210000	9.60499   	9.93317   	10.2683   	10.2685   	0.0536705 	0.0344075 	0.103033  	0.143115  	0.0915801 
1.212500	9.62276   	9.95156   	10.2866   	10.2868   	0.0537366 	0.0344495 	0.103196  	0.143319  	0.0917342 
1.215000	9.64054   	9.96994   	10.3048   	10.3051   	0.0538027 	0.0344914 	0.10336   	0.143524  	0.0918883 
1.217500	9.65832   	9.98833   	10.3231   	10.3233   	0.0538689 	0.0345334 	0.103523  	0.143728  	0.0920424 
1.220000	9.67609   	10.0067   	10.3414   	10.3416   	0.053935  	0.0345753 	0.103686  	0.143933  	0.0921965 
1.222500	9.69387   	10.0251   	10.3596   	10.3598   	0.0540012 	0.0346172 	0.10385   	0.144138  	0.0923506 
1.225000	9.71165   	10.0435   	10.3779   	10.3781   	0.0540673 	0.0346592 	0.104013  	0.144342  	0.0925047 
1.227500	9.72942   	10.0619   	10.3961   	10.3964   	0.0541334 	0.0347011 	0.104177  	0.144547  	0.0926588 
1.230000	9.7472    	10.0803   	10.4144   	10.4146   	0.0541996 	0.0347431 	0.10434   	0.144751  	0.0928129 
1.232500	9.76498   	10.0986   	10.4326   	10.4329   	0.0542657 	0.034785  	0.104503  	0.144956  	0.0929669 
1.235000	9.78275   	10.117    	10.4509   	10.4511   	0.0543319 	0.0348269 	0.104667  	0.14516   	0.093121  
1.237500	9.80053   	10.1354   	10.4692   	10.4694   	0.054398  	0.0348689 	0.10483   	0.145365  	0.0932751 
1.240000	9.8183    	10.1538   	10.4874   	10.4877   	0.0544641 	0.0349108 	0.104994  	0.145569  	0.0934292 
1.242500	9.83608   	10.1722   	10.5057   	10.5059   	0.0545303 	0.0349527 	0.105157  	0.145774  	0.0935833 
1.245000	9.85386   	10.1906   	10.5239   	10.5242   	0.0545964 	0.0349947 	0.105321  	0.145979  	0.0937374 
1.247500	9.87163   	10.209    	10.5422   	10.5424   	0.0546625 	0.0350366 	0.105484  	0.146183  	0.0938915 
1.250000	9.88941   	10.2273   	10.5605   	10.5607   	0.0547287 	0.0350786 	0.105647  	0.146388  	0.0940456 
1.252500	9.90818   	10.2468   	10.5796   	10.5799   	0.0548012 	0.0351248 	0.105801  	0.146574  	0.0941921 
1.255000	9.92696   	10.2662   	10.5988   	10.599    	0.0548736 	0.0351711 	0.105954  	0.146761  	0.0943385 
1.257500	9.94573   	10.2856   	10.6179   	10.6182   	0.0549461 	0.0352174 	0.106108  	0.146947  	0.094485  
1.260000	9.96451   	10.305    	10.6371   	10.6373   	0.0550186 	0.0352637 	0.106261  	0.147134  	0.0946314 
1.262500	9.98328   	10.3244   	10.6562   	10.6565   	0.055091  	0.0353099 	0.106414  	0.14732   	0.0947779 
1.265000	10.0021   	10.3439   	10.6754   	10.6756   	0.0551635 	0.0353562 	0.106568  	0.147507  	0.0949244 
1.267500	10.0208   	10.3633   	10.6945   	10.6948   	0.055236  	0.0354025 	0.106721  	0.147693  	0.0950708 
1.270000	10.0396   	10.3827   	10.7137   	10.7139   	0.0553084 	0.0354488 	0.106874  	0.14788   	0.0952173 
1.272500	10.0584   	10.4021   	10.7328   	10.7331   	0.0553809 	0.0354951 	0.107028  	0.148066  	0.0953638 
1.275000	10.0772   	10.4215   	10.752    	10.7522   	0.0554534 	0.0355413 	0.107181  	0.148253  	0.0955102 
1.277500	10.0959   	10.441    	10.7711   	10.7714   	0.0555259 	0.0355876 	0.107335  	0.148439  	0.0956567 
1.280000	10.1147   	10.4604   	10.7903   	10.7905   	0.0555983 	0.0356339 	0.107488  	0.148626  	0.0958031 
1.282500	10.1335   	10.4798   	10.8094   	10.8097   	0.0556708 	0.0356802 	0.107641  	0.148812  	0.0959496 
1.285000	10.1523   	10.4992   	10.8286   	10.8288   	0.0557433 	0.0357264 	0.107795  	0.148999  	0.0960961 
1.287500	10.171    	10.5186   	10.8477   	10.848    	0.0558157 	0.0357727 	0.107948  	0.149185  	0.0962425 
1.290000	10.1898   	10.5381   	10.8669   	10.8671   	0.0558882 	0.035819  	0.108101  	0.149372  	0.096389  
1.292500	10.2086   	10.5575   	10.886    	10.8863   	0.0559607 	0.0358653 	0.108255  	0.149558  	0.0965354 
1.295000	10.2274   	10.5769   	10.9052   	10.9054   	0.0560331 	0.0359116 	0.108408  	0.149745  	0.0966819 
1.297500	10.2461   	10.5963   	10.9243   	10.9246   	0.0561056 	0.0359578 	0.108562  	0.149931  	0.0968284 
1.300000	10.2649   	10.6157   	10.9435   	10.9437   	0.0561781 	0.0360041 	0.108715  	0.150118  	0.0969748 
1.302500	10.2837   	10.6352   	10.9626   	10.9629   	0.0562505 	0.0360504 	0.108868  	0.150304  	0.0971213 
1.305000	10.3025   	10.6546   	10.9818   	10.982    	0.056323  	0.0360967 	0.109022  	0.150491  	0.0972677 
1.307500	10.3212   	10.674    	11.0009   	11.0011   	0.0563955 	0.036143  	0.109175  	0.150677  	0.0974142 
1.310000	10.34     	10.6934   	11.0201   	11.0203   	0.056468  	0.0361892 	0.109328  	0.150864  	0.0975607 
1.312500	10.3588   	10.7128   	11.0392   	11.0394   	0.0565404 	0.0362355 	0.109482  	0.15105   	0.0977071 
1.315000	10.3776   	10.7322   	11.0584   	11.0586   	0.0566129 	0.0362818 	0.109635  	0.151237  	0.0978536 
1.317500	10.3963   	10.7517   	11.0775   	11.0777   	0.0566854 	0.0363281 	0.109789  	0.151423  	0.098     
1.320000	10.4151   	10.7711   	11.0966   	11.0969   	0.0567578 	0.0363743 	0.109942  	0.15161   	0.0981465 
1.322500	10.4339   	10.7905   	11.1158   	11.116    	0.0568303 	0.0364206 	0.110095  	0.151796  	0.098293  
1.325000	10.4527   	10.8099   	11.1349   	11.1352   	0.0569028 	0.0364669 	0.110249  	0.151983  	0.0984394 
1.327500	10.4714   	10.8293   	11.1541   	11.1543   	0.0569752 	0.0365132 	0.110402  	0.152169  	0.0985859 
1.330000	10.4902   	10.8488   	11.1732   	11.1735   	0.0570477 	0.0365595 	0.110556  	0.152356  	0.0987323 
1.332500	10.509    	10.8682   	11.1924   	11.1926   	0.0571202 	0.0366057 	0.110709  	0.152542  	0.0988788 
1.335000	10.5278   	10.8876   	11.2115   	11.2118   	0.0571927 	0.036652  	0.110862  	0.152729  	0.0990253 
