Energy (MeV/u)	0 - [He-base] F.Hubert et al, AD&ND Tables 46(1990)1	1 - [H -base] J.F.Ziegler et al, Pergamon Press, NY (low energy)	2 - ATIMA 1.2  LS-theory (recommended for high energy)	3 - ATIMA 1.2  without LS-correction	4 - Range straggling - method [0] - LISE	5 - Range straggling - method [1] - Atima	6 - Lateral range - method [0] - LISE	7 - Lateral range - method [1] - Atima	8 - Lateral range - method [2] - PDG
1.000000	8.1627    	8.54196   	8.72893   	8.72893   	0.0484228 	0.0324004 	0.067418  	0.0953779 	0.0588264 
1.025000	8.3562    	8.74448   	8.92985   	8.92985   	0.0492514 	0.0329661 	0.0686308 	0.0969042 	0.0599612 
1.050000	8.54969   	8.94701   	9.13077   	9.13077   	0.0500799 	0.0335318 	0.0698437 	0.0984306 	0.061096  
1.075000	8.74319   	9.14953   	9.3317    	9.3317    	0.0509085 	0.0340976 	0.0710565 	0.099957  	0.0622307 
1.100000	8.93668   	9.35206   	9.53262   	9.53262   	0.0517371 	0.0346633 	0.0722694 	0.101483  	0.0633655 
1.125000	9.13018   	9.55458   	9.73354   	9.73354   	0.0525656 	0.035229  	0.0734822 	0.10301   	0.0645002 
1.150000	9.32367   	9.7571    	9.93446   	9.93446   	0.0533942 	0.0357948 	0.0746951 	0.104536  	0.065635  
1.175000	9.51717   	9.95963   	10.1354   	10.1354   	0.0542227 	0.0363605 	0.0759079 	0.106062  	0.0667697 
1.200000	9.71066   	10.1622   	10.3363   	10.3363   	0.0550513 	0.0369263 	0.0771208 	0.107589  	0.0679045 
1.225000	9.90415   	10.3647   	10.5372   	10.5372   	0.0558799 	0.037492  	0.0783336 	0.109115  	0.0690392 
1.250000	10.0976   	10.5672   	10.7382   	10.7382   	0.0567084 	0.0380577 	0.0795465 	0.110641  	0.070174  
1.275000	10.3007   	10.7797   	10.95     	10.95     	0.0576074 	0.038668  	0.0807044 	0.112059  	0.0712708 
1.300000	10.5038   	10.9923   	11.1618   	11.1618   	0.0585065 	0.0392782 	0.0818624 	0.113478  	0.0723675 
1.325000	10.7069   	11.2048   	11.3737   	11.3737   	0.0594055 	0.0398884 	0.0830204 	0.114896  	0.0734643 
1.350000	10.9099   	11.4174   	11.5855   	11.5855   	0.0603045 	0.0404986 	0.0841784 	0.116314  	0.0745611 
1.375000	11.113    	11.6299   	11.7973   	11.7973   	0.0612035 	0.0411089 	0.0853363 	0.117732  	0.0756579 
1.400000	11.3161   	11.8425   	12.0092   	12.0092   	0.0621026 	0.0417191 	0.0864943 	0.11915   	0.0767546 
1.425000	11.5191   	12.055    	12.221    	12.221    	0.0630016 	0.0423293 	0.0876523 	0.120568  	0.0778514 
1.450000	11.7222   	12.2676   	12.4329   	12.4329   	0.0639006 	0.0429396 	0.0888103 	0.121986  	0.0789482 
1.475000	11.9253   	12.4801   	12.6447   	12.6447   	0.0647996 	0.0435498 	0.0899682 	0.123404  	0.080045  
1.500000	12.1283   	12.6926   	12.8565   	12.8565   	0.0656987 	0.04416   	0.0911262 	0.124822  	0.0811417 
1.525000	12.3428   	12.9171   	13.0804   	13.0804   	0.0666754 	0.0448178 	0.0912048 	0.12485   	0.0812398 
1.550000	12.5573   	13.1416   	13.3042   	13.3042   	0.0676521 	0.0454757 	0.0912834 	0.124879  	0.0813379 
1.575000	12.7717   	13.366    	13.5281   	13.5281   	0.0686289 	0.0461335 	0.091362  	0.124907  	0.0814359 
1.600000	12.9862   	13.5905   	13.752    	13.752    	0.0696056 	0.0467914 	0.0914407 	0.124936  	0.081534  
1.625000	13.2006   	13.815    	13.9758   	13.9758   	0.0705823 	0.0474492 	0.0915193 	0.124964  	0.081632  
1.650000	13.4151   	14.0395   	14.1997   	14.1997   	0.071559  	0.0481071 	0.0915979 	0.124993  	0.0817301 
1.675000	13.6296   	14.2639   	14.4235   	14.4235   	0.0725358 	0.0487649 	0.0916765 	0.125021  	0.0818282 
1.700000	13.844    	14.4884   	14.6474   	14.6474   	0.0735125 	0.0494228 	0.0917551 	0.12505   	0.0819262 
1.725000	14.0585   	14.7129   	14.8713   	14.8713   	0.0744892 	0.0500806 	0.0918337 	0.125078  	0.0820243 
1.750000	14.2729   	14.9373   	15.0951   	15.0951   	0.075466  	0.0507384 	0.0919123 	0.125107  	0.0821223 
1.775000	14.4997   	15.1747   	15.331    	15.331    	0.0765164 	0.0514403 	0.0919838 	0.125136  	0.0822103 
1.800000	14.7265   	15.412    	15.5669   	15.5669   	0.0775669 	0.0521421 	0.0920553 	0.125165  	0.0822983 
1.825000	14.9532   	15.6493   	15.8028   	15.8028   	0.0786173 	0.052844  	0.0921268 	0.125195  	0.0823863 
1.850000	15.18     	15.8867   	16.0387   	16.0387   	0.0796677 	0.0535458 	0.0921982 	0.125224  	0.0824743 
1.875000	15.4067   	16.124    	16.2746   	16.2746   	0.0807182 	0.0542477 	0.0922697 	0.125253  	0.0825623 
1.900000	15.6335   	16.3614   	16.5105   	16.5105   	0.0817686 	0.0549495 	0.0923412 	0.125283  	0.0826503 
1.925000	15.8602   	16.5987   	16.7463   	16.7463   	0.0828191 	0.0556514 	0.0924127 	0.125312  	0.0827383 
1.950000	16.087    	16.836    	16.9822   	16.9822   	0.0838695 	0.0563532 	0.0924842 	0.125342  	0.0828263 
1.975000	16.3138   	17.0734   	17.2181   	17.2181   	0.08492   	0.0570551 	0.0925557 	0.125371  	0.0829143 
2.000000	16.5405   	17.3107   	17.454    	17.454    	0.0859704 	0.0577569 	0.0926271 	0.1254    	0.0830022 
2.025000	16.7798   	17.5612   	17.7019   	17.7019   	0.0870924 	0.0585006 	0.0926987 	0.125437  	0.0830878 
2.050000	17.0191   	17.8116   	17.9499   	17.9499   	0.0882143 	0.0592444 	0.0927703 	0.125473  	0.0831734 
2.075000	17.2583   	18.062    	18.1978   	18.1978   	0.0893363 	0.0599881 	0.0928418 	0.12551   	0.0832589 
2.100000	17.4976   	18.3125   	18.4458   	18.4458   	0.0904582 	0.0607318 	0.0929134 	0.125546  	0.0833445 
2.125000	17.7369   	18.5629   	18.6937   	18.6937   	0.0915802 	0.0614755 	0.0929849 	0.125583  	0.0834301 
2.150000	17.9762   	18.8133   	18.9416   	18.9416   	0.0927021 	0.0622193 	0.0930565 	0.125619  	0.0835156 
2.175000	18.2154   	19.0638   	19.1896   	19.1896   	0.0938241 	0.062963  	0.093128  	0.125656  	0.0836012 
2.200000	18.4547   	19.3142   	19.4375   	19.4375   	0.0949461 	0.0637067 	0.0931996 	0.125692  	0.0836868 
2.225000	18.694    	19.5647   	19.6854   	19.6854   	0.096068  	0.0644504 	0.0932712 	0.125729  	0.0837723 
2.250000	18.9332   	19.8151   	19.9334   	19.9334   	0.09719   	0.0651941 	0.0933427 	0.125765  	0.0838579 
2.275000	19.1849   	20.0786   	20.1934   	20.1934   	0.0983822 	0.0659783 	0.0934187 	0.125812  	0.0839458 
2.300000	19.4365   	20.3422   	20.4534   	20.4534   	0.0995744 	0.0667624 	0.0934948 	0.12586   	0.0840338 
2.325000	19.6881   	20.6057   	20.7134   	20.7134   	0.100767  	0.0675465 	0.0935708 	0.125907  	0.0841217 
2.350000	19.9397   	20.8693   	20.9734   	20.9734   	0.101959  	0.0683306 	0.0936468 	0.125954  	0.0842096 
2.375000	20.1913   	21.1328   	21.2334   	21.2334   	0.103151  	0.0691147 	0.0937229 	0.126001  	0.0842975 
2.400000	20.4429   	21.3964   	21.4934   	21.4934   	0.104343  	0.0698988 	0.0937989 	0.126048  	0.0843855 
2.425000	20.6946   	21.6599   	21.7534   	21.7534   	0.105535  	0.0706829 	0.0938749 	0.126095  	0.0844734 
2.450000	20.9462   	21.9235   	22.0134   	22.0134   	0.106728  	0.071467  	0.0939509 	0.126143  	0.0845613 
2.475000	21.1978   	22.187    	22.2734   	22.2734   	0.10792   	0.0722511 	0.094027  	0.12619   	0.0846492 
2.500000	21.4494   	22.4505   	22.5334   	22.5334   	0.109112  	0.0730352 	0.094103  	0.126237  	0.0847372 
2.525000	21.7225   	22.7344   	22.8115   	22.8115   	0.110408  	0.0738779 	0.0941915 	0.126304  	0.0848349 
2.550000	21.9956   	23.0182   	23.0897   	23.0897   	0.111705  	0.0747207 	0.0942799 	0.126372  	0.0849326 
2.575000	22.2687   	23.302    	23.3678   	23.3678   	0.113001  	0.0755634 	0.0943683 	0.12644   	0.0850304 
2.600000	22.5418   	23.5859   	23.6459   	23.6459   	0.114298  	0.0764061 	0.0944568 	0.126507  	0.0851281 
2.625000	22.8149   	23.8697   	23.924    	23.924    	0.115594  	0.0772488 	0.0945452 	0.126575  	0.0852259 
2.650000	23.088    	24.1535   	24.2022   	24.2022   	0.11689   	0.0780915 	0.0946337 	0.126642  	0.0853236 
2.675000	23.3611   	24.4374   	24.4803   	24.4803   	0.118187  	0.0789343 	0.0947221 	0.12671   	0.0854213 
2.700000	23.6342   	24.7212   	24.7584   	24.7584   	0.119483  	0.079777  	0.0948106 	0.126777  	0.0855191 
2.725000	23.9073   	25.005    	25.0365   	25.0365   	0.120779  	0.0806197 	0.094899  	0.126845  	0.0856168 
2.750000	24.1803   	25.2888   	25.3147   	25.3147   	0.122076  	0.0814624 	0.0949875 	0.126912  	0.0857146 
2.775000	24.4534   	25.5727   	25.5928   	25.5928   	0.123372  	0.0823051 	0.0950759 	0.12698   	0.0858123 
2.800000	24.7265   	25.8565   	25.8709   	25.8709   	0.124668  	0.0831479 	0.0951644 	0.127048  	0.08591   
2.825000	24.9996   	26.1403   	26.149    	26.149    	0.125965  	0.0839906 	0.0952528 	0.127115  	0.0860078 
2.850000	25.2727   	26.4242   	26.4272   	26.4272   	0.127261  	0.0848333 	0.0953413 	0.127183  	0.0861055 
2.875000	25.5458   	26.708    	26.7053   	26.7053   	0.128557  	0.085676  	0.0954297 	0.12725   	0.0862033 
2.900000	25.8189   	26.9918   	26.9834   	26.9834   	0.129854  	0.0865187 	0.0955182 	0.127318  	0.086301  
2.925000	26.092    	27.2757   	27.2615   	27.2615   	0.13115   	0.0873615 	0.0956066 	0.127385  	0.0863987 
2.950000	26.3651   	27.5595   	27.5397   	27.5397   	0.132446  	0.0882042 	0.0956951 	0.127453  	0.0864965 
2.975000	26.6382   	27.8433   	27.8178   	27.8178   	0.133743  	0.0890469 	0.0957835 	0.12752   	0.0865942 
3.000000	26.9113   	28.1271   	28.0959   	28.0959   	0.135039  	0.0898896 	0.095872  	0.127588  	0.086692  
3.025000	27.2111   	28.438    	28.3982   	28.3982   	0.136473  	0.0908088 	0.0959829 	0.127687  	0.0868094 
3.050000	27.5109   	28.7488   	28.7005   	28.7005   	0.137907  	0.0917279 	0.0960938 	0.127786  	0.0869269 
3.075000	27.8107   	29.0596   	29.0028   	29.0028   	0.139341  	0.092647  	0.0962048 	0.127885  	0.0870443 
3.100000	28.1105   	29.3704   	29.3051   	29.3051   	0.140776  	0.0935662 	0.0963157 	0.127984  	0.0871618 
3.125000	28.4103   	29.6813   	29.6074   	29.6074   	0.14221   	0.0944853 	0.0964266 	0.128083  	0.0872792 
3.150000	28.7101   	29.9921   	29.9097   	29.9097   	0.143644  	0.0954045 	0.0965375 	0.128181  	0.0873967 
3.175000	29.0099   	30.3029   	30.212    	30.212    	0.145078  	0.0963236 	0.0966485 	0.12828   	0.0875141 
3.200000	29.3097   	30.6137   	30.5143   	30.5143   	0.146513  	0.0972427 	0.0967594 	0.128379  	0.0876316 
3.225000	29.6095   	30.9245   	30.8166   	30.8166   	0.147947  	0.0981619 	0.0968703 	0.128478  	0.087749  
3.250000	29.9093   	31.2354   	31.1189   	31.1189   	0.149381  	0.099081  	0.0969812 	0.128577  	0.0878665 
3.275000	30.2091   	31.5462   	31.4212   	31.4212   	0.150815  	0.1       	0.0970922 	0.128676  	0.0879839 
3.300000	30.5089   	31.857    	31.7235   	31.7235   	0.152249  	0.100919  	0.0972031 	0.128775  	0.0881013 
3.325000	30.8086   	32.1678   	32.0258   	32.0258   	0.153684  	0.101838  	0.097314  	0.128874  	0.0882188 
3.350000	31.1084   	32.4787   	32.3281   	32.3281   	0.155118  	0.102758  	0.097425  	0.128973  	0.0883362 
3.375000	31.4082   	32.7895   	32.6304   	32.6304   	0.156552  	0.103677  	0.0975359 	0.129072  	0.0884537 
3.400000	31.708    	33.1003   	32.9327   	32.9327   	0.157986  	0.104596  	0.0976468 	0.129171  	0.0885711 
3.425000	32.0078   	33.4111   	33.235    	33.235    	0.15942   	0.105515  	0.0977577 	0.12927   	0.0886886 
3.450000	32.3076   	33.7219   	33.5373   	33.5373   	0.160855  	0.106434  	0.0978687 	0.129368  	0.088806  
3.475000	32.6074   	34.0328   	33.8396   	33.8396   	0.162289  	0.107353  	0.0979796 	0.129467  	0.0889235 
3.500000	32.9072   	34.3436   	34.1418   	34.1418   	0.163723  	0.108272  	0.0980905 	0.129566  	0.0890409 
3.525000	33.2335   	34.6815   	34.4683   	34.4683   	0.165295  	0.109267  	0.0982278 	0.129699  	0.0891826 
3.550000	33.5599   	35.0193   	34.7947   	34.7947   	0.166866  	0.110261  	0.0983651 	0.129831  	0.0893244 
3.575000	33.8862   	35.3572   	35.1212   	35.1212   	0.168438  	0.111255  	0.0985025 	0.129964  	0.0894661 
3.600000	34.2125   	35.695    	35.4476   	35.4476   	0.17001   	0.112249  	0.0986398 	0.130096  	0.0896078 
3.625000	34.5389   	36.0329   	35.7741   	35.7741   	0.171581  	0.113243  	0.0987771 	0.130229  	0.0897495 
3.650000	34.8652   	36.3707   	36.1005   	36.1005   	0.173153  	0.114237  	0.0989144 	0.130361  	0.0898912 
3.675000	35.1915   	36.7086   	36.427    	36.427    	0.174725  	0.115231  	0.0990517 	0.130494  	0.0900329 
3.700000	35.5178   	37.0464   	36.7534   	36.7534   	0.176296  	0.116226  	0.099189  	0.130626  	0.0901746 
3.725000	35.8442   	37.3843   	37.0799   	37.0799   	0.177868  	0.11722   	0.0993263 	0.130759  	0.0903163 
3.750000	36.1705   	37.7222   	37.4063   	37.4063   	0.17944   	0.118214  	0.0994637 	0.130891  	0.090458  
3.775000	36.4968   	38.06     	37.7328   	37.7328   	0.181011  	0.119208  	0.099601  	0.131024  	0.0905997 
3.800000	36.8231   	38.3979   	38.0592   	38.0592   	0.182583  	0.120202  	0.0997383 	0.131156  	0.0907414 
3.825000	37.1495   	38.7357   	38.3857   	38.3857   	0.184155  	0.121196  	0.0998756 	0.131289  	0.0908831 
3.850000	37.4758   	39.0736   	38.7121   	38.7121   	0.185726  	0.12219   	0.100013  	0.131421  	0.0910248 
3.875000	37.8021   	39.4114   	39.0386   	39.0386   	0.187298  	0.123185  	0.10015   	0.131553  	0.0911665 
3.900000	38.1285   	39.7493   	39.365    	39.365    	0.18887   	0.124179  	0.100288  	0.131686  	0.0913082 
3.925000	38.4548   	40.0872   	39.6915   	39.6915   	0.190441  	0.125173  	0.100425  	0.131818  	0.0914499 
3.950000	38.7811   	40.425    	40.0179   	40.0179   	0.192013  	0.126167  	0.100562  	0.131951  	0.0915916 
3.975000	39.1074   	40.7629   	40.3444   	40.3444   	0.193585  	0.127161  	0.100699  	0.132083  	0.0917333 
4.000000	39.4338   	41.1007   	40.6708   	40.6708   	0.195156  	0.128155  	0.100837  	0.132216  	0.091875  
4.025000	39.7864   	41.4657   	41.0214   	41.0214   	0.196865  	0.129223  	0.101003  	0.132383  	0.0920441 
4.050000	40.139    	41.8307   	41.372    	41.372    	0.198575  	0.130291  	0.10117   	0.132551  	0.0922132 
4.075000	40.4917   	42.1957   	41.7225   	41.7225   	0.200284  	0.131358  	0.101336  	0.132719  	0.0923823 
4.100000	40.8443   	42.5607   	42.0731   	42.0731   	0.201993  	0.132426  	0.101503  	0.132886  	0.0925514 
4.125000	41.197    	42.9256   	42.4236   	42.4236   	0.203702  	0.133494  	0.101669  	0.133054  	0.0927205 
4.150000	41.5496   	43.2906   	42.7742   	42.7742   	0.205411  	0.134562  	0.101835  	0.133221  	0.0928897 
4.175000	41.9023   	43.6556   	43.1248   	43.1248   	0.20712   	0.135629  	0.102002  	0.133389  	0.0930588 
4.200000	42.2549   	44.0206   	43.4753   	43.4753   	0.208829  	0.136697  	0.102168  	0.133556  	0.0932279 
4.225000	42.6075   	44.3856   	43.8259   	43.8259   	0.210538  	0.137765  	0.102335  	0.133724  	0.093397  
4.250000	42.9602   	44.7505   	44.1765   	44.1765   	0.212248  	0.138832  	0.102501  	0.133891  	0.0935661 
4.275000	43.3128   	45.1155   	44.527    	44.527    	0.213957  	0.1399    	0.102667  	0.134059  	0.0937352 
4.300000	43.6655   	45.4805   	44.8776   	44.8776   	0.215666  	0.140968  	0.102834  	0.134227  	0.0939043 
4.325000	44.0181   	45.8455   	45.2281   	45.2281   	0.217375  	0.142036  	0.103     	0.134394  	0.0940734 
4.350000	44.3708   	46.2105   	45.5787   	45.5787   	0.219084  	0.143103  	0.103167  	0.134562  	0.0942425 
4.375000	44.7234   	46.5754   	45.9293   	45.9293   	0.220793  	0.144171  	0.103333  	0.134729  	0.0944116 
4.400000	45.076    	46.9404   	46.2798   	46.2798   	0.222502  	0.145239  	0.1035    	0.134897  	0.0945807 
4.425000	45.4287   	47.3054   	46.6304   	46.6304   	0.224211  	0.146307  	0.103666  	0.135064  	0.0947498 
4.450000	45.7813   	47.6704   	46.981    	46.981    	0.22592   	0.147374  	0.103832  	0.135232  	0.0949189 
4.475000	46.134    	48.0354   	47.3315   	47.3315   	0.22763   	0.148442  	0.103999  	0.135399  	0.095088  
4.500000	46.4866   	48.4004   	47.6821   	47.6821   	0.229339  	0.14951   	0.104165  	0.135567  	0.0952571 
4.525000	46.8653   	48.7923   	48.0567   	48.0567   	0.231185  	0.15065   	0.104362  	0.13577   	0.0954551 
4.550000	47.2441   	49.1842   	48.4313   	48.4313   	0.233032  	0.151791  	0.104559  	0.135972  	0.0956531 
4.575000	47.6228   	49.5762   	48.806    	48.806    	0.234879  	0.152932  	0.104755  	0.136175  	0.0958511 
4.600000	48.0015   	49.9681   	49.1806   	49.1806   	0.236725  	0.154072  	0.104952  	0.136378  	0.096049  
4.625000	48.3803   	50.36     	49.5552   	49.5552   	0.238572  	0.155213  	0.105149  	0.136581  	0.096247  
4.650000	48.759    	50.752    	49.9298   	49.9298   	0.240419  	0.156353  	0.105345  	0.136783  	0.096445  
4.675000	49.1377   	51.1439   	50.3045   	50.3045   	0.242265  	0.157494  	0.105542  	0.136986  	0.096643  
4.700000	49.5164   	51.5358   	50.6791   	50.6791   	0.244112  	0.158635  	0.105739  	0.137189  	0.096841  
4.725000	49.8952   	51.9277   	51.0537   	51.0537   	0.245959  	0.159775  	0.105936  	0.137392  	0.097039  
4.750000	50.2739   	52.3197   	51.4283   	51.4283   	0.247806  	0.160916  	0.106132  	0.137594  	0.0972369 
4.775000	50.6526   	52.7116   	51.803    	51.803    	0.249652  	0.162056  	0.106329  	0.137797  	0.0974349 
4.800000	51.0314   	53.1035   	52.1776   	52.1776   	0.251499  	0.163197  	0.106526  	0.138     	0.0976329 
4.825000	51.4101   	53.4955   	52.5522   	52.5522   	0.253346  	0.164338  	0.106722  	0.138202  	0.0978309 
4.850000	51.7888   	53.8874   	52.9268   	52.9268   	0.255192  	0.165478  	0.106919  	0.138405  	0.0980289 
4.875000	52.1676   	54.2793   	53.3014   	53.3014   	0.257039  	0.166619  	0.107116  	0.138608  	0.0982269 
4.900000	52.5463   	54.6713   	53.6761   	53.6761   	0.258886  	0.16776   	0.107312  	0.138811  	0.0984248 
4.925000	52.925    	55.0632   	54.0507   	54.0507   	0.260732  	0.1689    	0.107509  	0.139013  	0.0986228 
4.950000	53.3037   	55.4551   	54.4253   	54.4253   	0.262579  	0.170041  	0.107706  	0.139216  	0.0988208 
4.975000	53.6825   	55.8471   	54.7999   	54.7999   	0.264426  	0.171181  	0.107902  	0.139419  	0.0990188 
5.000000	54.0612   	56.239    	55.1746   	55.1746   	0.266272  	0.172322  	0.108099  	0.139622  	0.0992168 
5.025000	54.4658   	56.6574   	55.5732   	55.5732   	0.268257  	0.173535  	0.108327  	0.13986   	0.099445  
5.050000	54.8704   	57.0759   	55.9718   	55.9718   	0.270241  	0.174749  	0.108555  	0.140098  	0.0996733 
5.075000	55.275    	57.4943   	56.3705   	56.3705   	0.272226  	0.175962  	0.108784  	0.140337  	0.0999015 
5.100000	55.6796   	57.9127   	56.7691   	56.7691   	0.27421   	0.177175  	0.109012  	0.140575  	0.10013   
5.125000	56.0841   	58.3312   	57.1677   	57.1677   	0.276195  	0.178389  	0.10924   	0.140814  	0.100358  
5.150000	56.4887   	58.7496   	57.5663   	57.5663   	0.278179  	0.179602  	0.109468  	0.141052  	0.100586  
5.175000	56.8933   	59.168    	57.965    	57.965    	0.280163  	0.180815  	0.109696  	0.141291  	0.100815  
5.200000	57.2979   	59.5865   	58.3636   	58.3636   	0.282148  	0.182029  	0.109924  	0.141529  	0.101043  
5.225000	57.7025   	60.0049   	58.7622   	58.7622   	0.284132  	0.183242  	0.110152  	0.141768  	0.101271  
5.250000	58.1071   	60.4233   	59.1609   	59.1609   	0.286117  	0.184455  	0.110381  	0.142006  	0.101499  
5.275000	58.5117   	60.8417   	59.5595   	59.5595   	0.288101  	0.185669  	0.110609  	0.142244  	0.101728  
5.300000	58.9163   	61.2602   	59.9581   	59.9581   	0.290086  	0.186882  	0.110837  	0.142483  	0.101956  
5.325000	59.3209   	61.6786   	60.3567   	60.3567   	0.29207   	0.188095  	0.111065  	0.142721  	0.102184  
5.350000	59.7254   	62.097    	60.7554   	60.7554   	0.294055  	0.189309  	0.111293  	0.14296   	0.102412  
5.375000	60.13     	62.5155   	61.154    	61.154    	0.296039  	0.190522  	0.111521  	0.143198  	0.102641  
5.400000	60.5346   	62.9339   	61.5526   	61.5526   	0.298024  	0.191735  	0.11175   	0.143437  	0.102869  
5.425000	60.9392   	63.3523   	61.9513   	61.9513   	0.300008  	0.192948  	0.111978  	0.143675  	0.103097  
5.450000	61.3438   	63.7708   	62.3499   	62.3499   	0.301992  	0.194162  	0.112206  	0.143913  	0.103325  
5.475000	61.7484   	64.1892   	62.7485   	62.7485   	0.303977  	0.195375  	0.112434  	0.144152  	0.103554  
5.500000	62.153    	64.6076   	63.1471   	63.1471   	0.305961  	0.196588  	0.112662  	0.14439   	0.103782  
5.525000	62.5832   	65.0521   	63.5697   	63.5697   	0.308084  	0.197874  	0.112922  	0.144664  	0.104041  
5.550000	63.0134   	65.4965   	63.9923   	63.9923   	0.310206  	0.199159  	0.113181  	0.144937  	0.104299  
5.575000	63.4437   	65.941    	64.4149   	64.4149   	0.312329  	0.200445  	0.113441  	0.145211  	0.104558  
5.600000	63.8739   	66.3855   	64.8374   	64.8374   	0.314451  	0.20173   	0.113701  	0.145484  	0.104817  
5.625000	64.3041   	66.8299   	65.26     	65.26     	0.316573  	0.203016  	0.11396   	0.145758  	0.105075  
5.650000	64.7343   	67.2744   	65.6826   	65.6826   	0.318696  	0.204301  	0.11422   	0.146031  	0.105334  
5.675000	65.1646   	67.7188   	66.1052   	66.1052   	0.320818  	0.205586  	0.114479  	0.146304  	0.105593  
5.700000	65.5948   	68.1633   	66.5277   	66.5277   	0.322941  	0.206872  	0.114739  	0.146578  	0.105851  
5.725000	66.025    	68.6078   	66.9503   	66.9503   	0.325063  	0.208157  	0.114999  	0.146851  	0.10611   
5.750000	66.4552   	69.0522   	67.3729   	67.3729   	0.327186  	0.209443  	0.115258  	0.147125  	0.106369  
5.775000	66.8855   	69.4967   	67.7954   	67.7954   	0.329308  	0.210728  	0.115518  	0.147398  	0.106627  
5.800000	67.3157   	69.9411   	68.218    	68.218    	0.33143   	0.212014  	0.115777  	0.147672  	0.106886  
5.825000	67.7459   	70.3856   	68.6406   	68.6406   	0.333553  	0.213299  	0.116037  	0.147945  	0.107145  
5.850000	68.1761   	70.8301   	69.0632   	69.0632   	0.335675  	0.214584  	0.116297  	0.148219  	0.107403  
5.875000	68.6064   	71.2745   	69.4857   	69.4857   	0.337798  	0.21587   	0.116556  	0.148492  	0.107662  
5.900000	69.0366   	71.719    	69.9083   	69.9083   	0.33992   	0.217155  	0.116816  	0.148765  	0.107921  
5.925000	69.4668   	72.1635   	70.3309   	70.3309   	0.342043  	0.218441  	0.117075  	0.149039  	0.108179  
5.950000	69.8971   	72.6079   	70.7535   	70.7535   	0.344165  	0.219726  	0.117335  	0.149312  	0.108438  
5.975000	70.3273   	73.0524   	71.176    	71.176    	0.346287  	0.221012  	0.117595  	0.149586  	0.108697  
6.000000	70.7575   	73.4968   	71.5986   	71.5986   	0.34841   	0.222297  	0.117854  	0.149859  	0.108956  
6.025000	71.2132   	73.9672   	72.0451   	72.0451   	0.35067   	0.223654  	0.118146  	0.150169  	0.109246  
6.050000	71.6688   	74.4376   	72.4915   	72.4915   	0.352931  	0.22501   	0.118439  	0.150478  	0.109536  
6.075000	72.1245   	74.908    	72.938    	72.938    	0.355192  	0.226367  	0.118731  	0.150787  	0.109827  
6.100000	72.5801   	75.3784   	73.3844   	73.3844   	0.357452  	0.227724  	0.119023  	0.151097  	0.110117  
6.125000	73.0357   	75.8487   	73.8309   	73.8309   	0.359713  	0.22908   	0.119315  	0.151406  	0.110407  
6.150000	73.4914   	76.3191   	74.2773   	74.2773   	0.361974  	0.230437  	0.119607  	0.151716  	0.110698  
6.175000	73.947    	76.7895   	74.7238   	74.7238   	0.364234  	0.231793  	0.1199    	0.152025  	0.110988  
6.200000	74.4027   	77.2599   	75.1702   	75.1702   	0.366495  	0.23315   	0.120192  	0.152334  	0.111278  
6.225000	74.8583   	77.7303   	75.6167   	75.6167   	0.368755  	0.234507  	0.120484  	0.152644  	0.111569  
6.250000	75.314    	78.2007   	76.0632   	76.0632   	0.371016  	0.235863  	0.120776  	0.152953  	0.111859  
6.275000	75.7696   	78.671    	76.5096   	76.5096   	0.373277  	0.23722   	0.121069  	0.153263  	0.112149  
6.300000	76.2253   	79.1414   	76.9561   	76.9561   	0.375537  	0.238577  	0.121361  	0.153572  	0.11244   
6.325000	76.6809   	79.6118   	77.4025   	77.4025   	0.377798  	0.239933  	0.121653  	0.153881  	0.11273   
6.350000	77.1366   	80.0822   	77.849    	77.849    	0.380059  	0.24129   	0.121945  	0.154191  	0.11302   
6.375000	77.5922   	80.5526   	78.2954   	78.2954   	0.382319  	0.242646  	0.122237  	0.1545    	0.113311  
6.400000	78.0479   	81.023    	78.7419   	78.7419   	0.38458   	0.244003  	0.12253   	0.154809  	0.113601  
6.425000	78.5035   	81.4933   	79.1884   	79.1884   	0.386841  	0.24536   	0.122822  	0.155119  	0.113891  
6.450000	78.9592   	81.9637   	79.6348   	79.6348   	0.389101  	0.246716  	0.123114  	0.155428  	0.114182  
6.475000	79.4148   	82.4341   	80.0813   	80.0813   	0.391362  	0.248073  	0.123406  	0.155738  	0.114472  
6.500000	79.8705   	82.9045   	80.5277   	80.5277   	0.393622  	0.24943   	0.123699  	0.156047  	0.114762  
6.525000	80.3513   	83.4007   	80.998    	80.998    	0.396021  	0.250857  	0.124022  	0.156391  	0.115083  
6.550000	80.8322   	83.8969   	81.4683   	81.4683   	0.398421  	0.252284  	0.124346  	0.156735  	0.115405  
6.575000	81.3131   	84.3932   	81.9386   	81.9386   	0.40082   	0.253711  	0.12467   	0.157079  	0.115726  
6.600000	81.7939   	84.8894   	82.4088   	82.4088   	0.403219  	0.255138  	0.124994  	0.157422  	0.116047  
6.625000	82.2748   	85.3856   	82.8791   	82.8791   	0.405618  	0.256566  	0.125318  	0.157766  	0.116368  
6.650000	82.7557   	85.8819   	83.3494   	83.3494   	0.408017  	0.257993  	0.125642  	0.15811   	0.116689  
6.675000	83.2365   	86.3781   	83.8197   	83.8197   	0.410416  	0.25942   	0.125966  	0.158454  	0.11701   
6.700000	83.7174   	86.8744   	84.29     	84.29     	0.412815  	0.260847  	0.126289  	0.158798  	0.117331  
6.725000	84.1983   	87.3706   	84.7602   	84.7602   	0.415214  	0.262274  	0.126613  	0.159141  	0.117653  
6.750000	84.6791   	87.8668   	85.2305   	85.2305   	0.417613  	0.263702  	0.126937  	0.159485  	0.117974  
6.775000	85.16     	88.3631   	85.7008   	85.7008   	0.420012  	0.265129  	0.127261  	0.159829  	0.118295  
6.800000	85.6409   	88.8593   	86.1711   	86.1711   	0.422411  	0.266556  	0.127585  	0.160173  	0.118616  
6.825000	86.1217   	89.3555   	86.6414   	86.6414   	0.42481   	0.267983  	0.127909  	0.160517  	0.118937  
6.850000	86.6026   	89.8518   	87.1116   	87.1116   	0.427209  	0.269411  	0.128233  	0.16086   	0.119258  
6.875000	87.0834   	90.348    	87.5819   	87.5819   	0.429608  	0.270838  	0.128557  	0.161204  	0.119579  
6.900000	87.5643   	90.8442   	88.0522   	88.0522   	0.432007  	0.272265  	0.12888   	0.161548  	0.119901  
6.925000	88.0452   	91.3405   	88.5225   	88.5225   	0.434406  	0.273692  	0.129204  	0.161892  	0.120222  
6.950000	88.526    	91.8367   	88.9928   	88.9928   	0.436805  	0.275119  	0.129528  	0.162236  	0.120543  
6.975000	89.0069   	92.3329   	89.463    	89.463    	0.439204  	0.276547  	0.129852  	0.16258   	0.120864  
7.000000	89.4878   	92.8292   	89.9333   	89.9333   	0.441604  	0.277974  	0.130176  	0.162923  	0.121185  
7.025000	89.9937   	93.3512   	90.4274   	90.4274   	0.444141  	0.279471  	0.130532  	0.163302  	0.121537  
7.050000	90.4995   	93.8732   	90.9214   	90.9214   	0.446679  	0.280969  	0.130888  	0.16368   	0.12189   
7.075000	91.0054   	94.3952   	91.4154   	91.4154   	0.449217  	0.282466  	0.131243  	0.164058  	0.122242  
7.100000	91.5113   	94.9172   	91.9095   	91.9095   	0.451754  	0.283964  	0.131599  	0.164437  	0.122594  
7.125000	92.0172   	95.4392   	92.4035   	92.4035   	0.454292  	0.285461  	0.131955  	0.164815  	0.122946  
7.150000	92.5231   	95.9612   	92.8976   	92.8976   	0.45683   	0.286959  	0.132311  	0.165193  	0.123299  
7.175000	93.029    	96.4832   	93.3916   	93.3916   	0.459367  	0.288456  	0.132667  	0.165572  	0.123651  
7.200000	93.5348   	97.0052   	93.8857   	93.8857   	0.461905  	0.289954  	0.133022  	0.16595   	0.124003  
7.225000	94.0407   	97.5272   	94.3797   	94.3797   	0.464443  	0.291451  	0.133378  	0.166329  	0.124355  
7.250000	94.5466   	98.0492   	94.8738   	94.8738   	0.466981  	0.292949  	0.133734  	0.166707  	0.124708  
7.275000	95.0525   	98.5712   	95.3678   	95.3678   	0.469518  	0.294446  	0.13409   	0.167085  	0.12506   
7.300000	95.5584   	99.0932   	95.8618   	95.8618   	0.472056  	0.295944  	0.134446  	0.167464  	0.125412  
7.325000	96.0643   	99.6152   	96.3559   	96.3559   	0.474594  	0.297441  	0.134801  	0.167842  	0.125765  
7.350000	96.5701   	100.137   	96.8499   	96.8499   	0.477131  	0.298939  	0.135157  	0.16822   	0.126117  
7.375000	97.076    	100.659   	97.344    	97.344    	0.479669  	0.300436  	0.135513  	0.168599  	0.126469  
7.400000	97.5819   	101.181   	97.838    	97.838    	0.482207  	0.301933  	0.135869  	0.168977  	0.126821  
7.425000	98.0878   	101.703   	98.3321   	98.3321   	0.484744  	0.303431  	0.136225  	0.169355  	0.127174  
7.450000	98.5937   	102.225   	98.8261   	98.8261   	0.487282  	0.304928  	0.13658   	0.169734  	0.127526  
7.475000	99.0996   	102.747   	99.3202   	99.3202   	0.48982   	0.306426  	0.136936  	0.170112  	0.127878  
7.500000	99.6054   	103.269   	99.8142   	99.8142   	0.492357  	0.307923  	0.137292  	0.17049   	0.12823   
7.525000	100.136   	103.817   	100.332   	100.332   	0.495034  	0.309491  	0.137679  	0.170902  	0.128613  
7.550000	100.667   	104.365   	100.85    	100.85    	0.497711  	0.311058  	0.138066  	0.171314  	0.128996  
7.575000	101.198   	104.912   	101.367   	101.367   	0.500387  	0.312626  	0.138453  	0.171726  	0.129379  
7.600000	101.728   	105.46    	101.885   	101.885   	0.503064  	0.314193  	0.138841  	0.172138  	0.129762  
7.625000	102.259   	106.008   	102.403   	102.403   	0.50574   	0.315761  	0.139228  	0.17255   	0.130145  
7.650000	102.79    	106.555   	102.921   	102.921   	0.508417  	0.317328  	0.139615  	0.172962  	0.130527  
7.675000	103.32    	107.103   	103.438   	103.438   	0.511093  	0.318896  	0.140002  	0.173374  	0.13091   
7.700000	103.851   	107.651   	103.956   	103.956   	0.51377   	0.320463  	0.140389  	0.173786  	0.131293  
7.725000	104.382   	108.198   	104.474   	104.474   	0.516446  	0.322031  	0.140776  	0.174198  	0.131676  
7.750000	104.913   	108.746   	104.992   	104.992   	0.519123  	0.323598  	0.141163  	0.17461   	0.132059  
7.775000	105.443   	109.294   	105.509   	105.509   	0.521799  	0.325166  	0.141551  	0.175022  	0.132442  
7.800000	105.974   	109.842   	106.027   	106.027   	0.524476  	0.326733  	0.141938  	0.175434  	0.132824  
7.825000	106.505   	110.389   	106.545   	106.545   	0.527153  	0.328301  	0.142325  	0.175846  	0.133207  
7.850000	107.035   	110.937   	107.063   	107.063   	0.529829  	0.329868  	0.142712  	0.176258  	0.13359   
7.875000	107.566   	111.485   	107.58    	107.58    	0.532506  	0.331436  	0.143099  	0.17667   	0.133973  
7.900000	108.097   	112.032   	108.098   	108.098   	0.535182  	0.333003  	0.143486  	0.177082  	0.134356  
7.925000	108.628   	112.58    	108.616   	108.616   	0.537859  	0.334571  	0.143873  	0.177494  	0.134739  
7.950000	109.158   	113.128   	109.134   	109.134   	0.540535  	0.336138  	0.14426   	0.177906  	0.135121  
7.975000	109.689   	113.675   	109.651   	109.651   	0.543212  	0.337705  	0.144648  	0.178318  	0.135504  
8.000000	110.22    	114.223   	110.169   	110.169   	0.545888  	0.339273  	0.145035  	0.17873   	0.135887  
8.025000	110.775   	114.796   	110.711   	110.711   	0.548704  	0.34091   	0.145453  	0.179175  	0.1363    
8.050000	111.33    	115.37    	111.252   	111.252   	0.55152   	0.342547  	0.145871  	0.17962   	0.136713  
8.075000	111.886   	115.943   	111.793   	111.793   	0.554335  	0.344184  	0.146289  	0.180065  	0.137126  
8.100000	112.441   	116.516   	112.335   	112.335   	0.557151  	0.345822  	0.146707  	0.18051   	0.137539  
8.125000	112.997   	117.09    	112.876   	112.876   	0.559966  	0.347459  	0.147125  	0.180955  	0.137953  
8.150000	113.552   	117.663   	113.418   	113.418   	0.562782  	0.349096  	0.147543  	0.1814    	0.138366  
8.175000	114.107   	118.236   	113.959   	113.959   	0.565597  	0.350733  	0.147961  	0.181845  	0.138779  
8.200000	114.663   	118.81    	114.5     	114.5     	0.568413  	0.35237   	0.148379  	0.18229   	0.139192  
8.225000	115.218   	119.383   	115.042   	115.042   	0.571229  	0.354007  	0.148798  	0.182735  	0.139605  
8.250000	115.773   	119.956   	115.583   	115.583   	0.574044  	0.355644  	0.149216  	0.18318   	0.140018  
8.275000	116.329   	120.53    	116.125   	116.125   	0.57686   	0.357282  	0.149634  	0.183625  	0.140431  
8.300000	116.884   	121.103   	116.666   	116.666   	0.579675  	0.358919  	0.150052  	0.18407   	0.140844  
8.325000	117.439   	121.676   	117.207   	117.207   	0.582491  	0.360556  	0.15047   	0.184515  	0.141257  
8.350000	117.995   	122.25    	117.749   	117.749   	0.585307  	0.362193  	0.150888  	0.18496   	0.14167   
8.375000	118.55    	122.823   	118.29    	118.29    	0.588122  	0.36383   	0.151306  	0.185405  	0.142083  
8.400000	119.105   	123.396   	118.832   	118.832   	0.590938  	0.365467  	0.151724  	0.18585   	0.142497  
8.425000	119.661   	123.97    	119.373   	119.373   	0.593753  	0.367105  	0.152142  	0.186295  	0.14291   
8.450000	120.216   	124.543   	119.914   	119.914   	0.596569  	0.368742  	0.15256   	0.18674   	0.143323  
8.475000	120.772   	125.116   	120.456   	120.456   	0.599384  	0.370379  	0.152978  	0.187185  	0.143736  
8.500000	121.327   	125.69    	120.997   	120.997   	0.6022    	0.372016  	0.153397  	0.18763   	0.144149  
8.525000	121.907   	126.288   	121.562   	121.562   	0.605155  	0.373722  	0.153845  	0.188108  	0.144592  
8.550000	122.487   	126.887   	122.127   	122.127   	0.60811   	0.375429  	0.154294  	0.188585  	0.145035  
8.575000	123.066   	127.486   	122.692   	122.692   	0.611064  	0.377135  	0.154743  	0.189063  	0.145478  
8.600000	123.646   	128.085   	123.257   	123.257   	0.614019  	0.378842  	0.155192  	0.189541  	0.145921  
8.625000	124.226   	128.684   	123.822   	123.822   	0.616974  	0.380549  	0.15564   	0.190018  	0.146364  
8.650000	124.806   	129.283   	124.387   	124.387   	0.619929  	0.382255  	0.156089  	0.190496  	0.146807  
8.675000	125.386   	129.882   	124.952   	124.952   	0.622884  	0.383962  	0.156538  	0.190973  	0.14725   
8.700000	125.966   	130.481   	125.517   	125.517   	0.625838  	0.385668  	0.156986  	0.191451  	0.147693  
8.725000	126.545   	131.08    	126.082   	126.082   	0.628793  	0.387375  	0.157435  	0.191928  	0.148136  
8.750000	127.125   	131.679   	126.647   	126.647   	0.631748  	0.389081  	0.157884  	0.192406  	0.148579  
8.775000	127.705   	132.277   	127.212   	127.212   	0.634703  	0.390788  	0.158333  	0.192884  	0.149022  
8.800000	128.285   	132.876   	127.777   	127.777   	0.637658  	0.392494  	0.158781  	0.193361  	0.149465  
8.825000	128.865   	133.475   	128.342   	128.342   	0.640612  	0.394201  	0.15923   	0.193839  	0.149908  
8.850000	129.445   	134.074   	128.907   	128.907   	0.643567  	0.395907  	0.159679  	0.194316  	0.150352  
8.875000	130.024   	134.673   	129.472   	129.472   	0.646522  	0.397614  	0.160128  	0.194794  	0.150795  
8.900000	130.604   	135.272   	130.037   	130.037   	0.649477  	0.39932   	0.160576  	0.195272  	0.151238  
8.925000	131.184   	135.871   	130.602   	130.602   	0.652432  	0.401027  	0.161025  	0.195749  	0.151681  
8.950000	131.764   	136.47    	131.167   	131.167   	0.655386  	0.402733  	0.161474  	0.196227  	0.152124  
8.975000	132.344   	137.069   	131.732   	131.732   	0.658341  	0.40444   	0.161923  	0.196704  	0.152567  
9.000000	132.924   	137.668   	132.297   	132.297   	0.661296  	0.406146  	0.162371  	0.197182  	0.15301   
9.025000	133.528   	138.292   	132.886   	132.886   	0.66439   	0.407922  	0.16285   	0.197691  	0.153482  
9.050000	134.132   	138.916   	133.474   	133.474   	0.667484  	0.409697  	0.163329  	0.198201  	0.153955  
9.075000	134.736   	139.541   	134.063   	134.063   	0.670579  	0.411473  	0.163807  	0.19871   	0.154427  
9.100000	135.34    	140.165   	134.651   	134.651   	0.673673  	0.413248  	0.164286  	0.199219  	0.154899  
9.125000	135.944   	140.79    	135.24    	135.24    	0.676767  	0.415024  	0.164765  	0.199728  	0.155372  
9.150000	136.548   	141.414   	135.828   	135.828   	0.679861  	0.4168    	0.165243  	0.200238  	0.155844  
9.175000	137.153   	142.038   	136.417   	136.417   	0.682955  	0.418575  	0.165722  	0.200747  	0.156316  
9.200000	137.757   	142.663   	137.006   	137.006   	0.686049  	0.420351  	0.166201  	0.201256  	0.156789  
9.225000	138.361   	143.287   	137.594   	137.594   	0.689144  	0.422126  	0.166679  	0.201765  	0.157261  
9.250000	138.965   	143.912   	138.183   	138.183   	0.692238  	0.423902  	0.167158  	0.202275  	0.157734  
9.275000	139.569   	144.536   	138.771   	138.771   	0.695332  	0.425677  	0.167637  	0.202784  	0.158206  
9.300000	140.173   	145.161   	139.36    	139.36    	0.698426  	0.427453  	0.168116  	0.203293  	0.158678  
9.325000	140.777   	145.785   	139.948   	139.948   	0.70152   	0.429229  	0.168594  	0.203802  	0.159151  
9.350000	141.382   	146.409   	140.537   	140.537   	0.704614  	0.431004  	0.169073  	0.204312  	0.159623  
9.375000	141.986   	147.034   	141.125   	141.125   	0.707709  	0.43278   	0.169552  	0.204821  	0.160095  
9.400000	142.59    	147.658   	141.714   	141.714   	0.710803  	0.434555  	0.17003   	0.20533   	0.160568  
9.425000	143.194   	148.283   	142.302   	142.302   	0.713897  	0.436331  	0.170509  	0.205839  	0.16104   
9.450000	143.798   	148.907   	142.891   	142.891   	0.716991  	0.438106  	0.170988  	0.206349  	0.161513  
9.475000	144.402   	149.531   	143.48    	143.48    	0.720085  	0.439882  	0.171466  	0.206858  	0.161985  
9.500000	145.006   	150.156   	144.068   	144.068   	0.72318   	0.441658  	0.171945  	0.207367  	0.162457  
9.525000	145.635   	150.805   	144.68    	144.68    	0.726413  	0.443502  	0.172453  	0.207907  	0.162959  
9.550000	146.263   	151.454   	145.292   	145.292   	0.729647  	0.445346  	0.172961  	0.208447  	0.16346   
9.575000	146.891   	152.103   	145.904   	145.904   	0.732881  	0.447191  	0.173469  	0.208987  	0.163961  
9.600000	147.52    	152.753   	146.516   	146.516   	0.736114  	0.449035  	0.173977  	0.209527  	0.164462  
9.625000	148.148   	153.402   	147.128   	147.128   	0.739348  	0.45088   	0.174485  	0.210067  	0.164963  
9.650000	148.776   	154.051   	147.74    	147.74    	0.742582  	0.452724  	0.174993  	0.210607  	0.165464  
9.675000	149.404   	154.7     	148.352   	148.352   	0.745816  	0.454568  	0.175501  	0.211148  	0.165965  
9.700000	150.033   	155.349   	148.964   	148.964   	0.749049  	0.456413  	0.176009  	0.211688  	0.166467  
9.725000	150.661   	155.999   	149.576   	149.576   	0.752283  	0.458257  	0.176517  	0.212228  	0.166968  
9.750000	151.289   	156.648   	150.188   	150.188   	0.755517  	0.460101  	0.177025  	0.212768  	0.167469  
9.775000	151.918   	157.297   	150.8     	150.8     	0.75875   	0.461946  	0.177533  	0.213308  	0.16797   
9.800000	152.546   	157.946   	151.412   	151.412   	0.761984  	0.46379   	0.178041  	0.213848  	0.168471  
9.825000	153.174   	158.595   	152.024   	152.024   	0.765218  	0.465635  	0.178549  	0.214388  	0.168972  
9.850000	153.802   	159.245   	152.637   	152.637   	0.768451  	0.467479  	0.179057  	0.214928  	0.169473  
9.875000	154.431   	159.894   	153.249   	153.249   	0.771685  	0.469323  	0.179565  	0.215468  	0.169975  
9.900000	155.059   	160.543   	153.861   	153.861   	0.774919  	0.471168  	0.180073  	0.216008  	0.170476  
9.925000	155.687   	161.192   	154.473   	154.473   	0.778153  	0.473012  	0.180581  	0.216548  	0.170977  
9.950000	156.316   	161.841   	155.085   	155.085   	0.781386  	0.474857  	0.181089  	0.217088  	0.171478  
9.975000	156.944   	162.491   	155.697   	155.697   	0.78462   	0.476701  	0.181597  	0.217629  	0.171979  
10.000000	157.572   	163.14    	156.309   	156.309   	0.787854  	0.478545  	0.182105  	0.218169  	0.17248   
10.025000	158.236   	163.804   	156.957   	156.956   	0.791308  	0.480499  	0.182658  	0.218755  	0.173025  
10.050000	158.9     	164.468   	157.605   	157.603   	0.794763  	0.482453  	0.18321   	0.219341  	0.173569  
10.075000	159.565   	165.132   	158.252   	158.251   	0.798218  	0.484406  	0.183762  	0.219927  	0.174114  
10.100000	160.229   	165.797   	158.9     	158.898   	0.801672  	0.48636   	0.184314  	0.220513  	0.174658  
10.125000	160.893   	166.461   	159.548   	159.545   	0.805127  	0.488313  	0.184866  	0.221099  	0.175203  
10.150000	161.557   	167.125   	160.196   	160.193   	0.808582  	0.490267  	0.185418  	0.221685  	0.175747  
10.175000	162.221   	167.789   	160.844   	160.84    	0.812036  	0.492221  	0.18597   	0.222271  	0.176291  
10.200000	162.886   	168.454   	161.492   	161.487   	0.815491  	0.494174  	0.186522  	0.222857  	0.176836  
10.225000	163.55    	169.118   	162.14    	162.135   	0.818946  	0.496128  	0.187074  	0.223444  	0.17738   
10.250000	164.214   	169.782   	162.788   	162.782   	0.8224    	0.498081  	0.187626  	0.22403   	0.177925  
10.275000	164.878   	170.446   	163.436   	163.429   	0.825855  	0.500035  	0.188179  	0.224616  	0.178469  
10.300000	165.542   	171.111   	164.084   	164.077   	0.82931   	0.501989  	0.188731  	0.225202  	0.179014  
10.325000	166.207   	171.775   	164.732   	164.724   	0.832764  	0.503942  	0.189283  	0.225788  	0.179558  
10.350000	166.871   	172.439   	165.38    	165.371   	0.836219  	0.505896  	0.189835  	0.226374  	0.180103  
10.375000	167.535   	173.103   	166.028   	166.019   	0.839674  	0.507849  	0.190387  	0.22696   	0.180647  
10.400000	168.199   	173.768   	166.675   	166.666   	0.843129  	0.509803  	0.190939  	0.227546  	0.181191  
10.425000	168.863   	174.432   	167.323   	167.313   	0.846583  	0.511757  	0.191491  	0.228132  	0.181736  
10.450000	169.528   	175.096   	167.971   	167.961   	0.850038  	0.51371   	0.192043  	0.228718  	0.18228   
10.475000	170.192   	175.76    	168.619   	168.608   	0.853493  	0.515664  	0.192595  	0.229304  	0.182825  
10.500000	170.856   	176.425   	169.267   	169.255   	0.856947  	0.517617  	0.193147  	0.229891  	0.183369  
10.525000	171.52    	177.089   	169.915   	169.903   	0.860402  	0.519571  	0.193699  	0.230477  	0.183914  
10.550000	172.184   	177.753   	170.563   	170.55    	0.863857  	0.521525  	0.194252  	0.231063  	0.184458  
10.575000	172.848   	178.417   	171.211   	171.197   	0.867311  	0.523478  	0.194804  	0.231649  	0.185003  
10.600000	173.513   	179.081   	171.859   	171.845   	0.870766  	0.525432  	0.195356  	0.232235  	0.185547  
10.625000	174.177   	179.746   	172.507   	172.492   	0.874221  	0.527386  	0.195908  	0.232821  	0.186091  
10.650000	174.841   	180.41    	173.155   	173.139   	0.877675  	0.529339  	0.19646   	0.233407  	0.186636  
10.675000	175.505   	181.074   	173.803   	173.787   	0.88113   	0.531293  	0.197012  	0.233993  	0.18718   
10.700000	176.169   	181.738   	174.451   	174.434   	0.884585  	0.533246  	0.197564  	0.234579  	0.187725  
10.725000	176.834   	182.403   	175.098   	175.082   	0.888039  	0.5352    	0.198116  	0.235165  	0.188269  
10.750000	177.498   	183.067   	175.746   	175.729   	0.891494  	0.537154  	0.198668  	0.235751  	0.188814  
10.775000	178.162   	183.731   	176.394   	176.376   	0.894949  	0.539107  	0.19922   	0.236338  	0.189358  
10.800000	178.826   	184.395   	177.042   	177.024   	0.898403  	0.541061  	0.199772  	0.236924  	0.189903  
10.825000	179.49    	185.06    	177.69    	177.671   	0.901858  	0.543014  	0.200325  	0.23751   	0.190447  
10.850000	180.155   	185.724   	178.338   	178.318   	0.905313  	0.544968  	0.200877  	0.238096  	0.190991  
10.875000	180.819   	186.388   	178.986   	178.966   	0.908767  	0.546922  	0.201429  	0.238682  	0.191536  
10.900000	181.483   	187.052   	179.634   	179.613   	0.912222  	0.548875  	0.201981  	0.239268  	0.19208   
10.925000	182.147   	187.717   	180.282   	180.26    	0.915677  	0.550829  	0.202533  	0.239854  	0.192625  
10.950000	182.811   	188.381   	180.93    	180.908   	0.919131  	0.552782  	0.203085  	0.24044   	0.193169  
10.975000	183.476   	189.045   	181.578   	181.555   	0.922586  	0.554736  	0.203637  	0.241026  	0.193714  
11.000000	184.14    	189.709   	182.226   	182.202   	0.926041  	0.55669   	0.204189  	0.241612  	0.194258  
11.025000	184.851   	190.419   	182.922   	182.897   	0.929796  	0.558791  	0.2048    	0.242259  	0.19486   
11.050000	185.563   	191.128   	183.618   	183.591   	0.933551  	0.560893  	0.20541   	0.242906  	0.195462  
11.075000	186.274   	191.838   	184.314   	184.285   	0.937306  	0.562994  	0.206021  	0.243552  	0.196064  
11.100000	186.986   	192.547   	185.01    	184.98    	0.941061  	0.565096  	0.206631  	0.244199  	0.196666  
11.125000	187.698   	193.257   	185.706   	185.674   	0.944817  	0.567197  	0.207242  	0.244846  	0.197268  
11.150000	188.409   	193.966   	186.402   	186.369   	0.948572  	0.569299  	0.207852  	0.245492  	0.19787   
11.175000	189.121   	194.676   	187.098   	187.063   	0.952327  	0.5714    	0.208463  	0.246139  	0.198472  
11.200000	189.832   	195.385   	187.794   	187.757   	0.956082  	0.573502  	0.209073  	0.246785  	0.199073  
11.225000	190.544   	196.094   	188.49    	188.452   	0.959837  	0.575604  	0.209684  	0.247432  	0.199675  
11.250000	191.255   	196.804   	189.186   	189.146   	0.963593  	0.577705  	0.210294  	0.248079  	0.200277  
11.275000	191.967   	197.513   	189.883   	189.84    	0.967348  	0.579807  	0.210904  	0.248725  	0.200879  
11.300000	192.679   	198.223   	190.579   	190.535   	0.971103  	0.581908  	0.211515  	0.249372  	0.201481  
11.325000	193.39    	198.932   	191.275   	191.229   	0.974858  	0.58401   	0.212125  	0.250019  	0.202083  
11.350000	194.102   	199.642   	191.971   	191.924   	0.978613  	0.586111  	0.212736  	0.250665  	0.202685  
11.375000	194.813   	200.351   	192.667   	192.618   	0.982369  	0.588213  	0.213346  	0.251312  	0.203287  
11.400000	195.525   	201.061   	193.363   	193.312   	0.986124  	0.590314  	0.213957  	0.251958  	0.203889  
11.425000	196.236   	201.77    	194.059   	194.007   	0.989879  	0.592416  	0.214567  	0.252605  	0.204491  
11.450000	196.948   	202.48    	194.755   	194.701   	0.993634  	0.594517  	0.215178  	0.253252  	0.205093  
11.475000	197.66    	203.189   	195.451   	195.396   	0.997389  	0.596619  	0.215788  	0.253898  	0.205695  
11.500000	198.371   	203.899   	196.147   	196.09    	1.00114   	0.59872   	0.216399  	0.254545  	0.206297  
11.525000	199.083   	204.608   	196.843   	196.784   	1.0049    	0.600822  	0.217009  	0.255192  	0.206899  
11.550000	199.794   	205.317   	197.54    	197.479   	1.00865   	0.602924  	0.21762   	0.255838  	0.2075    
11.575000	200.506   	206.027   	198.236   	198.173   	1.01241   	0.605025  	0.21823   	0.256485  	0.208102  
11.600000	201.218   	206.736   	198.932   	198.867   	1.01617   	0.607127  	0.218841  	0.257131  	0.208704  
11.625000	201.929   	207.446   	199.628   	199.562   	1.01992   	0.609228  	0.219451  	0.257778  	0.209306  
11.650000	202.641   	208.155   	200.324   	200.256   	1.02368   	0.61133   	0.220062  	0.258425  	0.209908  
11.675000	203.352   	208.865   	201.02    	200.951   	1.02743   	0.613431  	0.220672  	0.259071  	0.21051   
11.700000	204.064   	209.574   	201.716   	201.645   	1.03119   	0.615533  	0.221283  	0.259718  	0.211112  
11.725000	204.775   	210.284   	202.412   	202.339   	1.03494   	0.617634  	0.221893  	0.260365  	0.211714  
11.750000	205.487   	210.993   	203.108   	203.034   	1.0387    	0.619736  	0.222504  	0.261011  	0.212316  
11.775000	206.199   	211.703   	203.804   	203.728   	1.04245   	0.621837  	0.223114  	0.261658  	0.212918  
11.800000	206.91    	212.412   	204.5     	204.423   	1.04621   	0.623939  	0.223725  	0.262304  	0.21352   
11.825000	207.622   	213.122   	205.196   	205.117   	1.04996   	0.626041  	0.224335  	0.262951  	0.214122  
11.850000	208.333   	213.831   	205.893   	205.811   	1.05372   	0.628142  	0.224945  	0.263598  	0.214724  
11.875000	209.045   	214.54    	206.589   	206.506   	1.05747   	0.630244  	0.225556  	0.264244  	0.215325  
11.900000	209.756   	215.25    	207.285   	207.2     	1.06123   	0.632345  	0.226166  	0.264891  	0.215927  
11.925000	210.468   	215.959   	207.981   	207.894   	1.06498   	0.634447  	0.226777  	0.265538  	0.216529  
11.950000	211.18    	216.669   	208.677   	208.589   	1.06874   	0.636548  	0.227387  	0.266184  	0.217131  
11.975000	211.891   	217.378   	209.373   	209.283   	1.07249   	0.63865   	0.227998  	0.266831  	0.217733  
12.000000	212.603   	218.088   	210.069   	209.978   	1.07625   	0.640751  	0.228608  	0.267477  	0.218335  
12.025000	213.361   	218.842   	210.813   	210.719   	1.0803    	0.642998  	0.229276  	0.268182  	0.218993  
12.050000	214.12    	219.597   	211.557   	211.46    	1.08435   	0.645245  	0.229943  	0.268887  	0.219651  
12.075000	214.878   	220.351   	212.301   	212.201   	1.08841   	0.647492  	0.23061   	0.269592  	0.220309  
12.100000	215.636   	221.106   	213.045   	212.943   	1.09246   	0.649739  	0.231277  	0.270297  	0.220967  
12.125000	216.395   	221.86    	213.789   	213.684   	1.09651   	0.651986  	0.231944  	0.271002  	0.221625  
12.150000	217.153   	222.614   	214.533   	214.425   	1.10057   	0.654232  	0.232612  	0.271707  	0.222283  
12.175000	217.912   	223.369   	215.277   	215.166   	1.10462   	0.656479  	0.233279  	0.272412  	0.222941  
12.200000	218.67    	224.123   	216.021   	215.908   	1.10867   	0.658726  	0.233946  	0.273117  	0.223599  
12.225000	219.428   	224.878   	216.765   	216.649   	1.11273   	0.660973  	0.234613  	0.273821  	0.224257  
12.250000	220.187   	225.632   	217.509   	217.39    	1.11678   	0.66322   	0.235281  	0.274526  	0.224915  
12.275000	220.945   	226.387   	218.253   	218.131   	1.12083   	0.665467  	0.235948  	0.275231  	0.225573  
12.300000	221.704   	227.141   	218.997   	218.873   	1.12489   	0.667714  	0.236615  	0.275936  	0.226231  
12.325000	222.462   	227.896   	219.741   	219.614   	1.12894   	0.66996   	0.237282  	0.276641  	0.226889  
12.350000	223.22    	228.65    	220.485   	220.355   	1.13299   	0.672207  	0.23795   	0.277346  	0.227547  
12.375000	223.979   	229.404   	221.229   	221.096   	1.13705   	0.674454  	0.238617  	0.278051  	0.228205  
12.400000	224.737   	230.159   	221.973   	221.838   	1.1411    	0.676701  	0.239284  	0.278756  	0.228863  
12.425000	225.496   	230.913   	222.717   	222.579   	1.14515   	0.678948  	0.239951  	0.279461  	0.229521  
12.450000	226.254   	231.668   	223.461   	223.32    	1.14921   	0.681195  	0.240618  	0.280165  	0.230178  
12.475000	227.012   	232.422   	224.205   	224.061   	1.15326   	0.683442  	0.241286  	0.28087   	0.230836  
12.500000	227.771   	233.177   	224.949   	224.803   	1.15731   	0.685688  	0.241953  	0.281575  	0.231494  
12.525000	228.529   	233.931   	225.693   	225.544   	1.16137   	0.687935  	0.24262   	0.28228   	0.232152  
12.550000	229.288   	234.685   	226.437   	226.285   	1.16542   	0.690182  	0.243287  	0.282985  	0.23281   
12.575000	230.046   	235.44    	227.181   	227.026   	1.16947   	0.692429  	0.243955  	0.28369   	0.233468  
12.600000	230.804   	236.194   	227.925   	227.768   	1.17353   	0.694676  	0.244622  	0.284395  	0.234126  
12.625000	231.563   	236.949   	228.669   	228.509   	1.17758   	0.696923  	0.245289  	0.2851    	0.234784  
12.650000	232.321   	237.703   	229.413   	229.25    	1.18163   	0.69917   	0.245956  	0.285805  	0.235442  
12.675000	233.08    	238.458   	230.157   	229.991   	1.18568   	0.701416  	0.246624  	0.286509  	0.2361    
12.700000	233.838   	239.212   	230.901   	230.733   	1.18974   	0.703663  	0.247291  	0.287214  	0.236758  
12.725000	234.597   	239.967   	231.645   	231.474   	1.19379   	0.70591   	0.247958  	0.287919  	0.237416  
12.750000	235.355   	240.721   	232.389   	232.215   	1.19784   	0.708157  	0.248625  	0.288624  	0.238074  
12.775000	236.113   	241.475   	233.133   	232.956   	1.2019    	0.710404  	0.249292  	0.289329  	0.238732  
12.800000	236.872   	242.23    	233.877   	233.698   	1.20595   	0.712651  	0.24996   	0.290034  	0.23939   
12.825000	237.63    	242.984   	234.621   	234.439   	1.21      	0.714898  	0.250627  	0.290739  	0.240048  
12.850000	238.389   	243.739   	235.365   	235.18    	1.21406   	0.717144  	0.251294  	0.291444  	0.240706  
12.875000	239.147   	244.493   	236.109   	235.921   	1.21811   	0.719391  	0.251961  	0.292149  	0.241364  
12.900000	239.905   	245.248   	236.853   	236.663   	1.22216   	0.721638  	0.252629  	0.292853  	0.242022  
12.925000	240.664   	246.002   	237.597   	237.404   	1.22622   	0.723885  	0.253296  	0.293558  	0.24268   
12.950000	241.422   	246.756   	238.341   	238.145   	1.23027   	0.726132  	0.253963  	0.294263  	0.243338  
12.975000	242.181   	247.511   	239.085   	238.886   	1.23432   	0.728379  	0.25463   	0.294968  	0.243996  
13.000000	242.939   	248.265   	239.829   	239.628   	1.23838   	0.730626  	0.255298  	0.295673  	0.244654  
13.025000	243.744   	249.065   	240.621   	240.415   	1.24273   	0.733015  	0.256021  	0.296435  	0.245367  
13.050000	244.548   	249.864   	241.413   	241.203   	1.24707   	0.735405  	0.256743  	0.297196  	0.24608   
13.075000	245.353   	250.663   	242.204   	241.991   	1.25142   	0.737795  	0.257466  	0.297958  	0.246793  
13.100000	246.158   	251.462   	242.996   	242.779   	1.25577   	0.740185  	0.258189  	0.29872   	0.247506  
13.125000	246.963   	252.261   	243.788   	243.567   	1.26012   	0.742575  	0.258912  	0.299481  	0.248219  
13.150000	247.767   	253.06    	244.579   	244.355   	1.26447   	0.744965  	0.259635  	0.300243  	0.248932  
13.175000	248.572   	253.859   	245.371   	245.143   	1.26882   	0.747355  	0.260358  	0.301005  	0.249646  
13.200000	249.377   	254.659   	246.163   	245.931   	1.27317   	0.749744  	0.261081  	0.301766  	0.250359  
13.225000	250.181   	255.458   	246.954   	246.719   	1.27752   	0.752134  	0.261804  	0.302528  	0.251072  
13.250000	250.986   	256.257   	247.746   	247.507   	1.28186   	0.754524  	0.262527  	0.30329   	0.251785  
13.275000	251.791   	257.056   	248.538   	248.295   	1.28621   	0.756914  	0.26325   	0.304051  	0.252498  
13.300000	252.596   	257.855   	249.329   	249.082   	1.29056   	0.759304  	0.263973  	0.304813  	0.253211  
13.325000	253.4     	258.654   	250.121   	249.87    	1.29491   	0.761694  	0.264696  	0.305575  	0.253924  
13.350000	254.205   	259.454   	250.912   	250.658   	1.29926   	0.764084  	0.265419  	0.306336  	0.254637  
13.375000	255.01    	260.253   	251.704   	251.446   	1.30361   	0.766473  	0.266142  	0.307098  	0.25535   
13.400000	255.814   	261.052   	252.496   	252.234   	1.30796   	0.768863  	0.266865  	0.30786   	0.256064  
13.425000	256.619   	261.851   	253.287   	253.022   	1.31231   	0.771253  	0.267588  	0.308621  	0.256777  
13.450000	257.424   	262.65    	254.079   	253.81    	1.31665   	0.773643  	0.268311  	0.309383  	0.25749   
13.475000	258.228   	263.449   	254.871   	254.598   	1.321     	0.776033  	0.269034  	0.310145  	0.258203  
13.500000	259.033   	264.248   	255.662   	255.386   	1.32535   	0.778423  	0.269757  	0.310906  	0.258916  
13.525000	259.838   	265.048   	256.454   	256.174   	1.3297    	0.780812  	0.27048   	0.311668  	0.259629  
13.550000	260.643   	265.847   	257.246   	256.962   	1.33405   	0.783202  	0.271202  	0.312429  	0.260342  
13.575000	261.447   	266.646   	258.037   	257.749   	1.3384    	0.785592  	0.271925  	0.313191  	0.261055  
13.600000	262.252   	267.445   	258.829   	258.537   	1.34275   	0.787982  	0.272648  	0.313953  	0.261768  
13.625000	263.057   	268.244   	259.621   	259.325   	1.3471    	0.790372  	0.273371  	0.314714  	0.262482  
13.650000	263.861   	269.043   	260.412   	260.113   	1.35144   	0.792762  	0.274094  	0.315476  	0.263195  
13.675000	264.666   	269.843   	261.204   	260.901   	1.35579   	0.795152  	0.274817  	0.316238  	0.263908  
13.700000	265.471   	270.642   	261.996   	261.689   	1.36014   	0.797541  	0.27554   	0.316999  	0.264621  
13.725000	266.276   	271.441   	262.787   	262.477   	1.36449   	0.799931  	0.276263  	0.317761  	0.265334  
13.750000	267.08    	272.24    	263.579   	263.265   	1.36884   	0.802321  	0.276986  	0.318523  	0.266047  
13.775000	267.885   	273.039   	264.37    	264.053   	1.37319   	0.804711  	0.277709  	0.319284  	0.26676   
13.800000	268.69    	273.838   	265.162   	264.841   	1.37754   	0.807101  	0.278432  	0.320046  	0.267473  
13.825000	269.494   	274.637   	265.954   	265.628   	1.38189   	0.809491  	0.279155  	0.320808  	0.268187  
13.850000	270.299   	275.437   	266.745   	266.416   	1.38623   	0.811881  	0.279878  	0.321569  	0.2689    
13.875000	271.104   	276.236   	267.537   	267.204   	1.39058   	0.81427   	0.280601  	0.322331  	0.269613  
13.900000	271.909   	277.035   	268.329   	267.992   	1.39493   	0.81666   	0.281324  	0.323093  	0.270326  
13.925000	272.713   	277.834   	269.12    	268.78    	1.39928   	0.81905   	0.282047  	0.323854  	0.271039  
13.950000	273.518   	278.633   	269.912   	269.568   	1.40363   	0.82144   	0.28277   	0.324616  	0.271752  
13.975000	274.323   	279.432   	270.704   	270.356   	1.40798   	0.82383   	0.283493  	0.325378  	0.272465  
14.000000	275.127   	280.232   	271.495   	271.144   	1.41233   	0.82622   	0.284216  	0.326139  	0.273178  
14.025000	275.978   	281.075   	272.334   	271.978   	1.41697   	0.828751  	0.284993  	0.326956  	0.273945  
14.050000	276.828   	281.919   	273.173   	272.812   	1.42161   	0.831282  	0.28577   	0.327772  	0.274712  
14.075000	277.679   	282.762   	274.012   	273.647   	1.42625   	0.833813  	0.286547  	0.328589  	0.275479  
14.100000	278.529   	283.606   	274.851   	274.481   	1.43089   	0.836344  	0.287325  	0.329405  	0.276246  
14.125000	279.38    	284.45    	275.69    	275.315   	1.43554   	0.838875  	0.288102  	0.330222  	0.277013  
14.150000	280.231   	285.293   	276.529   	276.15    	1.44018   	0.841406  	0.288879  	0.331038  	0.277781  
14.175000	281.081   	286.137   	277.368   	276.984   	1.44482   	0.843937  	0.289656  	0.331855  	0.278548  
14.200000	281.932   	286.98    	278.207   	277.818   	1.44946   	0.846468  	0.290434  	0.332671  	0.279315  
14.225000	282.782   	287.824   	279.046   	278.653   	1.45411   	0.848999  	0.291211  	0.333488  	0.280082  
14.250000	283.633   	288.668   	279.885   	279.487   	1.45875   	0.85153   	0.291988  	0.334304  	0.280849  
14.275000	284.483   	289.511   	280.724   	280.321   	1.46339   	0.854061  	0.292766  	0.335121  	0.281616  
14.300000	285.334   	290.355   	281.563   	281.156   	1.46803   	0.856592  	0.293543  	0.335937  	0.282383  
14.325000	286.184   	291.198   	282.402   	281.99    	1.47267   	0.859122  	0.29432   	0.336754  	0.28315   
