Energy (MeV/u)	0 - [He-base] F.Hubert et al, AD&ND Tables 46(1990)1	1 - [H -base] J.F.Ziegler et al, Pergamon Press, NY (low energy)	2 - ATIMA 1.2  LS-theory (recommended for high energy)	3 - ATIMA 1.2  without LS-correction	4 - Range straggling - method [0] - LISE	5 - Range straggling - method [1] - Atima	6 - Lateral range - method [0] - LISE	7 - Lateral range - method [1] - Atima	8 - Lateral range - method [2] - PDG
0.000000	-	-	-	-	-	-	-	-	-
0.002500	0.0851832 	0.0875062 	0.0928586 	0.0928586 	0.00503741	0.00503741	0.000298841	0.000503961	0.000218865
0.005000	0.164962  	0.171008  	0.177915  	0.177915  	0.0058938 	0.0058938 	0.000757145	0.00124912	0.000571157
0.007500	0.237587  	0.247022  	0.250744  	0.250744  	0.00592958	0.00592958	0.00127343	0.00206993	0.000978404
0.010000	0.306308  	0.31895   	0.31761   	0.31761   	0.00608131	0.00608131	0.00179916	0.00289872	0.00139693
0.012500	0.367342  	0.382832  	0.376767  	0.376767  	0.00644792	0.00644792	0.00234206	0.00374363	0.00183498
0.015000	0.428376  	0.446713  	0.435923  	0.435923  	0.00681453	0.00681453	0.00288495	0.00458854	0.00227303
0.017500	0.480536  	0.501308  	0.48791   	0.48791   	0.00727169	0.00727169	0.00342871	0.00542705	0.00271584
0.020000	0.532696  	0.555902  	0.539896  	0.539896  	0.00772884	0.00772884	0.00397246	0.00626556	0.00315865
0.022500	0.578235  	0.603566  	0.58611   	0.58611   	0.00816097	0.00816097	0.00450274	0.00707904	0.00359271
0.025000	0.623775  	0.651231  	0.632323  	0.632323  	0.0085931 	0.0085931 	0.00503302	0.00789253	0.00402676
0.027500	0.664023  	0.693357  	0.674437  	0.674437  	0.00898502	0.00898502	0.00555324	0.008687  	0.00445446
0.030000	0.704272  	0.735484  	0.716552  	0.716552  	0.00937694	0.00937694	0.00607345	0.00948148	0.00488216
0.032500	0.740699  	0.773612  	0.755854  	0.755854  	0.00973731	0.00973731	0.00659081	0.0102681 	0.00530935
0.035000	0.777127  	0.811739  	0.795157  	0.795157  	0.0100977 	0.0100977 	0.00710817	0.0110546 	0.00573654
0.037500	0.810763  	0.846945  	0.832135  	0.832135  	0.0104263 	0.0104263 	0.00753889	0.011708  	0.00609298
0.040000	0.8444    	0.882151  	0.869113  	0.869113  	0.010755  	0.010755  	0.00796961	0.0123613 	0.00644942
0.042500	0.875993  	0.915219  	0.904149  	0.904149  	0.0110552 	0.0110552 	0.00833125	0.012909  	0.00674916
0.045000	0.907587  	0.948287  	0.939186  	0.939186  	0.0113553 	0.0113553 	0.0086929 	0.0134567 	0.00704889
0.047500	0.937859  	0.979971  	0.972587  	0.972587  	0.0116308 	0.0115026 	0.0090039 	0.0139271 	0.00730693
0.050000	0.96813   	1.01166   	1.00599   	1.00599   	0.0119062 	0.0116498 	0.0093149 	0.0143975 	0.00756497
0.052500	0.997161  	1.04204   	1.038     	1.038     	0.0121607 	0.0117157 	0.00959545	0.0148216 	0.00779792
0.055000	1.02619   	1.07243   	1.07001   	1.07001   	0.0124151 	0.0117817 	0.009876  	0.0152456 	0.00803086
0.057500	1.05386   	1.10139   	1.10083   	1.10083   	0.0126517 	0.0118446 	0.0101333 	0.0156342 	0.00824457
0.060000	1.08153   	1.13035   	1.13165   	1.13165   	0.0128882 	0.0119075 	0.0103905 	0.0160228 	0.00845828
0.062500	1.10766   	1.1577    	1.16099   	1.16099   	0.0131033 	0.0119668 	0.0106234 	0.0163744 	0.00865183
0.065000	1.13379   	1.18504   	1.19034   	1.19034   	0.0133183 	0.0120261 	0.0108562 	0.016726  	0.00884537
0.067500	1.15992   	1.21239   	1.21968   	1.21968   	0.0135333 	0.0120854 	0.0110891 	0.0170775 	0.00903892
0.070000	1.18605   	1.23974   	1.24903   	1.24903   	0.0137483 	0.0121448 	0.011322  	0.0174291 	0.00923246
0.072500	1.21048   	1.26532   	1.27681   	1.27681   	0.0139411 	0.0122004 	0.011535  	0.0177505 	0.00940965
0.075000	1.23492   	1.29089   	1.30459   	1.30459   	0.0141339 	0.0122561 	0.0117481 	0.018072  	0.00958684
0.077500	1.25935   	1.31647   	1.33237   	1.33237   	0.0143267 	0.0123118 	0.0119611 	0.0183934 	0.00976403
0.080000	1.28379   	1.34205   	1.36015   	1.36015   	0.0145195 	0.0123675 	0.0121742 	0.0187149 	0.00994122
0.082500	1.30682   	1.36615   	1.38672   	1.38672   	0.0146959 	0.0124206 	0.012377  	0.0190207 	0.01011   
0.085000	1.32985   	1.39025   	1.41329   	1.41329   	0.0148722 	0.0124737 	0.0125798 	0.0193264 	0.0102788 
0.087500	1.35288   	1.41436   	1.43986   	1.43986   	0.0150486 	0.0125268 	0.0127826 	0.0196322 	0.0104476 
0.090000	1.37591   	1.43846   	1.46643   	1.46643   	0.0152249 	0.0125799 	0.0129854 	0.0199379 	0.0106164 
0.092500	1.3979    	1.46148   	1.49204   	1.49204   	0.0153888 	0.0126312 	0.0131764 	0.0202254 	0.0107756 
0.095000	1.41989   	1.4845    	1.51766   	1.51766   	0.0155527 	0.0126825 	0.0133674 	0.0205129 	0.0109348 
0.097500	1.44189   	1.50752   	1.54328   	1.54328   	0.0157166 	0.0127338 	0.0135585 	0.0208004 	0.011094  
0.100000	1.46388   	1.53054   	1.56889   	1.56889   	0.0158805 	0.0127851 	0.0137495 	0.0210879 	0.0112532 
0.102500	1.48519   	1.55285   	1.59343   	1.59343   	0.0160309 	0.0128346 	0.0139349 	0.0213664 	0.0114081 
0.105000	1.5065    	1.57515   	1.61798   	1.61798   	0.0161814 	0.0128842 	0.0141204 	0.021645  	0.0115629 
0.107500	1.52781   	1.59745   	1.64252   	1.64252   	0.0163318 	0.0129337 	0.0143059 	0.0219235 	0.0117178 
0.110000	1.54912   	1.61975   	1.66706   	1.66706   	0.0164822 	0.0129833 	0.0144913 	0.0222021 	0.0118727 
0.112500	1.57042   	1.64206   	1.69161   	1.69161   	0.0166327 	0.0130328 	0.0146768 	0.0224806 	0.0120276 
0.115000	1.59173   	1.66436   	1.71615   	1.71615   	0.0167831 	0.0130823 	0.0148623 	0.0227592 	0.0121825 
0.117500	1.61304   	1.68666   	1.74069   	1.74069   	0.0169335 	0.0131319 	0.0150478 	0.0230378 	0.0123373 
0.120000	1.63435   	1.70896   	1.76524   	1.76524   	0.017084  	0.0131814 	0.0152332 	0.0233163 	0.0124922 
0.122500	1.65523   	1.73082   	1.78874   	1.78874   	0.017222  	0.0132297 	0.0154134 	0.0235858 	0.0126431 
0.125000	1.67611   	1.75267   	1.81225   	1.81225   	0.0173599 	0.013278  	0.0155935 	0.0238553 	0.012794  
0.127500	1.69699   	1.77452   	1.83576   	1.83576   	0.0174979 	0.0133263 	0.0157736 	0.0241248 	0.0129449 
0.130000	1.71787   	1.79638   	1.85926   	1.85926   	0.0176359 	0.0133745 	0.0159537 	0.0243943 	0.0130959 
0.132500	1.73875   	1.81823   	1.88277   	1.88277   	0.0177738 	0.0134228 	0.0161338 	0.0246638 	0.0132468 
0.135000	1.75963   	1.84009   	1.90628   	1.90628   	0.0179118 	0.0134711 	0.016314  	0.0249333 	0.0133977 
0.137500	1.78051   	1.86194   	1.92978   	1.92978   	0.0180498 	0.0135194 	0.0164941 	0.0252028 	0.0135486 
0.140000	1.80139   	1.88379   	1.95329   	1.95329   	0.0181877 	0.0135676 	0.0166742 	0.0254724 	0.0136995 
0.142500	1.82194   	1.90531   	1.97606   	1.97606   	0.0183172 	0.0136167 	0.0168512 	0.0257361 	0.0138483 
0.145000	1.8425    	1.92683   	1.99884   	1.99884   	0.0184466 	0.0136657 	0.0170282 	0.0259998 	0.0139972 
0.147500	1.86306   	1.94835   	2.02161   	2.02161   	0.018576  	0.0137147 	0.0172053 	0.0262635 	0.014146  
0.150000	1.88362   	1.96987   	2.04438   	2.04438   	0.0187055 	0.0137637 	0.0173823 	0.0265272 	0.0142949 
0.152500	1.90418   	1.99138   	2.06716   	2.06716   	0.0188349 	0.0138128 	0.0175593 	0.0267909 	0.0144437 
0.155000	1.92474   	2.0129    	2.08993   	2.08993   	0.0189643 	0.0138618 	0.0177363 	0.0270546 	0.0145926 
0.157500	1.9453    	2.03442   	2.11271   	2.11271   	0.0190937 	0.0139108 	0.0179133 	0.0273183 	0.0147414 
0.160000	1.96585   	2.05594   	2.13548   	2.13548   	0.0192232 	0.0139599 	0.0180903 	0.027582  	0.0148903 
0.162500	1.9861    	2.07713   	2.15771   	2.15771   	0.0193463 	0.0140126 	0.0182655 	0.0278419 	0.0150382 
0.165000	2.00635   	2.09833   	2.17994   	2.17994   	0.0194694 	0.0140654 	0.0184408 	0.0281018 	0.0151861 
0.167500	2.0266    	2.11952   	2.20217   	2.20217   	0.0195926 	0.0141182 	0.018616  	0.0283617 	0.015334  
0.170000	2.04685   	2.14071   	2.2244    	2.2244    	0.0197157 	0.0141709 	0.0187913 	0.0286216 	0.0154819 
0.172500	2.0671    	2.16191   	2.24662   	2.24662   	0.0198389 	0.0142237 	0.0189665 	0.0288815 	0.0156298 
0.175000	2.08735   	2.1831    	2.26885   	2.26885   	0.019962  	0.0142765 	0.0191417 	0.0291414 	0.0157777 
0.177500	2.1076    	2.2043    	2.29108   	2.29108   	0.0200851 	0.0143292 	0.019317  	0.0294013 	0.0159256 
0.180000	2.12785   	2.22549   	2.31331   	2.31331   	0.0202083 	0.014382  	0.0194922 	0.0296612 	0.0160735 
0.182500	2.1477    	2.24627   	2.33512   	2.33512   	0.0203265 	0.0144375 	0.0196644 	0.0299152 	0.0162194 
0.185000	2.16755   	2.26704   	2.35692   	2.35692   	0.0204447 	0.0144929 	0.0198366 	0.0301693 	0.0163653 
0.187500	2.1874    	2.28782   	2.37873   	2.37873   	0.0205629 	0.0145484 	0.0200087 	0.0304234 	0.0165112 
0.190000	2.20725   	2.30859   	2.40053   	2.40053   	0.0206811 	0.0146039 	0.0201809 	0.0306774 	0.0166571 
0.192500	2.2271    	2.32937   	2.42234   	2.42234   	0.0207993 	0.0146593 	0.020353  	0.0309315 	0.016803  
0.195000	2.24695   	2.35015   	2.44414   	2.44414   	0.0209176 	0.0147148 	0.0205252 	0.0311855 	0.0169489 
0.197500	2.2668    	2.37092   	2.46595   	2.46595   	0.0210358 	0.0147703 	0.0206974 	0.0314396 	0.0170948 
0.200000	2.28665   	2.3917    	2.48776   	2.48776   	0.021154  	0.0148257 	0.0208695 	0.0316937 	0.0172408 
0.202500	2.30599   	2.41195   	2.50902   	2.50902   	0.0212657 	0.0148839 	0.02104   	0.0319432 	0.0173861 
0.205000	2.32534   	2.4322    	2.53027   	2.53027   	0.0213773 	0.0149421 	0.0212105 	0.0321927 	0.0175315 
0.207500	2.34468   	2.45245   	2.55153   	2.55153   	0.021489  	0.0150002 	0.0213809 	0.0324423 	0.0176769 
0.210000	2.36403   	2.47269   	2.57279   	2.57279   	0.0216007 	0.0150584 	0.0215514 	0.0326918 	0.0178223 
0.212500	2.38338   	2.49294   	2.59405   	2.59405   	0.0217123 	0.0151165 	0.0217218 	0.0329414 	0.0179677 
0.215000	2.40272   	2.51319   	2.61531   	2.61531   	0.021824  	0.0151747 	0.0218923 	0.0331909 	0.0181131 
0.217500	2.42207   	2.53344   	2.63657   	2.63657   	0.0219357 	0.0152329 	0.0220628 	0.0334404 	0.0182585 
0.220000	2.44141   	2.55369   	2.65783   	2.65783   	0.0220474 	0.015291  	0.0222332 	0.03369   	0.0184039 
0.222500	2.46076   	2.57394   	2.67909   	2.67909   	0.022159  	0.0153492 	0.0224037 	0.0339395 	0.0185493 
0.225000	2.4801    	2.59419   	2.70035   	2.70035   	0.0222707 	0.0154074 	0.0225742 	0.0341891 	0.0186947 
0.227500	2.49945   	2.61443   	2.72161   	2.72161   	0.0223824 	0.0154655 	0.0227446 	0.0344386 	0.0188401 
0.230000	2.5188    	2.63468   	2.74287   	2.74287   	0.022494  	0.0155237 	0.0229151 	0.0346882 	0.0189855 
0.232500	2.53814   	2.65493   	2.76413   	2.76413   	0.0226057 	0.0155818 	0.0230856 	0.0349377 	0.0191309 
0.235000	2.55749   	2.67518   	2.78539   	2.78539   	0.0227174 	0.01564   	0.023256  	0.0351872 	0.0192762 
0.237500	2.57683   	2.69543   	2.80665   	2.80665   	0.0228291 	0.0156982 	0.0234265 	0.0354368 	0.0194216 
0.240000	2.59618   	2.71568   	2.82791   	2.82791   	0.0229407 	0.0157563 	0.0235969 	0.0356863 	0.019567  
0.242500	2.61553   	2.73593   	2.84917   	2.84917   	0.0230524 	0.0158145 	0.0237674 	0.0359359 	0.0197124 
0.245000	2.63487   	2.75617   	2.87043   	2.87043   	0.0231641 	0.0158727 	0.0239379 	0.0361854 	0.0198578 
0.247500	2.65422   	2.77642   	2.89169   	2.89169   	0.0232757 	0.0159308 	0.0241083 	0.0364349 	0.0200032 
0.250000	2.67356   	2.79667   	2.91294   	2.91294   	0.0233874 	0.015989  	0.0242788 	0.0366845 	0.0201486 
0.252500	2.69244   	2.81643   	2.93365   	2.93365   	0.023492  	0.0160488 	0.0244442 	0.0369238 	0.020291  
0.255000	2.71131   	2.83618   	2.95435   	2.95435   	0.0235966 	0.0161087 	0.0246096 	0.037163  	0.0204334 
0.257500	2.73018   	2.85593   	2.97505   	2.97505   	0.0237013 	0.0161685 	0.024775  	0.0374023 	0.0205757 
0.260000	2.74905   	2.87569   	2.99576   	2.99576   	0.0238059 	0.0162284 	0.0249404 	0.0376416 	0.0207181 
0.262500	2.76793   	2.89544   	3.01646   	3.01646   	0.0239105 	0.0162882 	0.0251059 	0.0378809 	0.0208605 
0.265000	2.7868    	2.91519   	3.03716   	3.03716   	0.0240151 	0.0163481 	0.0252713 	0.0381202 	0.0210029 
0.267500	2.80567   	2.93495   	3.05786   	3.05786   	0.0241197 	0.0164079 	0.0254367 	0.0383595 	0.0211453 
0.270000	2.82455   	2.9547    	3.07857   	3.07857   	0.0242244 	0.0164678 	0.0256021 	0.0385988 	0.0212876 
0.272500	2.84342   	2.97445   	3.09927   	3.09927   	0.024329  	0.0165276 	0.0257675 	0.038838  	0.02143   
0.275000	2.86229   	2.99421   	3.11997   	3.11997   	0.0244336 	0.0165875 	0.0259329 	0.0390773 	0.0215724 
0.277500	2.88116   	3.01396   	3.14067   	3.14067   	0.0245382 	0.0166473 	0.0260983 	0.0393166 	0.0217148 
0.280000	2.90004   	3.03371   	3.16138   	3.16138   	0.0246428 	0.0167072 	0.0262637 	0.0395559 	0.0218572 
0.282500	2.91891   	3.05347   	3.18208   	3.18208   	0.0247475 	0.016767  	0.0264292 	0.0397952 	0.0219995 
0.285000	2.93778   	3.07322   	3.20278   	3.20278   	0.0248521 	0.0168269 	0.0265946 	0.0400345 	0.0221419 
0.287500	2.95666   	3.09297   	3.22348   	3.22348   	0.0249567 	0.0168867 	0.02676   	0.0402737 	0.0222843 
0.290000	2.97553   	3.11273   	3.24419   	3.24419   	0.0250613 	0.0169466 	0.0269254 	0.040513  	0.0224267 
0.292500	2.9944    	3.13248   	3.26489   	3.26489   	0.0251659 	0.0170064 	0.0270908 	0.0407523 	0.0225691 
0.295000	3.01327   	3.15224   	3.28559   	3.28559   	0.0252706 	0.0170663 	0.0272562 	0.0409916 	0.0227114 
0.297500	3.03215   	3.17199   	3.3063    	3.3063    	0.0253752 	0.0171261 	0.0274216 	0.0412309 	0.0228538 
0.300000	3.05102   	3.19174   	3.327     	3.327     	0.0254798 	0.017186  	0.027587  	0.0414702 	0.0229962 
0.302500	3.06947   	3.21105   	3.34732   	3.34732   	0.0255792 	0.0172461 	0.0277469 	0.0416988 	0.0231349 
0.305000	3.08792   	3.23036   	3.36764   	3.36764   	0.0256786 	0.0173063 	0.0279067 	0.0419275 	0.0232736 
0.307500	3.10637   	3.24967   	3.38796   	3.38796   	0.025778  	0.0173665 	0.0280665 	0.0421561 	0.0234123 
0.310000	3.12481   	3.26898   	3.40828   	3.40828   	0.0258774 	0.0174266 	0.0282264 	0.0423848 	0.023551  
0.312500	3.14326   	3.28829   	3.4286    	3.4286    	0.0259768 	0.0174868 	0.0283862 	0.0426134 	0.0236897 
0.315000	3.16171   	3.3076    	3.44892   	3.44892   	0.0260762 	0.017547  	0.028546  	0.0428421 	0.0238284 
0.317500	3.18016   	3.32691   	3.46924   	3.46924   	0.0261756 	0.0176071 	0.0287059 	0.0430707 	0.0239672 
0.320000	3.19861   	3.34622   	3.48956   	3.48956   	0.026275  	0.0176673 	0.0288657 	0.0432994 	0.0241059 
0.322500	3.21706   	3.36553   	3.50988   	3.50988   	0.0263743 	0.0177275 	0.0290255 	0.043528  	0.0242446 
0.325000	3.23551   	3.38484   	3.5302    	3.5302    	0.0264737 	0.0177876 	0.0291853 	0.0437567 	0.0243833 
0.327500	3.25396   	3.40415   	3.55052   	3.55052   	0.0265731 	0.0178478 	0.0293452 	0.0439853 	0.024522  
0.330000	3.2724    	3.42346   	3.57084   	3.57084   	0.0266725 	0.017908  	0.029505  	0.044214  	0.0246607 
0.332500	3.29085   	3.44277   	3.59116   	3.59116   	0.0267719 	0.0179681 	0.0296648 	0.0444426 	0.0247994 
0.335000	3.3093    	3.46208   	3.61148   	3.61148   	0.0268713 	0.0180283 	0.0298247 	0.0446713 	0.0249381 
0.337500	3.32775   	3.48139   	3.6318    	3.6318    	0.0269707 	0.0180885 	0.0299845 	0.0448999 	0.0250768 
0.340000	3.3462    	3.50069   	3.65213   	3.65213   	0.0270701 	0.0181486 	0.0301443 	0.0451286 	0.0252155 
0.342500	3.36465   	3.52      	3.67245   	3.67245   	0.0271695 	0.0182088 	0.0303041 	0.0453573 	0.0253542 
0.345000	3.3831    	3.53931   	3.69277   	3.69277   	0.0272689 	0.018269  	0.030464  	0.0455859 	0.0254929 
0.347500	3.40154   	3.55862   	3.71309   	3.71309   	0.0273683 	0.0183292 	0.0306238 	0.0458146 	0.0256317 
0.350000	3.41999   	3.57793   	3.73341   	3.73341   	0.0274677 	0.0183893 	0.0307836 	0.0460432 	0.0257704 
0.352500	3.43802   	3.5968    	3.75343   	3.75343   	0.0275626 	0.0184489 	0.030941  	0.0462661 	0.0259079 
0.355000	3.45605   	3.61567   	3.77345   	3.77345   	0.0276576 	0.0185086 	0.0310984 	0.0464889 	0.0260455 
0.357500	3.47407   	3.63454   	3.79347   	3.79347   	0.0277525 	0.0185682 	0.0312557 	0.0467117 	0.026183  
0.360000	3.4921    	3.6534    	3.81349   	3.81349   	0.0278474 	0.0186278 	0.0314131 	0.0469346 	0.0263206 
0.362500	3.51013   	3.67227   	3.83351   	3.83351   	0.0279424 	0.0186874 	0.0315705 	0.0471574 	0.0264582 
0.365000	3.52815   	3.69114   	3.85353   	3.85353   	0.0280373 	0.018747  	0.0317278 	0.0473803 	0.0265957 
0.367500	3.54618   	3.71001   	3.87355   	3.87355   	0.0281323 	0.0188066 	0.0318852 	0.0476031 	0.0267333 
0.370000	3.56421   	3.72888   	3.89357   	3.89357   	0.0282272 	0.0188663 	0.0320426 	0.047826  	0.0268708 
0.372500	3.58223   	3.74775   	3.91359   	3.91359   	0.0283222 	0.0189259 	0.0321999 	0.0480488 	0.0270084 
0.375000	3.60026   	3.76661   	3.9336    	3.9336    	0.0284171 	0.0189855 	0.0323573 	0.0482717 	0.027146  
0.377500	3.61829   	3.78548   	3.95362   	3.95362   	0.0285121 	0.0190451 	0.0325147 	0.0484945 	0.0272835 
0.380000	3.63631   	3.80435   	3.97364   	3.97364   	0.028607  	0.0191047 	0.032672  	0.0487174 	0.0274211 
0.382500	3.65434   	3.82322   	3.99366   	3.99366   	0.028702  	0.0191644 	0.0328294 	0.0489402 	0.0275586 
0.385000	3.67237   	3.84209   	4.01368   	4.01368   	0.0287969 	0.019224  	0.0329867 	0.0491631 	0.0276962 
0.387500	3.69039   	3.86095   	4.0337    	4.0337    	0.0288919 	0.0192836 	0.0331441 	0.0493859 	0.0278338 
0.390000	3.70842   	3.87982   	4.05372   	4.05372   	0.0289868 	0.0193432 	0.0333015 	0.0496088 	0.0279713 
0.392500	3.72645   	3.89869   	4.07374   	4.07374   	0.0290817 	0.0194028 	0.0334588 	0.0498316 	0.0281089 
0.395000	3.74448   	3.91756   	4.09376   	4.09376   	0.0291767 	0.0194625 	0.0336162 	0.0500544 	0.0282464 
0.397500	3.7625    	3.93643   	4.11378   	4.11378   	0.0292716 	0.0195221 	0.0337736 	0.0502773 	0.028384  
0.400000	3.78053   	3.95529   	4.1338    	4.1338    	0.0293666 	0.0195817 	0.0339309 	0.0505001 	0.0285216 
0.402500	3.79826   	3.97385   	4.15341   	4.15341   	0.0294554 	0.0196389 	0.0340837 	0.0507143 	0.0286561 
0.405000	3.81599   	3.99241   	4.17301   	4.17301   	0.0295442 	0.0196961 	0.0342366 	0.0509284 	0.0287906 
0.407500	3.83372   	4.01096   	4.19261   	4.19261   	0.029633  	0.0197532 	0.0343894 	0.0511426 	0.0289252 
0.410000	3.85144   	4.02952   	4.21221   	4.21221   	0.0297219 	0.0198104 	0.0345422 	0.0513567 	0.0290597 
0.412500	3.86917   	4.04807   	4.23182   	4.23182   	0.0298107 	0.0198676 	0.034695  	0.0515709 	0.0291943 
0.415000	3.8869    	4.06663   	4.25142   	4.25142   	0.0298995 	0.0199248 	0.0348478 	0.051785  	0.0293288 
0.417500	3.90463   	4.08519   	4.27102   	4.27102   	0.0299883 	0.019982  	0.0350006 	0.0519991 	0.0294633 
0.420000	3.92236   	4.10374   	4.29063   	4.29063   	0.0300772 	0.0200391 	0.0351534 	0.0522133 	0.0295979 
0.422500	3.94009   	4.1223    	4.31023   	4.31023   	0.030166  	0.0200963 	0.0353062 	0.0524274 	0.0297324 
0.425000	3.95782   	4.14086   	4.32983   	4.32983   	0.0302548 	0.0201535 	0.035459  	0.0526416 	0.029867  
0.427500	3.97555   	4.15941   	4.34944   	4.34944   	0.0303436 	0.0202107 	0.0356119 	0.0528557 	0.0300015 
0.430000	3.99328   	4.17797   	4.36904   	4.36904   	0.0304325 	0.0202678 	0.0357647 	0.0530698 	0.0301361 
0.432500	4.01101   	4.19653   	4.38864   	4.38864   	0.0305213 	0.020325  	0.0359175 	0.053284  	0.0302706 
0.435000	4.02874   	4.21508   	4.40825   	4.40825   	0.0306101 	0.0203822 	0.0360703 	0.0534981 	0.0304051 
0.437500	4.04646   	4.23364   	4.42785   	4.42785   	0.0306989 	0.0204394 	0.0362231 	0.0537123 	0.0305397 
0.440000	4.06419   	4.25219   	4.44745   	4.44745   	0.0307877 	0.0204966 	0.0363759 	0.0539264 	0.0306742 
0.442500	4.08192   	4.27075   	4.46706   	4.46706   	0.0308766 	0.0205537 	0.0365287 	0.0541406 	0.0308088 
0.445000	4.09965   	4.28931   	4.48666   	4.48666   	0.0309654 	0.0206109 	0.0366815 	0.0543547 	0.0309433 
0.447500	4.11738   	4.30786   	4.50626   	4.50626   	0.0310542 	0.0206681 	0.0368343 	0.0545688 	0.0310779 
0.450000	4.13511   	4.32642   	4.52586   	4.52586   	0.031143  	0.0207253 	0.0369872 	0.054783  	0.0312124 
0.452500	4.15264   	4.34477   	4.54515   	4.54515   	0.0312272 	0.0207804 	0.037139  	0.054994  	0.0313469 
0.455000	4.17018   	4.36313   	4.56443   	4.56443   	0.0313114 	0.0208356 	0.0372909 	0.055205  	0.0314814 
0.457500	4.18771   	4.38148   	4.58371   	4.58371   	0.0313955 	0.0208907 	0.0374428 	0.055416  	0.0316159 
0.460000	4.20525   	4.39983   	4.603     	4.603     	0.0314797 	0.0209458 	0.0375947 	0.055627  	0.0317504 
0.462500	4.22278   	4.41819   	4.62228   	4.62228   	0.0315638 	0.021001  	0.0377466 	0.055838  	0.0318848 
0.465000	4.24032   	4.43654   	4.64156   	4.64156   	0.031648  	0.0210561 	0.0378985 	0.056049  	0.0320193 
0.467500	4.25785   	4.45489   	4.66084   	4.66084   	0.0317322 	0.0211112 	0.0380503 	0.05626   	0.0321538 
0.470000	4.27539   	4.47324   	4.68013   	4.68013   	0.0318163 	0.0211664 	0.0382022 	0.056471  	0.0322883 
0.472500	4.29292   	4.4916    	4.69941   	4.69941   	0.0319005 	0.0212215 	0.0383541 	0.056682  	0.0324228 
0.475000	4.31046   	4.50995   	4.71869   	4.71869   	0.0319847 	0.0212766 	0.038506  	0.056893  	0.0325573 
0.477500	4.32799   	4.5283    	4.73798   	4.73798   	0.0320688 	0.0213318 	0.0386579 	0.057104  	0.0326918 
0.480000	4.34553   	4.54666   	4.75726   	4.75726   	0.032153  	0.0213869 	0.0388097 	0.057315  	0.0328263 
0.482500	4.36306   	4.56501   	4.77654   	4.77654   	0.0322371 	0.021442  	0.0389616 	0.0575261 	0.0329608 
0.485000	4.3806    	4.58336   	4.79583   	4.79583   	0.0323213 	0.0214972 	0.0391135 	0.0577371 	0.0330953 
0.487500	4.39813   	4.60172   	4.81511   	4.81511   	0.0324055 	0.0215523 	0.0392654 	0.0579481 	0.0332297 
0.490000	4.41567   	4.62007   	4.83439   	4.83439   	0.0324896 	0.0216074 	0.0394173 	0.0581591 	0.0333642 
0.492500	4.4332    	4.63842   	4.85367   	4.85367   	0.0325738 	0.0216626 	0.0395692 	0.0583701 	0.0334987 
0.495000	4.45074   	4.65678   	4.87296   	4.87296   	0.032658  	0.0217177 	0.039721  	0.0585811 	0.0336332 
0.497500	4.46827   	4.67513   	4.89224   	4.89224   	0.0327421 	0.0217728 	0.0398729 	0.0587921 	0.0337677 
0.500000	4.48581   	4.69348   	4.91152   	4.91152   	0.0328263 	0.021828  	0.0400248 	0.0590031 	0.0339022 
0.502500	4.50347   	4.71198   	4.93053   	4.93053   	0.0329061 	0.0218812 	0.0401715 	0.059204  	0.0340333 
0.505000	4.52114   	4.73047   	4.94953   	4.94953   	0.032986  	0.0219344 	0.0403182 	0.0594048 	0.0341644 
0.507500	4.53881   	4.74896   	4.96853   	4.96853   	0.0330659 	0.0219876 	0.0404649 	0.0596057 	0.0342955 
0.510000	4.55648   	4.76745   	4.98753   	4.98753   	0.0331457 	0.0220408 	0.0406116 	0.0598066 	0.0344266 
0.512500	4.57415   	4.78595   	5.00654   	5.00654   	0.0332256 	0.0220941 	0.0407583 	0.0600074 	0.0345577 
0.515000	4.59182   	4.80444   	5.02554   	5.02554   	0.0333054 	0.0221473 	0.040905  	0.0602083 	0.0346888 
0.517500	4.60948   	4.82293   	5.04454   	5.04454   	0.0333853 	0.0222005 	0.0410516 	0.0604092 	0.0348199 
0.520000	4.62715   	4.84143   	5.06355   	5.06355   	0.0334651 	0.0222537 	0.0411983 	0.06061   	0.034951  
0.522500	4.64482   	4.85992   	5.08255   	5.08255   	0.033545  	0.0223069 	0.041345  	0.0608109 	0.0350821 
0.525000	4.66249   	4.87841   	5.10155   	5.10155   	0.0336249 	0.0223601 	0.0414917 	0.0610118 	0.0352132 
0.527500	4.68016   	4.8969    	5.12055   	5.12055   	0.0337047 	0.0224134 	0.0416384 	0.0612126 	0.0353443 
0.530000	4.69783   	4.9154    	5.13956   	5.13956   	0.0337846 	0.0224666 	0.0417851 	0.0614135 	0.0354754 
0.532500	4.7155    	4.93389   	5.15856   	5.15856   	0.0338644 	0.0225198 	0.0419318 	0.0616144 	0.0356065 
0.535000	4.73316   	4.95238   	5.17756   	5.17756   	0.0339443 	0.022573  	0.0420785 	0.0618152 	0.0357376 
0.537500	4.75083   	4.97088   	5.19657   	5.19657   	0.0340242 	0.0226262 	0.0422252 	0.0620161 	0.0358687 
0.540000	4.7685    	4.98937   	5.21557   	5.21557   	0.034104  	0.0226794 	0.0423719 	0.062217  	0.0359998 
0.542500	4.78617   	5.00786   	5.23457   	5.23457   	0.0341839 	0.0227327 	0.0425186 	0.0624179 	0.0361309 
0.545000	4.80384   	5.02635   	5.25357   	5.25357   	0.0342637 	0.0227859 	0.0426653 	0.0626187 	0.036262  
0.547500	4.82151   	5.04485   	5.27258   	5.27258   	0.0343436 	0.0228391 	0.042812  	0.0628196 	0.0363931 
0.550000	4.83917   	5.06334   	5.29158   	5.29158   	0.0344234 	0.0228923 	0.0429586 	0.0630205 	0.0365242 
0.552500	4.85684   	5.08183   	5.31058   	5.31058   	0.0345033 	0.0229455 	0.0431053 	0.0632213 	0.0366553 
0.555000	4.87451   	5.10032   	5.32959   	5.32959   	0.0345832 	0.0229987 	0.043252  	0.0634222 	0.0367864 
0.557500	4.89218   	5.11882   	5.34859   	5.34859   	0.034663  	0.023052  	0.0433987 	0.0636231 	0.0369175 
0.560000	4.90985   	5.13731   	5.36759   	5.36759   	0.0347429 	0.0231052 	0.0435454 	0.0638239 	0.0370486 
0.562500	4.92752   	5.1558    	5.38659   	5.38659   	0.0348227 	0.0231584 	0.0436921 	0.0640248 	0.0371797 
0.565000	4.94518   	5.1743    	5.4056    	5.4056    	0.0349026 	0.0232116 	0.0438388 	0.0642257 	0.0373108 
0.567500	4.96285   	5.19279   	5.4246    	5.4246    	0.0349825 	0.0232648 	0.0439855 	0.0644265 	0.0374419 
0.570000	4.98052   	5.21128   	5.4436    	5.4436    	0.0350623 	0.023318  	0.0441322 	0.0646274 	0.037573  
0.572500	4.99819   	5.22977   	5.46261   	5.46261   	0.0351422 	0.0233713 	0.0442789 	0.0648283 	0.0377041 
0.575000	5.01586   	5.24827   	5.48161   	5.48161   	0.035222  	0.0234245 	0.0444256 	0.0650291 	0.0378352 
0.577500	5.03353   	5.26676   	5.50061   	5.50061   	0.0353019 	0.0234777 	0.0445723 	0.06523   	0.0379663 
0.580000	5.05119   	5.28525   	5.51961   	5.51961   	0.0353817 	0.0235309 	0.044719  	0.0654309 	0.0380974 
0.582500	5.06886   	5.30375   	5.53862   	5.53862   	0.0354616 	0.0235841 	0.0448656 	0.0656318 	0.0382285 
0.585000	5.08653   	5.32224   	5.55762   	5.55762   	0.0355415 	0.0236373 	0.0450123 	0.0658326 	0.0383596 
0.587500	5.1042    	5.34073   	5.57662   	5.57662   	0.0356213 	0.0236906 	0.045159  	0.0660335 	0.0384907 
0.590000	5.12187   	5.35922   	5.59563   	5.59563   	0.0357012 	0.0237438 	0.0453057 	0.0662344 	0.0386217 
0.592500	5.13954   	5.37772   	5.61463   	5.61463   	0.035781  	0.023797  	0.0454524 	0.0664352 	0.0387528 
0.595000	5.1572    	5.39621   	5.63363   	5.63363   	0.0358609 	0.0238502 	0.0455991 	0.0666361 	0.0388839 
0.597500	5.17487   	5.4147    	5.65263   	5.65263   	0.0359408 	0.0239034 	0.0457458 	0.066837  	0.039015  
0.600000	5.19254   	5.4332    	5.67164   	5.67164   	0.0360206 	0.0239566 	0.0458925 	0.0670378 	0.0391461 
0.602500	5.21072   	5.45222   	5.69049   	5.69049   	0.0360975 	0.0240086 	0.0460342 	0.0672286 	0.0392741 
0.605000	5.2289    	5.47125   	5.70934   	5.70934   	0.0361743 	0.0240605 	0.0461758 	0.0674193 	0.039402  
0.607500	5.24707   	5.49027   	5.7282    	5.7282    	0.0362511 	0.0241124 	0.0463175 	0.06761   	0.0395299 
0.610000	5.26525   	5.5093    	5.74705   	5.74705   	0.036328  	0.0241643 	0.0464592 	0.0678008 	0.0396578 
0.612500	5.28343   	5.52833   	5.76591   	5.76591   	0.0364048 	0.0242162 	0.0466009 	0.0679915 	0.0397857 
0.615000	5.30161   	5.54735   	5.78476   	5.78476   	0.0364816 	0.0242681 	0.0467425 	0.0681822 	0.0399137 
0.617500	5.31979   	5.56638   	5.80361   	5.80361   	0.0365585 	0.02432   	0.0468842 	0.0683729 	0.0400416 
0.620000	5.33796   	5.5854    	5.82247   	5.82247   	0.0366353 	0.024372  	0.0470259 	0.0685637 	0.0401695 
0.622500	5.35614   	5.60443   	5.84132   	5.84132   	0.0367122 	0.0244239 	0.0471675 	0.0687544 	0.0402974 
0.625000	5.37432   	5.62346   	5.86017   	5.86017   	0.036789  	0.0244758 	0.0473092 	0.0689451 	0.0404253 
0.627500	5.3925    	5.64248   	5.87903   	5.87903   	0.0368658 	0.0245277 	0.0474509 	0.0691358 	0.0405533 
0.630000	5.41067   	5.66151   	5.89788   	5.89788   	0.0369427 	0.0245796 	0.0475926 	0.0693266 	0.0406812 
0.632500	5.42885   	5.68053   	5.91673   	5.91673   	0.0370195 	0.0246315 	0.0477342 	0.0695173 	0.0408091 
0.635000	5.44703   	5.69956   	5.93559   	5.93559   	0.0370964 	0.0246835 	0.0478759 	0.069708  	0.040937  
0.637500	5.46521   	5.71859   	5.95444   	5.95444   	0.0371732 	0.0247354 	0.0480176 	0.0698988 	0.0410649 
0.640000	5.48339   	5.73761   	5.97329   	5.97329   	0.03725   	0.0247873 	0.0481593 	0.0700895 	0.0411929 
0.642500	5.50156   	5.75664   	5.99215   	5.99215   	0.0373269 	0.0248392 	0.0483009 	0.0702802 	0.0413208 
0.645000	5.51974   	5.77566   	6.011     	6.011     	0.0374037 	0.0248911 	0.0484426 	0.0704709 	0.0414487 
0.647500	5.53792   	5.79469   	6.02986   	6.02986   	0.0374805 	0.024943  	0.0485843 	0.0706617 	0.0415766 
0.650000	5.5561    	5.81372   	6.04871   	6.04871   	0.0375574 	0.0249949 	0.048726  	0.0708524 	0.0417045 
0.652500	5.57427   	5.83274   	6.06756   	6.06756   	0.0376342 	0.0250469 	0.0488676 	0.0710431 	0.0418325 
0.655000	5.59245   	5.85177   	6.08642   	6.08642   	0.0377111 	0.0250988 	0.0490093 	0.0712339 	0.0419604 
0.657500	5.61063   	5.8708    	6.10527   	6.10527   	0.0377879 	0.0251507 	0.049151  	0.0714246 	0.0420883 
0.660000	5.62881   	5.88982   	6.12412   	6.12412   	0.0378647 	0.0252026 	0.0492927 	0.0716153 	0.0422162 
0.662500	5.64699   	5.90885   	6.14298   	6.14298   	0.0379416 	0.0252545 	0.0494343 	0.071806  	0.0423441 
0.665000	5.66516   	5.92787   	6.16183   	6.16183   	0.0380184 	0.0253064 	0.049576  	0.0719968 	0.0424721 
0.667500	5.68334   	5.9469    	6.18068   	6.18068   	0.0380952 	0.0253584 	0.0497177 	0.0721875 	0.0426    
0.670000	5.70152   	5.96593   	6.19954   	6.19954   	0.0381721 	0.0254103 	0.0498593 	0.0723782 	0.0427279 
0.672500	5.7197    	5.98495   	6.21839   	6.21839   	0.0382489 	0.0254622 	0.050001  	0.072569  	0.0428558 
0.675000	5.73787   	6.00398   	6.23724   	6.23724   	0.0383258 	0.0255141 	0.0501427 	0.0727597 	0.0429837 
0.677500	5.75605   	6.023     	6.2561    	6.2561    	0.0384026 	0.025566  	0.0502844 	0.0729504 	0.0431117 
0.680000	5.77423   	6.04203   	6.27495   	6.27495   	0.0384794 	0.0256179 	0.050426  	0.0731411 	0.0432396 
0.682500	5.79241   	6.06106   	6.2938    	6.2938    	0.0385563 	0.0256698 	0.0505677 	0.0733319 	0.0433675 
0.685000	5.81059   	6.08008   	6.31266   	6.31266   	0.0386331 	0.0257218 	0.0507094 	0.0735226 	0.0434954 
0.687500	5.82876   	6.09911   	6.33151   	6.33151   	0.03871   	0.0257737 	0.0508511 	0.0737133 	0.0436233 
0.690000	5.84694   	6.11813   	6.35037   	6.35037   	0.0387868 	0.0258256 	0.0509927 	0.0739041 	0.0437513 
0.692500	5.86512   	6.13716   	6.36922   	6.36922   	0.0388636 	0.0258775 	0.0511344 	0.0740948 	0.0438792 
0.695000	5.8833    	6.15619   	6.38807   	6.38807   	0.0389405 	0.0259294 	0.0512761 	0.0742855 	0.0440071 
0.697500	5.90147   	6.17521   	6.40693   	6.40693   	0.0390173 	0.0259813 	0.0514178 	0.0744762 	0.044135  
0.700000	5.91965   	6.19424   	6.42578   	6.42578   	0.0390941 	0.0260333 	0.0515594 	0.074667  	0.0442629 
0.702500	5.93819   	6.21364   	6.44471   	6.44471   	0.0391705 	0.0260852 	0.0516966 	0.0748487 	0.0443879 
0.705000	5.95673   	6.23304   	6.46364   	6.46364   	0.0392469 	0.0261372 	0.0518337 	0.0750305 	0.0445128 
0.707500	5.97526   	6.25244   	6.48258   	6.48258   	0.0393233 	0.0261892 	0.0519708 	0.0752122 	0.0446377 
0.710000	5.9938    	6.27185   	6.50151   	6.50151   	0.0393997 	0.0262412 	0.0521079 	0.0753939 	0.0447626 
0.712500	6.01234   	6.29125   	6.52044   	6.52044   	0.039476  	0.0262932 	0.0522451 	0.0755757 	0.0448876 
0.715000	6.03087   	6.31065   	6.53937   	6.53937   	0.0395524 	0.0263452 	0.0523822 	0.0757574 	0.0450125 
0.717500	6.04941   	6.33005   	6.55831   	6.55831   	0.0396288 	0.0263971 	0.0525193 	0.0759391 	0.0451374 
0.720000	6.06795   	6.34945   	6.57724   	6.57724   	0.0397052 	0.0264491 	0.0526564 	0.0761209 	0.0452624 
0.722500	6.08648   	6.36885   	6.59617   	6.59617   	0.0397815 	0.0265011 	0.0527936 	0.0763026 	0.0453873 
0.725000	6.10502   	6.38826   	6.6151    	6.6151    	0.0398579 	0.0265531 	0.0529307 	0.0764843 	0.0455122 
0.727500	6.12356   	6.40766   	6.63404   	6.63404   	0.0399343 	0.0266051 	0.0530678 	0.0766661 	0.0456371 
0.730000	6.14209   	6.42706   	6.65297   	6.65297   	0.0400107 	0.0266571 	0.0532049 	0.0768478 	0.0457621 
0.732500	6.16063   	6.44646   	6.6719    	6.6719    	0.0400871 	0.0267091 	0.0533421 	0.0770296 	0.045887  
0.735000	6.17917   	6.46586   	6.69083   	6.69083   	0.0401634 	0.026761  	0.0534792 	0.0772113 	0.0460119 
0.737500	6.1977    	6.48527   	6.70977   	6.70977   	0.0402398 	0.026813  	0.0536163 	0.077393  	0.0461368 
0.740000	6.21624   	6.50467   	6.7287    	6.7287    	0.0403162 	0.026865  	0.0537534 	0.0775748 	0.0462618 
0.742500	6.23478   	6.52407   	6.74763   	6.74763   	0.0403926 	0.026917  	0.0538906 	0.0777565 	0.0463867 
0.745000	6.25332   	6.54347   	6.76656   	6.76656   	0.0404689 	0.026969  	0.0540277 	0.0779382 	0.0465116 
0.747500	6.27185   	6.56287   	6.78549   	6.78549   	0.0405453 	0.027021  	0.0541648 	0.07812   	0.0466365 
0.750000	6.29039   	6.58227   	6.80443   	6.80443   	0.0406217 	0.0270729 	0.0543019 	0.0783017 	0.0467615 
0.752500	6.30893   	6.60168   	6.82336   	6.82336   	0.0406981 	0.0271249 	0.0544391 	0.0784835 	0.0468864 
0.755000	6.32746   	6.62108   	6.84229   	6.84229   	0.0407745 	0.0271769 	0.0545762 	0.0786652 	0.0470113 
0.757500	6.346     	6.64048   	6.86122   	6.86122   	0.0408508 	0.0272289 	0.0547133 	0.0788469 	0.0471362 
0.760000	6.36454   	6.65988   	6.88016   	6.88016   	0.0409272 	0.0272809 	0.0548504 	0.0790287 	0.0472612 
0.762500	6.38307   	6.67928   	6.89909   	6.89909   	0.0410036 	0.0273329 	0.0549876 	0.0792104 	0.0473861 
0.765000	6.40161   	6.69869   	6.91802   	6.91802   	0.04108   	0.0273848 	0.0551247 	0.0793921 	0.047511  
0.767500	6.42015   	6.71809   	6.93695   	6.93695   	0.0411563 	0.0274368 	0.0552618 	0.0795739 	0.047636  
0.770000	6.43868   	6.73749   	6.95589   	6.95589   	0.0412327 	0.0274888 	0.0553989 	0.0797556 	0.0477609 
0.772500	6.45722   	6.75689   	6.97482   	6.97482   	0.0413091 	0.0275408 	0.0555361 	0.0799374 	0.0478858 
0.775000	6.47576   	6.77629   	6.99375   	6.99375   	0.0413855 	0.0275928 	0.0556732 	0.0801191 	0.0480107 
0.777500	6.49429   	6.79569   	7.01268   	7.01268   	0.0414619 	0.0276448 	0.0558103 	0.0803008 	0.0481357 
0.780000	6.51283   	6.8151    	7.03162   	7.03162   	0.0415382 	0.0276968 	0.0559474 	0.0804826 	0.0482606 
0.782500	6.53137   	6.8345    	7.05055   	7.05055   	0.0416146 	0.0277487 	0.0560846 	0.0806643 	0.0483855 
0.785000	6.5499    	6.8539    	7.06948   	7.06948   	0.041691  	0.0278007 	0.0562217 	0.080846  	0.0485104 
0.787500	6.56844   	6.8733    	7.08841   	7.08841   	0.0417674 	0.0278527 	0.0563588 	0.0810278 	0.0486354 
0.790000	6.58698   	6.8927    	7.10735   	7.10735   	0.0418437 	0.0279047 	0.0564959 	0.0812095 	0.0487603 
0.792500	6.60551   	6.91211   	7.12628   	7.12628   	0.0419201 	0.0279567 	0.0566331 	0.0813913 	0.0488852 
0.795000	6.62405   	6.93151   	7.14521   	7.14521   	0.0419965 	0.0280087 	0.0567702 	0.081573  	0.0490101 
0.797500	6.64259   	6.95091   	7.16414   	7.16414   	0.0420729 	0.0280606 	0.0569073 	0.0817547 	0.0491351 
0.800000	6.66113   	6.97031   	7.18307   	7.18307   	0.0421493 	0.0281126 	0.0570444 	0.0819365 	0.04926   
0.802500	6.67979   	6.98985   	7.20225   	7.20225   	0.0422268 	0.0281656 	0.0571759 	0.0821079 	0.0493808 
0.805000	6.69846   	7.00939   	7.22142   	7.22142   	0.0423044 	0.0282186 	0.0573073 	0.0822792 	0.0495016 
0.807500	6.71713   	7.02893   	7.2406    	7.2406    	0.042382  	0.0282716 	0.0574388 	0.0824506 	0.0496225 
0.810000	6.73579   	7.04847   	7.25977   	7.25977   	0.0424596 	0.0283246 	0.0575702 	0.082622  	0.0497433 
0.812500	6.75446   	7.068     	7.27894   	7.27894   	0.0425372 	0.0283776 	0.0577017 	0.0827934 	0.0498641 
0.815000	6.77313   	7.08754   	7.29812   	7.29812   	0.0426148 	0.0284306 	0.0578331 	0.0829648 	0.0499849 
0.817500	6.7918    	7.10708   	7.31729   	7.31729   	0.0426924 	0.0284836 	0.0579645 	0.0831362 	0.0501058 
0.820000	6.81046   	7.12662   	7.33647   	7.33647   	0.04277   	0.0285366 	0.058096  	0.0833076 	0.0502266 
0.822500	6.82913   	7.14616   	7.35564   	7.35564   	0.0428476 	0.0285896 	0.0582274 	0.083479  	0.0503474 
0.825000	6.8478    	7.1657    	7.37481   	7.37481   	0.0429252 	0.0286426 	0.0583589 	0.0836504 	0.0504682 
0.827500	6.86647   	7.18523   	7.39399   	7.39399   	0.0430028 	0.0286956 	0.0584903 	0.0838218 	0.0505891 
0.830000	6.88513   	7.20477   	7.41316   	7.41316   	0.0430804 	0.0287486 	0.0586218 	0.0839932 	0.0507099 
0.832500	6.9038    	7.22431   	7.43234   	7.43234   	0.043158  	0.0288016 	0.0587532 	0.0841646 	0.0508307 
0.835000	6.92247   	7.24385   	7.45151   	7.45151   	0.0432355 	0.0288546 	0.0588847 	0.084336  	0.0509515 
0.837500	6.94114   	7.26339   	7.47068   	7.47068   	0.0433131 	0.0289076 	0.0590161 	0.0845074 	0.0510723 
0.840000	6.9598    	7.28293   	7.48986   	7.48986   	0.0433907 	0.0289606 	0.0591475 	0.0846788 	0.0511932 
0.842500	6.97847   	7.30247   	7.50903   	7.50903   	0.0434683 	0.0290136 	0.059279  	0.0848502 	0.051314  
0.845000	6.99714   	7.322     	7.52821   	7.52821   	0.0435459 	0.0290666 	0.0594104 	0.0850216 	0.0514348 
0.847500	7.01581   	7.34154   	7.54738   	7.54738   	0.0436235 	0.0291196 	0.0595419 	0.0851929 	0.0515556 
0.850000	7.03447   	7.36108   	7.56655   	7.56655   	0.0437011 	0.0291726 	0.0596733 	0.0853643 	0.0516765 
0.852500	7.05314   	7.38062   	7.58573   	7.58573   	0.0437787 	0.0292256 	0.0598048 	0.0855357 	0.0517973 
0.855000	7.07181   	7.40016   	7.6049    	7.6049    	0.0438563 	0.0292786 	0.0599362 	0.0857071 	0.0519181 
0.857500	7.09048   	7.4197    	7.62408   	7.62408   	0.0439339 	0.0293316 	0.0600676 	0.0858785 	0.0520389 
0.860000	7.10914   	7.43924   	7.64325   	7.64325   	0.0440115 	0.0293846 	0.0601991 	0.0860499 	0.0521598 
0.862500	7.12781   	7.45877   	7.66242   	7.66242   	0.0440891 	0.0294376 	0.0603305 	0.0862213 	0.0522806 
0.865000	7.14648   	7.47831   	7.6816    	7.6816    	0.0441667 	0.0294906 	0.060462  	0.0863927 	0.0524014 
0.867500	7.16514   	7.49785   	7.70077   	7.70077   	0.0442442 	0.0295436 	0.0605934 	0.0865641 	0.0525222 
0.870000	7.18381   	7.51739   	7.71995   	7.71995   	0.0443218 	0.0295966 	0.0607249 	0.0867355 	0.0526431 
0.872500	7.20248   	7.53693   	7.73912   	7.73912   	0.0443994 	0.0296496 	0.0608563 	0.0869069 	0.0527639 
0.875000	7.22115   	7.55647   	7.75829   	7.75829   	0.044477  	0.0297026 	0.0609877 	0.0870783 	0.0528847 
0.877500	7.23981   	7.576     	7.77747   	7.77747   	0.0445546 	0.0297556 	0.0611192 	0.0872497 	0.0530055 
0.880000	7.25848   	7.59554   	7.79664   	7.79664   	0.0446322 	0.0298086 	0.0612506 	0.0874211 	0.0531264 
0.882500	7.27715   	7.61508   	7.81581   	7.81581   	0.0447098 	0.0298616 	0.0613821 	0.0875925 	0.0532472 
0.885000	7.29582   	7.63462   	7.83499   	7.83499   	0.0447874 	0.0299146 	0.0615135 	0.0877639 	0.053368  
0.887500	7.31448   	7.65416   	7.85416   	7.85416   	0.044865  	0.0299676 	0.061645  	0.0879353 	0.0534888 
0.890000	7.33315   	7.6737    	7.87334   	7.87334   	0.0449426 	0.0300206 	0.0617764 	0.0881066 	0.0536096 
0.892500	7.35182   	7.69324   	7.89251   	7.89251   	0.0450202 	0.0300736 	0.0619079 	0.088278  	0.0537305 
0.895000	7.37049   	7.71277   	7.91168   	7.91168   	0.0450978 	0.0301266 	0.0620393 	0.0884494 	0.0538513 
0.897500	7.38915   	7.73231   	7.93086   	7.93086   	0.0451754 	0.0301796 	0.0621707 	0.0886208 	0.0539721 
0.900000	7.40782   	7.75185   	7.95003   	7.95003   	0.045253  	0.0302326 	0.0623022 	0.0887922 	0.0540929 
0.902500	7.42669   	7.7716    	7.9695    	7.9695    	0.0453322 	0.0302868 	0.0624301 	0.0889569 	0.0542113 
0.905000	7.44557   	7.79136   	7.98898   	7.98898   	0.0454114 	0.030341  	0.062558  	0.0891215 	0.0543296 
0.907500	7.46444   	7.81111   	8.00845   	8.00845   	0.0454907 	0.0303952 	0.0626859 	0.0892861 	0.054448  
0.910000	7.48331   	7.83086   	8.02792   	8.02792   	0.0455699 	0.0304494 	0.0628138 	0.0894508 	0.0545663 
0.912500	7.50218   	7.85061   	8.04739   	8.04739   	0.0456492 	0.0305036 	0.0629417 	0.0896154 	0.0546846 
0.915000	7.52105   	7.87037   	8.06687   	8.06687   	0.0457284 	0.0305578 	0.0630696 	0.0897801 	0.054803  
0.917500	7.53993   	7.89012   	8.08634   	8.08634   	0.0458077 	0.030612  	0.0631974 	0.0899447 	0.0549213 
0.920000	7.5588    	7.90987   	8.10581   	8.10581   	0.0458869 	0.0306662 	0.0633253 	0.0901094 	0.0550396 
0.922500	7.57767   	7.92963   	8.12528   	8.12528   	0.0459662 	0.0307203 	0.0634532 	0.090274  	0.055158  
0.925000	7.59654   	7.94938   	8.14476   	8.14476   	0.0460454 	0.0307745 	0.0635811 	0.0904386 	0.0552763 
0.927500	7.61541   	7.96913   	8.16423   	8.16423   	0.0461247 	0.0308287 	0.063709  	0.0906033 	0.0553947 
0.930000	7.63429   	7.98888   	8.1837    	8.1837    	0.0462039 	0.0308829 	0.0638369 	0.0907679 	0.055513  
0.932500	7.65316   	8.00864   	8.20317   	8.20317   	0.0462832 	0.0309371 	0.0639648 	0.0909326 	0.0556313 
0.935000	7.67203   	8.02839   	8.22265   	8.22265   	0.0463624 	0.0309913 	0.0640927 	0.0910972 	0.0557497 
0.937500	7.6909    	8.04814   	8.24212   	8.24212   	0.0464416 	0.0310455 	0.0642206 	0.0912618 	0.055868  
0.940000	7.70977   	8.0679    	8.26159   	8.26159   	0.0465209 	0.0310997 	0.0643485 	0.0914265 	0.0559863 
0.942500	7.72865   	8.08765   	8.28106   	8.28106   	0.0466001 	0.0311539 	0.0644764 	0.0915911 	0.0561047 
0.945000	7.74752   	8.1074    	8.30054   	8.30054   	0.0466794 	0.0312081 	0.0646043 	0.0917558 	0.056223  
0.947500	7.76639   	8.12715   	8.32001   	8.32001   	0.0467586 	0.0312623 	0.0647322 	0.0919204 	0.0563414 
0.950000	7.78526   	8.14691   	8.33948   	8.33948   	0.0468379 	0.0313165 	0.0648601 	0.0920851 	0.0564597 
0.952500	7.80413   	8.16666   	8.35895   	8.35895   	0.0469171 	0.0313707 	0.064988  	0.0922497 	0.056578  
0.955000	7.82301   	8.18641   	8.37843   	8.37843   	0.0469964 	0.0314249 	0.0651159 	0.0924143 	0.0566964 
0.957500	7.84188   	8.20616   	8.3979    	8.3979    	0.0470756 	0.0314791 	0.0652438 	0.092579  	0.0568147 
0.960000	7.86075   	8.22592   	8.41737   	8.41737   	0.0471549 	0.0315333 	0.0653717 	0.0927436 	0.056933  
0.962500	7.87962   	8.24567   	8.43684   	8.43684   	0.0472341 	0.0315874 	0.0654995 	0.0929083 	0.0570514 
0.965000	7.8985    	8.26542   	8.45632   	8.45632   	0.0473134 	0.0316416 	0.0656274 	0.0930729 	0.0571697 
0.967500	7.91737   	8.28518   	8.47579   	8.47579   	0.0473926 	0.0316958 	0.0657553 	0.0932375 	0.0572881 
0.970000	7.93624   	8.30493   	8.49526   	8.49526   	0.0474719 	0.03175   	0.0658832 	0.0934022 	0.0574064 
0.972500	7.95511   	8.32468   	8.51473   	8.51473   	0.0475511 	0.0318042 	0.0660111 	0.0935668 	0.0575247 
0.975000	7.97398   	8.34443   	8.5342    	8.5342    	0.0476303 	0.0318584 	0.066139  	0.0937315 	0.0576431 
0.977500	7.99286   	8.36419   	8.55368   	8.55368   	0.0477096 	0.0319126 	0.0662669 	0.0938961 	0.0577614 
0.980000	8.01173   	8.38394   	8.57315   	8.57315   	0.0477888 	0.0319668 	0.0663948 	0.0940608 	0.0578797 
0.982500	8.0306    	8.40369   	8.59262   	8.59262   	0.0478681 	0.032021  	0.0665227 	0.0942254 	0.0579981 
0.985000	8.04947   	8.42344   	8.61209   	8.61209   	0.0479473 	0.0320752 	0.0666506 	0.09439   	0.0581164 
0.987500	8.06834   	8.4432    	8.63157   	8.63157   	0.0480266 	0.0321294 	0.0667785 	0.0945547 	0.0582348 
0.990000	8.08722   	8.46295   	8.65104   	8.65104   	0.0481058 	0.0321836 	0.0669064 	0.0947193 	0.0583531 
0.992500	8.10609   	8.4827    	8.67051   	8.67051   	0.0481851 	0.0322378 	0.0670343 	0.094884  	0.0584714 
0.995000	8.12496   	8.50246   	8.68998   	8.68998   	0.0482643 	0.032292  	0.0671622 	0.0950486 	0.0585898 
0.997500	8.14383   	8.52221   	8.70946   	8.70946   	0.0483436 	0.0323462 	0.0672901 	0.0952132 	0.0587081 
1.000000	8.1627    	8.54196   	8.72893   	8.72893   	0.0484228 	0.0324004 	0.067418  	0.0953779 	0.0588264 
1.002500	8.18205   	8.56221   	8.74902   	8.74902   	0.0485057 	0.0324569 	0.0675393 	0.0955305 	0.0589399 
1.005000	8.2014    	8.58247   	8.76911   	8.76911   	0.0485885 	0.0325135 	0.0676605 	0.0956832 	0.0590534 
1.007500	8.22075   	8.60272   	8.78921   	8.78921   	0.0486714 	0.0325701 	0.0677818 	0.0958358 	0.0591669 
1.010000	8.2401    	8.62297   	8.8093    	8.8093    	0.0487542 	0.0326266 	0.0679031 	0.0959884 	0.0592804 
1.012500	8.25945   	8.64322   	8.82939   	8.82939   	0.0488371 	0.0326832 	0.0680244 	0.0961411 	0.0593938 
1.015000	8.2788    	8.66348   	8.84948   	8.84948   	0.0489199 	0.0327398 	0.0681457 	0.0962937 	0.0595073 
1.017500	8.29815   	8.68373   	8.86957   	8.86957   	0.0490028 	0.0327964 	0.068267  	0.0964463 	0.0596208 
1.020000	8.3175    	8.70398   	8.88967   	8.88967   	0.0490857 	0.0328529 	0.0683882 	0.096599  	0.0597343 
1.022500	8.33685   	8.72423   	8.90976   	8.90976   	0.0491685 	0.0329095 	0.0685095 	0.0967516 	0.0598477 
1.025000	8.3562    	8.74448   	8.92985   	8.92985   	0.0492514 	0.0329661 	0.0686308 	0.0969042 	0.0599612 
1.027500	8.37555   	8.76474   	8.94994   	8.94994   	0.0493342 	0.0330227 	0.0687521 	0.0970569 	0.0600747 
1.030000	8.3949    	8.78499   	8.97004   	8.97004   	0.0494171 	0.0330792 	0.0688734 	0.0972095 	0.0601882 
1.032500	8.41425   	8.80524   	8.99013   	8.99013   	0.0494999 	0.0331358 	0.0689947 	0.0973621 	0.0603016 
1.035000	8.4336    	8.82549   	9.01022   	9.01022   	0.0495828 	0.0331924 	0.069116  	0.0975148 	0.0604151 
1.037500	8.45295   	8.84575   	9.03031   	9.03031   	0.0496656 	0.033249  	0.0692372 	0.0976674 	0.0605286 
1.040000	8.4723    	8.866     	9.0504    	9.0504    	0.0497485 	0.0333055 	0.0693585 	0.0978201 	0.0606421 
1.042500	8.49165   	8.88625   	9.0705    	9.0705    	0.0498314 	0.0333621 	0.0694798 	0.0979727 	0.0607555 
1.045000	8.51099   	8.9065    	9.09059   	9.09059   	0.0499142 	0.0334187 	0.0696011 	0.0981253 	0.060869  
1.047500	8.53034   	8.92676   	9.11068   	9.11068   	0.0499971 	0.0334753 	0.0697224 	0.098278  	0.0609825 
1.050000	8.54969   	8.94701   	9.13077   	9.13077   	0.0500799 	0.0335318 	0.0698437 	0.0984306 	0.061096  
1.052500	8.56904   	8.96726   	9.15087   	9.15087   	0.0501628 	0.0335884 	0.0699649 	0.0985832 	0.0612094 
1.055000	8.58839   	8.98751   	9.17096   	9.17096   	0.0502456 	0.033645  	0.0700862 	0.0987359 	0.0613229 
1.057500	8.60774   	9.00777   	9.19105   	9.19105   	0.0503285 	0.0337016 	0.0702075 	0.0988885 	0.0614364 
1.060000	8.62709   	9.02802   	9.21114   	9.21114   	0.0504114 	0.0337581 	0.0703288 	0.0990411 	0.0615499 
1.062500	8.64644   	9.04827   	9.23123   	9.23123   	0.0504942 	0.0338147 	0.0704501 	0.0991938 	0.0616633 
1.065000	8.66579   	9.06852   	9.25133   	9.25133   	0.0505771 	0.0338713 	0.0705714 	0.0993464 	0.0617768 
1.067500	8.68514   	9.08877   	9.27142   	9.27142   	0.0506599 	0.0339278 	0.0706927 	0.099499  	0.0618903 
1.070000	8.70449   	9.10903   	9.29151   	9.29151   	0.0507428 	0.0339844 	0.0708139 	0.0996517 	0.0620038 
1.072500	8.72384   	9.12928   	9.3116    	9.3116    	0.0508256 	0.034041  	0.0709352 	0.0998043 	0.0621172 
1.075000	8.74319   	9.14953   	9.3317    	9.3317    	0.0509085 	0.0340976 	0.0710565 	0.099957  	0.0622307 
1.077500	8.76254   	9.16978   	9.35179   	9.35179   	0.0509913 	0.0341541 	0.0711778 	0.10011   	0.0623442 
1.080000	8.78189   	9.19004   	9.37188   	9.37188   	0.0510742 	0.0342107 	0.0712991 	0.100262  	0.0624577 
1.082500	8.80124   	9.21029   	9.39197   	9.39197   	0.0511571 	0.0342673 	0.0714204 	0.100415  	0.0625711 
1.085000	8.82059   	9.23054   	9.41206   	9.41206   	0.0512399 	0.0343239 	0.0715417 	0.100567  	0.0626846 
1.087500	8.83994   	9.25079   	9.43216   	9.43216   	0.0513228 	0.0343804 	0.0716629 	0.10072   	0.0627981 
1.090000	8.85928   	9.27105   	9.45225   	9.45225   	0.0514056 	0.034437  	0.0717842 	0.100873  	0.0629116 
1.092500	8.87863   	9.2913    	9.47234   	9.47234   	0.0514885 	0.0344936 	0.0719055 	0.101025  	0.063025  
1.095000	8.89798   	9.31155   	9.49243   	9.49243   	0.0515713 	0.0345502 	0.0720268 	0.101178  	0.0631385 
1.097500	8.91733   	9.3318    	9.51253   	9.51253   	0.0516542 	0.0346067 	0.0721481 	0.101331  	0.063252  
1.100000	8.93668   	9.35206   	9.53262   	9.53262   	0.0517371 	0.0346633 	0.0722694 	0.101483  	0.0633655 
1.102500	8.95603   	9.37231   	9.55271   	9.55271   	0.0518199 	0.0347199 	0.0723906 	0.101636  	0.0634789 
1.105000	8.97538   	9.39256   	9.5728    	9.5728    	0.0519028 	0.0347765 	0.0725119 	0.101789  	0.0635924 
1.107500	8.99473   	9.41281   	9.59289   	9.59289   	0.0519856 	0.034833  	0.0726332 	0.101941  	0.0637059 
1.110000	9.01408   	9.43307   	9.61299   	9.61299   	0.0520685 	0.0348896 	0.0727545 	0.102094  	0.0638194 
1.112500	9.03343   	9.45332   	9.63308   	9.63308   	0.0521513 	0.0349462 	0.0728758 	0.102246  	0.0639328 
1.115000	9.05278   	9.47357   	9.65317   	9.65317   	0.0522342 	0.0350028 	0.0729971 	0.102399  	0.0640463 
1.117500	9.07213   	9.49382   	9.67326   	9.67326   	0.052317  	0.0350593 	0.0731184 	0.102552  	0.0641598 
1.120000	9.09148   	9.51407   	9.69336   	9.69336   	0.0523999 	0.0351159 	0.0732396 	0.102704  	0.0642733 
1.122500	9.11083   	9.53433   	9.71345   	9.71345   	0.0524828 	0.0351725 	0.0733609 	0.102857  	0.0643867 
1.125000	9.13018   	9.55458   	9.73354   	9.73354   	0.0525656 	0.035229  	0.0734822 	0.10301   	0.0645002 
1.127500	9.14953   	9.57483   	9.75363   	9.75363   	0.0526485 	0.0352856 	0.0736035 	0.103162  	0.0646137 
1.130000	9.16888   	9.59508   	9.77372   	9.77372   	0.0527313 	0.0353422 	0.0737248 	0.103315  	0.0647272 
1.132500	9.18823   	9.61534   	9.79382   	9.79382   	0.0528142 	0.0353988 	0.0738461 	0.103468  	0.0648406 
1.135000	9.20757   	9.63559   	9.81391   	9.81391   	0.052897  	0.0354553 	0.0739673 	0.10362   	0.0649541 
1.137500	9.22692   	9.65584   	9.834     	9.834     	0.0529799 	0.0355119 	0.0740886 	0.103773  	0.0650676 
1.140000	9.24627   	9.67609   	9.85409   	9.85409   	0.0530627 	0.0355685 	0.0742099 	0.103925  	0.0651811 
1.142500	9.26562   	9.69635   	9.87419   	9.87419   	0.0531456 	0.0356251 	0.0743312 	0.104078  	0.0652945 
1.145000	9.28497   	9.7166    	9.89428   	9.89428   	0.0532285 	0.0356816 	0.0744525 	0.104231  	0.065408  
1.147500	9.30432   	9.73685   	9.91437   	9.91437   	0.0533113 	0.0357382 	0.0745738 	0.104383  	0.0655215 
1.150000	9.32367   	9.7571    	9.93446   	9.93446   	0.0533942 	0.0357948 	0.0746951 	0.104536  	0.065635  
1.152500	9.34302   	9.77736   	9.95455   	9.95455   	0.053477  	0.0358514 	0.0748163 	0.104689  	0.0657484 
1.155000	9.36237   	9.79761   	9.97465   	9.97465   	0.0535599 	0.0359079 	0.0749376 	0.104841  	0.0658619 
1.157500	9.38172   	9.81786   	9.99474   	9.99474   	0.0536427 	0.0359645 	0.0750589 	0.104994  	0.0659754 
1.160000	9.40107   	9.83811   	10.0148   	10.0148   	0.0537256 	0.0360211 	0.0751802 	0.105147  	0.0660889 
1.162500	9.42042   	9.85837   	10.0349   	10.0349   	0.0538085 	0.0360777 	0.0753015 	0.105299  	0.0662023 
1.165000	9.43977   	9.87862   	10.055    	10.055    	0.0538913 	0.0361342 	0.0754228 	0.105452  	0.0663158 
1.167500	9.45912   	9.89887   	10.0751   	10.0751   	0.0539742 	0.0361908 	0.0755441 	0.105604  	0.0664293 
1.170000	9.47847   	9.91912   	10.0952   	10.0952   	0.054057  	0.0362474 	0.0756653 	0.105757  	0.0665428 
1.172500	9.49782   	9.93937   	10.1153   	10.1153   	0.0541399 	0.0363039 	0.0757866 	0.10591   	0.0666562 
1.175000	9.51717   	9.95963   	10.1354   	10.1354   	0.0542227 	0.0363605 	0.0759079 	0.106062  	0.0667697 
1.177500	9.53651   	9.97988   	10.1555   	10.1555   	0.0543056 	0.0364171 	0.0760292 	0.106215  	0.0668832 
1.180000	9.55586   	10.0001   	10.1756   	10.1756   	0.0543884 	0.0364737 	0.0761505 	0.106368  	0.0669967 
1.182500	9.57521   	10.0204   	10.1957   	10.1957   	0.0544713 	0.0365302 	0.0762718 	0.10652   	0.0671101 
1.185000	9.59456   	10.0406   	10.2158   	10.2158   	0.0545542 	0.0365868 	0.076393  	0.106673  	0.0672236 
1.187500	9.61391   	10.0609   	10.2358   	10.2358   	0.054637  	0.0366434 	0.0765143 	0.106826  	0.0673371 
1.190000	9.63326   	10.0811   	10.2559   	10.2559   	0.0547199 	0.0367    	0.0766356 	0.106978  	0.0674506 
1.192500	9.65261   	10.1014   	10.276    	10.276    	0.0548027 	0.0367565 	0.0767569 	0.107131  	0.0675641 
1.195000	9.67196   	10.1216   	10.2961   	10.2961   	0.0548856 	0.0368131 	0.0768782 	0.107283  	0.0676775 
1.197500	9.69131   	10.1419   	10.3162   	10.3162   	0.0549684 	0.0368697 	0.0769995 	0.107436  	0.067791  
1.200000	9.71066   	10.1622   	10.3363   	10.3363   	0.0550513 	0.0369263 	0.0771208 	0.107589  	0.0679045 
1.202500	9.73001   	10.1824   	10.3564   	10.3564   	0.0551341 	0.0369828 	0.077242  	0.107741  	0.068018  
1.205000	9.74936   	10.2027   	10.3765   	10.3765   	0.055217  	0.0370394 	0.0773633 	0.107894  	0.0681314 
1.207500	9.76871   	10.2229   	10.3966   	10.3966   	0.0552999 	0.037096  	0.0774846 	0.108047  	0.0682449 
1.210000	9.78806   	10.2432   	10.4167   	10.4167   	0.0553827 	0.0371526 	0.0776059 	0.108199  	0.0683584 
1.212500	9.80741   	10.2634   	10.4368   	10.4368   	0.0554656 	0.0372091 	0.0777272 	0.108352  	0.0684719 
1.215000	9.82676   	10.2837   	10.4569   	10.4569   	0.0555484 	0.0372657 	0.0778485 	0.108505  	0.0685853 
1.217500	9.84611   	10.3039   	10.477    	10.477    	0.0556313 	0.0373223 	0.0779698 	0.108657  	0.0686988 
1.220000	9.86546   	10.3242   	10.497    	10.497    	0.0557141 	0.0373789 	0.078091  	0.10881   	0.0688123 
1.222500	9.8848    	10.3444   	10.5171   	10.5171   	0.055797  	0.0374354 	0.0782123 	0.108962  	0.0689258 
1.225000	9.90415   	10.3647   	10.5372   	10.5372   	0.0558799 	0.037492  	0.0783336 	0.109115  	0.0690392 
1.227500	9.9235    	10.3849   	10.5573   	10.5573   	0.0559627 	0.0375486 	0.0784549 	0.109268  	0.0691527 
1.230000	9.94285   	10.4052   	10.5774   	10.5774   	0.0560456 	0.0376051 	0.0785762 	0.10942   	0.0692662 
1.232500	9.9622    	10.4254   	10.5975   	10.5975   	0.0561284 	0.0376617 	0.0786975 	0.109573  	0.0693797 
1.235000	9.98155   	10.4457   	10.6176   	10.6176   	0.0562113 	0.0377183 	0.0788187 	0.109726  	0.0694931 
1.237500	10.0009   	10.4659   	10.6377   	10.6377   	0.0562941 	0.0377749 	0.07894   	0.109878  	0.0696066 
1.240000	10.0203   	10.4862   	10.6578   	10.6578   	0.056377  	0.0378314 	0.0790613 	0.110031  	0.0697201 
1.242500	10.0396   	10.5064   	10.6779   	10.6779   	0.0564598 	0.037888  	0.0791826 	0.110184  	0.0698336 
1.245000	10.0589   	10.5267   	10.698    	10.698    	0.0565427 	0.0379446 	0.0793039 	0.110336  	0.069947  
1.247500	10.0783   	10.5469   	10.7181   	10.7181   	0.0566256 	0.0380012 	0.0794252 	0.110489  	0.0700605 
1.250000	10.0976   	10.5672   	10.7382   	10.7382   	0.0567084 	0.0380577 	0.0795465 	0.110641  	0.070174  
1.252500	10.118    	10.5885   	10.7593   	10.7593   	0.0567983 	0.0381188 	0.0796623 	0.110783  	0.0702837 
1.255000	10.1383   	10.6097   	10.7805   	10.7805   	0.0568882 	0.0381798 	0.079778  	0.110925  	0.0703933 
1.257500	10.1586   	10.631    	10.8017   	10.8017   	0.0569781 	0.0382408 	0.0798938 	0.111067  	0.070503  
1.260000	10.1789   	10.6522   	10.8229   	10.8229   	0.057068  	0.0383018 	0.0800096 	0.111209  	0.0706127 
1.262500	10.1992   	10.6735   	10.8441   	10.8441   	0.0571579 	0.0383629 	0.0801254 	0.11135   	0.0707224 
1.265000	10.2195   	10.6947   	10.8653   	10.8653   	0.0572478 	0.0384239 	0.0802412 	0.111492  	0.070832  
1.267500	10.2398   	10.716    	10.8864   	10.8864   	0.0573377 	0.0384849 	0.080357  	0.111634  	0.0709417 
1.270000	10.2601   	10.7372   	10.9076   	10.9076   	0.0574276 	0.0385459 	0.0804728 	0.111776  	0.0710514 
1.272500	10.2804   	10.7585   	10.9288   	10.9288   	0.0575175 	0.0386069 	0.0805886 	0.111918  	0.0711611 
1.275000	10.3007   	10.7797   	10.95     	10.95     	0.0576074 	0.038668  	0.0807044 	0.112059  	0.0712708 
1.277500	10.321    	10.801    	10.9712   	10.9712   	0.0576973 	0.038729  	0.0808202 	0.112201  	0.0713804 
1.280000	10.3413   	10.8223   	10.9924   	10.9924   	0.0577872 	0.03879   	0.080936  	0.112343  	0.0714901 
1.282500	10.3616   	10.8435   	11.0135   	11.0135   	0.0578771 	0.038851  	0.0810518 	0.112485  	0.0715998 
1.285000	10.3819   	10.8648   	11.0347   	11.0347   	0.057967  	0.0389121 	0.0811676 	0.112627  	0.0717095 
1.287500	10.4023   	10.886    	11.0559   	11.0559   	0.0580569 	0.0389731 	0.0812834 	0.112769  	0.0718191 
1.290000	10.4226   	10.9073   	11.0771   	11.0771   	0.0581469 	0.0390341 	0.0813992 	0.11291   	0.0719288 
1.292500	10.4429   	10.9285   	11.0983   	11.0983   	0.0582368 	0.0390951 	0.081515  	0.113052  	0.0720385 
1.295000	10.4632   	10.9498   	11.1195   	11.1195   	0.0583267 	0.0391561 	0.0816308 	0.113194  	0.0721482 
1.297500	10.4835   	10.971    	11.1406   	11.1406   	0.0584166 	0.0392172 	0.0817466 	0.113336  	0.0722579 
1.300000	10.5038   	10.9923   	11.1618   	11.1618   	0.0585065 	0.0392782 	0.0818624 	0.113478  	0.0723675 
1.302500	10.5241   	11.0135   	11.183    	11.183    	0.0585964 	0.0393392 	0.0819782 	0.113619  	0.0724772 
1.305000	10.5444   	11.0348   	11.2042   	11.2042   	0.0586863 	0.0394002 	0.082094  	0.113761  	0.0725869 
1.307500	10.5647   	11.0561   	11.2254   	11.2254   	0.0587762 	0.0394613 	0.0822098 	0.113903  	0.0726966 
1.310000	10.585    	11.0773   	11.2466   	11.2466   	0.0588661 	0.0395223 	0.0823256 	0.114045  	0.0728062 
1.312500	10.6053   	11.0986   	11.2677   	11.2677   	0.058956  	0.0395833 	0.0824414 	0.114187  	0.0729159 
1.315000	10.6256   	11.1198   	11.2889   	11.2889   	0.0590459 	0.0396443 	0.0825572 	0.114328  	0.0730256 
1.317500	10.6459   	11.1411   	11.3101   	11.3101   	0.0591358 	0.0397054 	0.082673  	0.11447   	0.0731353 
1.320000	10.6662   	11.1623   	11.3313   	11.3313   	0.0592257 	0.0397664 	0.0827888 	0.114612  	0.073245  
1.322500	10.6865   	11.1836   	11.3525   	11.3525   	0.0593156 	0.0398274 	0.0829046 	0.114754  	0.0733546 
1.325000	10.7069   	11.2048   	11.3737   	11.3737   	0.0594055 	0.0398884 	0.0830204 	0.114896  	0.0734643 
1.327500	10.7272   	11.2261   	11.3948   	11.3948   	0.0594954 	0.0399494 	0.0831362 	0.115037  	0.073574  
1.330000	10.7475   	11.2473   	11.416    	11.416    	0.0595853 	0.0400105 	0.083252  	0.115179  	0.0736837 
1.332500	10.7678   	11.2686   	11.4372   	11.4372   	0.0596752 	0.0400715 	0.0833678 	0.115321  	0.0737933 
1.335000	10.7881   	11.2899   	11.4584   	11.4584   	0.0597651 	0.0401325 	0.0834836 	0.115463  	0.073903  
