Energy (MeV/u)	0 - [He-base] F.Hubert et al, AD&ND Tables 46(1990)1	1 - [H -base] J.F.Ziegler et al, Pergamon Press, NY (low energy)	2 - ATIMA 1.2  LS-theory (recommended for high energy)	3 - ATIMA 1.2  without LS-correction	4 - Range straggling - method [0] - LISE	5 - Range straggling - method [1] - Atima	6 - Lateral range - method [0] - LISE	7 - Lateral range - method [1] - Atima	8 - Lateral range - method [2] - PDG
10.000000	157.572   	163.14    	156.309   	156.309   	0.787854  	0.478545  	0.182105  	0.218169  	0.17248   
10.250000	164.214   	169.782   	162.788   	162.782   	0.8224    	0.498081  	0.187626  	0.22403   	0.177925  
10.500000	170.856   	176.425   	169.267   	169.255   	0.856947  	0.517617  	0.193147  	0.229891  	0.183369  
10.750000	177.498   	183.067   	175.746   	175.729   	0.891494  	0.537154  	0.198668  	0.235751  	0.188814  
11.000000	184.14    	189.709   	182.226   	182.202   	0.926041  	0.55669   	0.204189  	0.241612  	0.194258  
11.250000	191.255   	196.804   	189.186   	189.146   	0.963593  	0.577705  	0.210294  	0.248079  	0.200277  
11.500000	198.371   	203.899   	196.147   	196.09    	1.00114   	0.59872   	0.216399  	0.254545  	0.206297  
11.750000	205.487   	210.993   	203.108   	203.034   	1.0387    	0.619736  	0.222504  	0.261011  	0.212316  
12.000000	212.603   	218.088   	210.069   	209.978   	1.07625   	0.640751  	0.228608  	0.267477  	0.218335  
12.250000	220.187   	225.632   	217.509   	217.39    	1.11678   	0.66322   	0.235281  	0.274526  	0.224915  
12.500000	227.771   	233.177   	224.949   	224.803   	1.15731   	0.685688  	0.241953  	0.281575  	0.231494  
12.750000	235.355   	240.721   	232.389   	232.215   	1.19784   	0.708157  	0.248625  	0.288624  	0.238074  
13.000000	242.939   	248.265   	239.829   	239.628   	1.23838   	0.730626  	0.255298  	0.295673  	0.244654  
13.250000	250.986   	256.257   	247.746   	247.507   	1.28186   	0.754524  	0.262527  	0.30329   	0.251785  
13.500000	259.033   	264.248   	255.662   	255.386   	1.32535   	0.778423  	0.269757  	0.310906  	0.258916  
13.750000	267.08    	272.24    	263.579   	263.265   	1.36884   	0.802321  	0.276986  	0.318523  	0.266047  
14.000000	275.127   	280.232   	271.495   	271.144   	1.41233   	0.82622   	0.284216  	0.326139  	0.273178  
14.250000	283.633   	288.668   	279.885   	279.487   	1.45875   	0.85153   	0.291988  	0.334304  	0.280849  
14.500000	292.138   	297.104   	288.276   	287.83    	1.50517   	0.876839  	0.299761  	0.342469  	0.288519  
14.750000	300.643   	305.54    	296.666   	296.173   	1.55159   	0.902149  	0.307534  	0.350634  	0.296189  
15.000000	309.148   	313.976   	305.056   	304.517   	1.59801   	0.927459  	0.315306  	0.358799  	0.30386   
15.250000	318.107   	322.853   	313.916   	313.321   	1.64734   	0.954153  	0.323612  	0.367497  	0.312061  
15.500000	327.065   	331.731   	322.777   	322.126   	1.69667   	0.980847  	0.331918  	0.376196  	0.320261  
15.750000	336.024   	340.609   	331.638   	330.931   	1.74599   	1.00754   	0.340224  	0.384895  	0.328462  
16.000000	344.982   	349.487   	340.498   	339.736   	1.79532   	1.03423   	0.348529  	0.393594  	0.336663  
16.250000	354.39    	358.804   	349.825   	348.999   	1.84753   	1.06228   	0.357357  	0.402811  	0.345384  
16.500000	363.797   	368.12    	359.153   	358.262   	1.89973   	1.09032   	0.366184  	0.412028  	0.354105  
16.750000	373.205   	377.437   	368.48    	367.526   	1.95193   	1.11836   	0.375011  	0.421245  	0.362826  
17.000000	382.612   	386.754   	377.808   	376.789   	2.00413   	1.1464    	0.383838  	0.430462  	0.371547  
17.250000	392.464   	396.507   	387.598   	386.508   	2.05918   	1.17577   	0.393176  	0.440181  	0.380779  
17.500000	402.316   	406.26    	397.388   	396.227   	2.11422   	1.20514   	0.402513  	0.449901  	0.39001   
17.750000	412.168   	416.014   	407.179   	405.945   	2.16927   	1.23452   	0.41185   	0.459621  	0.399241  
18.000000	422.02    	425.767   	416.969   	415.664   	2.22431   	1.26389   	0.421188  	0.469341  	0.408473  
18.250000	432.312   	435.953   	427.219   	425.835   	2.28217   	1.29458   	0.431027  	0.479552  	0.418207  
18.500000	442.605   	446.14    	437.469   	436.006   	2.34003   	1.32527   	0.440866  	0.489763  	0.427941  
18.750000	452.897   	456.327   	447.719   	446.176   	2.39788   	1.35596   	0.450705  	0.499974  	0.437676  
19.000000	463.19    	466.514   	457.968   	456.347   	2.45574   	1.38665   	0.460544  	0.510185  	0.44741   
19.250000	473.918   	477.131   	468.674   	466.966   	2.51637   	1.41864   	0.470877  	0.520877  	0.45764   
19.500000	484.647   	487.749   	479.379   	477.586   	2.57701   	1.45062   	0.48121   	0.531569  	0.46787   
19.750000	495.376   	498.366   	490.084   	488.205   	2.63764   	1.48261   	0.491543  	0.542261  	0.478101  
20.000000	506.105   	508.984   	500.789   	498.824   	2.69827   	1.51459   	0.501876  	0.552953  	0.488331  
20.250000	517.267   	520.029   	511.946   	509.888   	2.76164   	1.54783   	0.512694  	0.564115  	0.49905   
20.500000	528.428   	531.075   	523.102   	520.951   	2.82501   	1.58108   	0.523512  	0.575278  	0.509768  
20.750000	539.59    	542.121   	534.258   	532.015   	2.88838   	1.61432   	0.53433   	0.58644   	0.520487  
21.000000	550.751   	553.166   	545.414   	543.078   	2.95175   	1.64756   	0.545149  	0.597602  	0.531206  
21.250000	562.342   	564.637   	557.017   	554.582   	3.01781   	1.68203   	0.556444  	0.609223  	0.542406  
21.500000	573.932   	576.108   	568.62    	566.086   	3.08388   	1.7165    	0.567739  	0.620845  	0.553605  
21.750000	585.523   	587.58    	580.223   	577.59    	3.14994   	1.75097   	0.579035  	0.632467  	0.564805  
22.000000	597.113   	599.051   	591.826   	589.094   	3.216     	1.78543   	0.59033   	0.644089  	0.576005  
22.250000	609.129   	610.945   	603.87    	601.035   	3.28471   	1.82111   	0.602094  	0.656159  	0.587678  
22.500000	621.145   	622.838   	615.914   	612.975   	3.35341   	1.85678   	0.613857  	0.66823   	0.599351  
22.750000	633.161   	634.732   	627.959   	624.915   	3.42212   	1.89245   	0.625621  	0.680301  	0.611023  
23.000000	645.177   	646.626   	640.003   	636.855   	3.49083   	1.92812   	0.637385  	0.692372  	0.622696  
23.250000	657.615   	658.94    	652.484   	649.226   	3.56213   	1.96496   	0.649607  	0.704881  	0.634834  
23.500000	670.053   	671.254   	664.965   	661.598   	3.63343   	2.00181   	0.66183   	0.71739   	0.646972  
23.750000	682.49    	683.568   	677.446   	673.969   	3.70472   	2.03866   	0.674053  	0.729899  	0.659109  
24.000000	694.928   	695.882   	689.927   	686.341   	3.77602   	2.0755    	0.686276  	0.742409  	0.671247  
24.250000	707.785   	708.614   	702.839   	699.139   	3.84986   	2.11349   	0.698949  	0.755345  	0.683841  
24.500000	720.641   	721.345   	715.751   	711.938   	3.9237    	2.15148   	0.711622  	0.768282  	0.696435  
24.750000	733.498   	734.077   	728.663   	724.736   	3.99754   	2.18947   	0.724295  	0.781219  	0.709029  
25.000000	746.354   	746.809   	741.575   	737.534   	4.07138   	2.22746   	0.736968  	0.794155  	0.721623  
25.250000	759.832   	760.161   	755.123   	750.963   	4.14892   	2.26711   	0.750299  	0.807714  	0.734885  
25.500000	773.31    	773.514   	768.671   	764.392   	4.22646   	2.30676   	0.763629  	0.821272  	0.748148  
25.750000	786.789   	786.867   	782.219   	777.82    	4.304     	2.34641   	0.77696   	0.834831  	0.76141   
26.000000	800.267   	800.22    	795.767   	791.249   	4.38153   	2.38606   	0.790291  	0.848389  	0.774673  
26.250000	813.745   	813.572   	809.315   	804.677   	4.45907   	2.4257    	0.803621  	0.861948  	0.787935  
26.500000	827.223   	826.925   	822.863   	818.106   	4.53661   	2.46535   	0.816952  	0.875506  	0.801197  
26.750000	840.701   	840.278   	836.411   	831.534   	4.61415   	2.505     	0.830283  	0.889064  	0.81446   
27.000000	854.179   	853.631   	849.959   	844.963   	4.69168   	2.54465   	0.843613  	0.902623  	0.827722  
27.250000	868.475   	867.803   	864.336   	859.214   	4.77396   	2.5864    	0.857789  	0.916975  	0.841846  
27.500000	882.772   	881.976   	878.712   	873.466   	4.85623   	2.62815   	0.871965  	0.931328  	0.855971  
27.750000	897.068   	896.149   	893.089   	887.717   	4.9385    	2.66991   	0.886141  	0.945681  	0.870095  
28.000000	911.365   	910.321   	907.466   	901.969   	5.02077   	2.71166   	0.900317  	0.960033  	0.884219  
28.250000	925.661   	924.494   	921.842   	916.22    	5.10304   	2.75342   	0.914493  	0.974386  	0.898343  
28.500000	939.958   	938.666   	936.219   	930.472   	5.18532   	2.79517   	0.928669  	0.988738  	0.912467  
28.750000	954.254   	952.839   	950.596   	944.723   	5.26759   	2.83693   	0.942845  	1.00309   	0.926591  
29.000000	968.551   	967.012   	964.973   	958.974   	5.34986   	2.87868   	0.957021  	1.01744   	0.940715  
29.250000	983.654   	981.994   	980.156   	974.03    	5.43665   	2.92243   	0.972007  	1.03255   	0.955667  
29.500000	998.757   	996.977   	995.339   	989.085   	5.52343   	2.96618   	0.986992  	1.04766   	0.97062   
29.750000	1013.86   	1011.96   	1010.52   	1004.14   	5.61022   	3.00992   	1.00198   	1.06277   	0.985572  
30.000000	1028.96   	1026.94   	1025.71   	1019.2    	5.69701   	3.05367   	1.01696   	1.07787   	1.00052   
30.250000	1044.07   	1041.92   	1040.89   	1034.25   	5.7838    	3.09742   	1.03195   	1.09298   	1.01548   
30.500000	1059.17   	1056.91   	1056.07   	1049.31   	5.87058   	3.14117   	1.04693   	1.10809   	1.03043   
30.750000	1074.27   	1071.89   	1071.26   	1064.36   	5.95737   	3.18491   	1.06192   	1.1232    	1.04538   
31.000000	1089.38   	1086.87   	1086.44   	1079.42   	6.04416   	3.22866   	1.07691   	1.13831   	1.06033   
31.250000	1105.28   	1102.66   	1102.42   	1095.28   	6.13546   	3.2744    	1.09269   	1.15415   	1.0761    
31.500000	1121.17   	1118.44   	1118.4    	1111.14   	6.22676   	3.32014   	1.10847   	1.17      	1.09187   
31.750000	1137.07   	1134.22   	1134.38   	1127      	6.31807   	3.36588   	1.12424   	1.18584   	1.10763   
32.000000	1152.97   	1150.01   	1150.36   	1142.86   	6.40937   	3.41162   	1.14002   	1.20169   	1.1234    
32.250000	1168.87   	1165.79   	1166.34   	1158.72   	6.50067   	3.45736   	1.1558    	1.21753   	1.13917   
32.500000	1184.77   	1181.57   	1182.32   	1174.58   	6.59198   	3.50311   	1.17158   	1.23338   	1.15494   
32.750000	1200.67   	1197.35   	1198.31   	1190.44   	6.68328   	3.54885   	1.18736   	1.24922   	1.1707    
33.000000	1216.57   	1213.14   	1214.29   	1206.3    	6.77459   	3.59459   	1.20314   	1.26507   	1.18647   
33.250000	1233.25   	1229.71   	1231.06   	1222.96   	6.87039   	3.64232   	1.21971   	1.28163   	1.20304   
33.500000	1249.94   	1246.29   	1247.83   	1239.62   	6.9662    	3.69005   	1.23627   	1.2982    	1.21961   
33.750000	1266.62   	1262.86   	1264.6    	1256.28   	7.06201   	3.73779   	1.25283   	1.31477   	1.23618   
34.000000	1283.3    	1279.43   	1281.37   	1272.94   	7.15782   	3.78552   	1.26939   	1.33133   	1.25275   
34.250000	1299.99   	1296.01   	1298.14   	1289.6    	7.25363   	3.83325   	1.28595   	1.3479    	1.26933   
34.500000	1316.67   	1312.58   	1314.91   	1306.26   	7.34943   	3.88099   	1.30251   	1.36447   	1.2859    
34.750000	1333.35   	1329.16   	1331.68   	1322.92   	7.44524   	3.92872   	1.31907   	1.38104   	1.30247   
35.000000	1350.04   	1345.73   	1348.45   	1339.57   	7.54105   	3.97645   	1.33563   	1.3976    	1.31904   
35.250000	1367.69   	1363.28   	1366.2    	1357.22   	7.64242   	4.02662   	1.35315   	1.41505   	1.3366    
35.500000	1385.34   	1380.83   	1383.94   	1374.86   	7.74378   	4.07679   	1.37067   	1.4325    	1.35416   
35.750000	1402.99   	1398.38   	1401.68   	1392.5    	7.84515   	4.12696   	1.38819   	1.44995   	1.37172   
36.000000	1420.64   	1415.93   	1419.43   	1410.14   	7.94651   	4.17713   	1.40571   	1.46739   	1.38928   
36.250000	1438.29   	1433.48   	1437.17   	1427.79   	8.04788   	4.2273    	1.42323   	1.48484   	1.40684   
36.500000	1455.94   	1451.03   	1454.91   	1445.43   	8.14925   	4.27747   	1.44075   	1.50229   	1.4244    
36.750000	1473.59   	1468.58   	1472.66   	1463.07   	8.25061   	4.32764   	1.45827   	1.51974   	1.44196   
37.000000	1491.24   	1486.13   	1490.4    	1480.71   	8.35198   	4.37781   	1.47579   	1.53719   	1.45952   
37.250000	1508.89   	1503.68   	1508.14   	1498.35   	8.45334   	4.42798   	1.49331   	1.55463   	1.47708   
37.500000	1526.54   	1521.23   	1525.89   	1516      	8.55471   	4.47815   	1.51083   	1.57208   	1.49464   
37.750000	1544.19   	1538.78   	1543.63   	1533.64   	8.65608   	4.52832   	1.52835   	1.58953   	1.5122    
38.000000	1561.84   	1556.33   	1561.38   	1551.28   	8.75744   	4.57849   	1.54587   	1.60698   	1.52976   
38.250000	1580.63   	1575.03   	1580.27   	1570.08   	8.86536   	4.63152   	1.56451   	1.62546   	1.54848   
38.500000	1599.43   	1593.74   	1599.16   	1588.89   	8.97328   	4.68454   	1.58316   	1.64394   	1.56721   
38.750000	1618.22   	1612.44   	1618.05   	1607.69   	9.0812    	4.73756   	1.6018    	1.66241   	1.58594   
39.000000	1637.01   	1631.14   	1636.95   	1626.5    	9.18912   	4.79058   	1.62045   	1.68089   	1.60466   
39.250000	1655.8    	1649.85   	1655.84   	1645.3    	9.29704   	4.8436    	1.63909   	1.69937   	1.62339   
39.500000	1674.59   	1668.55   	1674.73   	1664.1    	9.40497   	4.89663   	1.65773   	1.71785   	1.64211   
39.750000	1693.38   	1687.25   	1693.62   	1682.91   	9.51289   	4.94965   	1.67638   	1.73633   	1.66084   
40.000000	1712.17   	1705.96   	1712.52   	1701.71   	9.62081   	5.00267   	1.69502   	1.75481   	1.67956   
40.250000	1730.96   	1724.66   	1731.41   	1720.52   	9.72873   	5.05569   	1.71367   	1.77328   	1.69829   
40.500000	1749.75   	1743.36   	1750.3    	1739.32   	9.83665   	5.10871   	1.73231   	1.79176   	1.71701   
40.750000	1768.55   	1762.07   	1769.19   	1758.12   	9.94457   	5.16174   	1.75096   	1.81024   	1.73574   
41.000000	1787.34   	1780.77   	1788.09   	1776.93   	10.0525   	5.21476   	1.7696    	1.82872   	1.75446   
41.250000	1807.25   	1800.61   	1808.11   	1796.87   	10.1669   	5.27061   	1.78935   	1.8482    	1.77433   
41.500000	1827.16   	1820.44   	1828.13   	1816.82   	10.2812   	5.32647   	1.80909   	1.86769   	1.79421   
41.750000	1847.07   	1840.28   	1848.15   	1836.77   	10.3956   	5.38232   	1.82884   	1.88717   	1.81408   
42.000000	1866.98   	1860.12   	1868.18   	1856.71   	10.51     	5.43818   	1.84859   	1.90666   	1.83395   
42.250000	1886.89   	1879.96   	1888.2    	1876.66   	10.6243   	5.49403   	1.86833   	1.92614   	1.85382   
42.500000	1906.81   	1899.79   	1908.22   	1896.6    	10.7387   	5.54989   	1.88808   	1.94562   	1.87369   
42.750000	1926.72   	1919.63   	1928.24   	1916.55   	10.853    	5.60574   	1.90783   	1.96511   	1.89356   
43.000000	1946.63   	1939.47   	1948.27   	1936.5    	10.9674   	5.6616    	1.92757   	1.98459   	1.91343   
43.250000	1966.54   	1959.31   	1968.29   	1956.44   	11.0818   	5.71745   	1.94732   	2.00407   	1.9333    
43.500000	1986.45   	1979.15   	1988.31   	1976.39   	11.1961   	5.77331   	1.96706   	2.02356   	1.95317   
43.750000	2006.36   	1998.98   	2008.33   	1996.33   	11.3105   	5.82916   	1.98681   	2.04304   	1.97304   
44.000000	2026.27   	2018.82   	2028.36   	2016.28   	11.4249   	5.88502   	2.00656   	2.06253   	1.99291   
44.250000	2047.29   	2039.77   	2049.49   	2037.35   	11.5456   	5.9436    	2.02738   	2.08299   	2.01391   
44.500000	2068.3    	2060.73   	2070.62   	2058.42   	11.6662   	6.00218   	2.04821   	2.10346   	2.03491   
44.750000	2089.31   	2081.68   	2091.76   	2079.49   	11.7869   	6.06076   	2.06903   	2.12392   	2.0559    
45.000000	2110.32   	2102.63   	2112.89   	2100.56   	11.9076   	6.11934   	2.08986   	2.14439   	2.0769    
45.250000	2131.34   	2123.59   	2134.02   	2121.63   	12.0283   	6.17792   	2.11068   	2.16485   	2.0979    
45.500000	2152.35   	2144.54   	2155.16   	2142.7    	12.1489   	6.2365    	2.13151   	2.18532   	2.11889   
45.750000	2173.36   	2165.5    	2176.29   	2163.76   	12.2696   	6.29508   	2.15233   	2.20578   	2.13989   
46.000000	2194.38   	2186.45   	2197.42   	2184.83   	12.3903   	6.35366   	2.17316   	2.22625   	2.16089   
46.250000	2215.39   	2207.4    	2218.56   	2205.9    	12.511    	6.41224   	2.19398   	2.24671   	2.18188   
46.500000	2236.4    	2228.36   	2239.69   	2226.97   	12.6317   	6.47082   	2.21481   	2.26718   	2.20288   
46.750000	2257.41   	2249.31   	2260.83   	2248.04   	12.7523   	6.5294    	2.23563   	2.28764   	2.22388   
47.000000	2278.43   	2270.26   	2281.96   	2269.11   	12.873    	6.58798   	2.25646   	2.30811   	2.24487   
47.250000	2300.52   	2292.32   	2304.19   	2291.29   	12.9999   	6.64926   	2.27834   	2.32953   	2.26698   
47.500000	2322.62   	2314.37   	2326.41   	2313.46   	13.1268   	6.71054   	2.30023   	2.35096   	2.28909   
47.750000	2344.71   	2336.42   	2348.64   	2335.63   	13.2537   	6.77182   	2.32211   	2.37239   	2.31119   
48.000000	2366.81   	2358.47   	2370.87   	2357.81   	13.3806   	6.8331    	2.344     	2.39381   	2.3333    
48.250000	2388.9    	2380.52   	2393.1    	2379.98   	13.5075   	6.89438   	2.36588   	2.41524   	2.35541   
48.500000	2411      	2402.58   	2415.33   	2402.16   	13.6343   	6.95566   	2.38776   	2.43667   	2.37751   
48.750000	2433.1    	2424.63   	2437.55   	2424.33   	13.7612   	7.01694   	2.40965   	2.45809   	2.39962   
49.000000	2455.19   	2446.68   	2459.78   	2446.51   	13.8881   	7.07822   	2.43153   	2.47952   	2.42173   
49.250000	2477.29   	2468.73   	2482.01   	2468.68   	14.015    	7.1395    	2.45342   	2.50095   	2.44383   
49.500000	2499.38   	2490.79   	2504.24   	2490.86   	14.1419   	7.20078   	2.4753    	2.52237   	2.46594   
49.750000	2521.48   	2512.84   	2526.46   	2513.03   	14.2688   	7.26206   	2.49719   	2.5438    	2.48804   
50.000000	2543.57   	2534.89   	2548.69   	2535.21   	14.3957   	7.32333   	2.51907   	2.56523   	2.51015   
50.250000	2567.09   	2558.38   	2572.35   	2558.83   	14.5306   	7.38817   	2.54233   	2.5879    	2.53371   
50.500000	2590.6    	2581.87   	2596.01   	2582.45   	14.6656   	7.453     	2.5656    	2.61058   	2.55727   
50.750000	2614.11   	2605.36   	2619.67   	2606.07   	14.8006   	7.51784   	2.58886   	2.63325   	2.58082   
51.000000	2637.62   	2628.85   	2643.33   	2629.69   	14.9355   	7.58267   	2.61213   	2.65593   	2.60438   
51.250000	2661.13   	2652.34   	2666.99   	2653.31   	15.0705   	7.6475    	2.63539   	2.6786    	2.62794   
51.500000	2684.64   	2675.83   	2690.65   	2676.93   	15.2055   	7.71234   	2.65865   	2.70128   	2.6515    
51.750000	2708.16   	2699.31   	2714.31   	2700.55   	15.3404   	7.77717   	2.68192   	2.72396   	2.67506   
52.000000	2731.67   	2722.8    	2737.97   	2724.17   	15.4754   	7.842     	2.70518   	2.74663   	2.69861   
52.250000	2755.18   	2746.29   	2761.62   	2747.79   	15.6104   	7.90684   	2.72845   	2.76931   	2.72217   
52.500000	2778.69   	2769.78   	2785.28   	2771.41   	15.7453   	7.97167   	2.75171   	2.79198   	2.74573   
52.750000	2802.2    	2793.27   	2808.94   	2795.03   	15.8803   	8.0365    	2.77497   	2.81466   	2.76929   
53.000000	2825.71   	2816.76   	2832.6    	2818.65   	16.0153   	8.10134   	2.79824   	2.83734   	2.79285   
53.250000	2849.22   	2840.25   	2856.26   	2842.27   	16.1502   	8.16617   	2.8215    	2.86001   	2.8164    
53.500000	2872.74   	2863.74   	2879.92   	2865.89   	16.2852   	8.23101   	2.84477   	2.88269   	2.83996   
53.750000	2896.25   	2887.23   	2903.58   	2889.51   	16.4201   	8.29584   	2.86803   	2.90536   	2.86352   
54.000000	2919.76   	2910.72   	2927.24   	2913.13   	16.5551   	8.36067   	2.89129   	2.92804   	2.88708   
54.250000	2943.27   	2934.21   	2950.9    	2936.75   	16.6901   	8.42551   	2.91456   	2.95071   	2.91063   
54.500000	2966.78   	2957.7    	2974.56   	2960.37   	16.825    	8.49034   	2.93782   	2.97339   	2.93419   
54.750000	2990.29   	2981.19   	2998.22   	2984      	16.96     	8.55517   	2.96109   	2.99607   	2.95775   
55.000000	3013.81   	3004.67   	3021.88   	3007.62   	17.095    	8.62001   	2.98435   	3.01874   	2.98131   
55.250000	3039.05   	3029.92   	3047.29   	3033      	17.2397   	8.68909   	3.00929   	3.04293   	3.00664   
55.500000	3064.29   	3055.17   	3072.7    	3058.39   	17.3845   	8.75818   	3.03423   	3.06713   	3.03197   
55.750000	3089.54   	3080.42   	3098.1    	3083.78   	17.5293   	8.82726   	3.05917   	3.09132   	3.05731   
56.000000	3114.78   	3105.66   	3123.51   	3109.17   	17.674    	8.89635   	3.08412   	3.11551   	3.08264   
56.250000	3140.02   	3130.91   	3148.92   	3134.56   	17.8188   	8.96544   	3.10906   	3.1397    	3.10797   
56.500000	3165.26   	3156.16   	3174.33   	3159.95   	17.9636   	9.03452   	3.134     	3.16389   	3.1333    
56.750000	3190.51   	3181.4    	3199.74   	3185.34   	18.1084   	9.10361   	3.15894   	3.18809   	3.15863   
57.000000	3215.75   	3206.65   	3225.15   	3210.73   	18.2531   	9.17269   	3.18388   	3.21228   	3.18397   
57.250000	3240.99   	3231.9    	3250.56   	3236.12   	18.3979   	9.24178   	3.20882   	3.23647   	3.2093    
57.500000	3266.24   	3257.14   	3275.97   	3261.51   	18.5427   	9.31086   	3.23377   	3.26066   	3.23463   
57.750000	3291.48   	3282.39   	3301.38   	3286.9    	18.6874   	9.37995   	3.25871   	3.28485   	3.25996   
58.000000	3316.72   	3307.64   	3326.79   	3312.29   	18.8322   	9.44904   	3.28365   	3.30905   	3.2853    
58.250000	3341.96   	3332.88   	3352.2    	3337.68   	18.977    	9.51812   	3.30859   	3.33324   	3.31063   
58.500000	3367.21   	3358.13   	3377.61   	3363.06   	19.1217   	9.58721   	3.33353   	3.35743   	3.33596   
58.750000	3392.45   	3383.38   	3403.02   	3388.45   	19.2665   	9.65629   	3.35847   	3.38162   	3.36129   
59.000000	3417.69   	3408.62   	3428.43   	3413.84   	19.4113   	9.72538   	3.38341   	3.40581   	3.38663   
59.250000	3442.94   	3433.87   	3453.84   	3439.23   	19.556    	9.79446   	3.40836   	3.43001   	3.41196   
59.500000	3468.18   	3459.12   	3479.25   	3464.62   	19.7008   	9.86355   	3.4333    	3.4542    	3.43729   
59.750000	3493.42   	3484.36   	3504.66   	3490.01   	19.8456   	9.93264   	3.45824   	3.47839   	3.46262   
60.000000	3518.66   	3509.61   	3530.07   	3515.4    	19.9903   	10.0017   	3.48318   	3.50258   	3.48795   
60.250000	3545.6    	3536.57   	3557.18   	3542.52   	20.1446   	10.0749   	3.50975   	3.52824   	3.51502   
60.500000	3572.53   	3563.53   	3584.3    	3569.63   	20.2988   	10.1481   	3.53631   	3.5539    	3.54208   
60.750000	3599.46   	3590.5    	3611.42   	3596.75   	20.4531   	10.2213   	3.56288   	3.57956   	3.56914   
61.000000	3626.39   	3617.46   	3638.53   	3623.86   	20.6073   	10.2945   	3.58945   	3.60522   	3.5962    
61.250000	3653.32   	3644.42   	3665.65   	3650.98   	20.7616   	10.3677   	3.61602   	3.63088   	3.62327   
61.500000	3680.26   	3671.38   	3692.77   	3678.09   	20.9158   	10.4409   	3.64258   	3.65654   	3.65033   
61.750000	3707.19   	3698.34   	3719.88   	3705.21   	21.07     	10.5141   	3.66915   	3.6822    	3.67739   
62.000000	3734.12   	3725.31   	3747      	3732.32   	21.2243   	10.5873   	3.69572   	3.70785   	3.70445   
62.250000	3761.05   	3752.27   	3774.12   	3759.44   	21.3785   	10.6605   	3.72228   	3.73351   	3.73151   
62.500000	3787.99   	3779.23   	3801.23   	3786.55   	21.5328   	10.7337   	3.74885   	3.75917   	3.75858   
62.750000	3814.92   	3806.19   	3828.35   	3813.67   	21.687    	10.8069   	3.77542   	3.78483   	3.78564   
63.000000	3841.85   	3833.15   	3855.47   	3840.79   	21.8412   	10.8801   	3.80198   	3.81049   	3.8127    
63.250000	3868.78   	3860.11   	3882.58   	3867.9    	21.9955   	10.9533   	3.82855   	3.83615   	3.83976   
63.500000	3895.71   	3887.08   	3909.7    	3895.02   	22.1497   	11.0265   	3.85512   	3.86181   	3.86682   
63.750000	3922.65   	3914.04   	3936.82   	3922.13   	22.304    	11.0997   	3.88168   	3.88747   	3.89389   
64.000000	3949.58   	3941      	3963.93   	3949.25   	22.4582   	11.173    	3.90825   	3.91313   	3.92095   
64.250000	3976.51   	3967.96   	3991.05   	3976.36   	22.6124   	11.2462   	3.93482   	3.93878   	3.94801   
64.500000	4003.44   	3994.92   	4018.17   	4003.48   	22.7667   	11.3194   	3.96138   	3.96444   	3.97507   
64.750000	4030.38   	4021.89   	4045.28   	4030.59   	22.9209   	11.3926   	3.98795   	3.9901    	4.00214   
65.000000	4057.31   	4048.85   	4072.4    	4057.71   	23.0752   	11.4658   	4.01452   	4.01576   	4.0292    
65.250000	4085.89   	4077.48   	4101.19   	4086.51   	23.2386   	11.5429   	4.04266   	4.04284   	4.05795   
65.500000	4114.47   	4106.12   	4129.97   	4115.31   	23.402    	11.62     	4.07081   	4.06993   	4.0867    
65.750000	4143.06   	4134.76   	4158.76   	4144.12   	23.5654   	11.6972   	4.09895   	4.09701   	4.11545   
66.000000	4171.64   	4163.39   	4187.54   	4172.92   	23.7289   	11.7743   	4.1271    	4.12409   	4.14421   
66.250000	4200.22   	4192.03   	4216.33   	4201.72   	23.8923   	11.8515   	4.15524   	4.15117   	4.17296   
66.500000	4228.8    	4220.67   	4245.11   	4230.52   	24.0557   	11.9286   	4.18339   	4.17825   	4.20171   
66.750000	4257.39   	4249.3    	4273.9    	4259.32   	24.2192   	12.0058   	4.21154   	4.20534   	4.23046   
67.000000	4285.97   	4277.94   	4302.69   	4288.13   	24.3826   	12.0829   	4.23968   	4.23242   	4.25922   
67.250000	4314.55   	4306.57   	4331.47   	4316.93   	24.546    	12.16     	4.26783   	4.2595    	4.28797   
67.500000	4343.13   	4335.21   	4360.26   	4345.73   	24.7095   	12.2372   	4.29597   	4.28658   	4.31672   
67.750000	4371.72   	4363.85   	4389.04   	4374.53   	24.8729   	12.3143   	4.32412   	4.31367   	4.34547   
68.000000	4400.3    	4392.48   	4417.83   	4403.33   	25.0363   	12.3915   	4.35226   	4.34075   	4.37422   
68.250000	4428.88   	4421.12   	4446.61   	4432.13   	25.1997   	12.4686   	4.38041   	4.36783   	4.40298   
68.500000	4457.46   	4449.76   	4475.4    	4460.94   	25.3632   	12.5458   	4.40855   	4.39491   	4.43173   
68.750000	4486.05   	4478.39   	4504.18   	4489.74   	25.5266   	12.6229   	4.4367    	4.42199   	4.46048   
69.000000	4514.63   	4507.03   	4532.97   	4518.54   	25.69     	12.7      	4.46484   	4.44908   	4.48923   
69.250000	4543.21   	4535.67   	4561.76   	4547.34   	25.8535   	12.7772   	4.49299   	4.47616   	4.51799   
69.500000	4571.79   	4564.3    	4590.54   	4576.14   	26.0169   	12.8543   	4.52113   	4.50324   	4.54674   
69.750000	4600.38   	4592.94   	4619.33   	4604.95   	26.1803   	12.9315   	4.54928   	4.53032   	4.57549   
70.000000	4628.96   	4621.57   	4648.11   	4633.75   	26.3437   	13.0086   	4.57742   	4.55741   	4.60424   
70.250000	4659.15   	4651.85   	4678.53   	4664.2    	26.5161   	13.0897   	4.6071    	4.58587   	4.63465   
70.500000	4689.35   	4682.12   	4708.95   	4694.65   	26.6884   	13.1707   	4.63678   	4.61433   	4.66505   
70.750000	4719.55   	4712.39   	4739.37   	4725.1    	26.8608   	13.2518   	4.66646   	4.6428    	4.69546   
71.000000	4749.74   	4742.66   	4769.78   	4755.55   	27.0331   	13.3328   	4.69614   	4.67126   	4.72586   
71.250000	4779.94   	4772.94   	4800.2    	4786      	27.2054   	13.4139   	4.72582   	4.69973   	4.75626   
71.500000	4810.14   	4803.21   	4830.62   	4816.45   	27.3778   	13.495    	4.7555    	4.72819   	4.78667   
71.750000	4840.33   	4833.48   	4861.04   	4846.9    	27.5501   	13.576    	4.78518   	4.75666   	4.81707   
72.000000	4870.53   	4863.75   	4891.46   	4877.35   	27.7225   	13.6571   	4.81485   	4.78512   	4.84748   
72.250000	4900.72   	4894.03   	4921.87   	4907.8    	27.8948   	13.7381   	4.84453   	4.81359   	4.87788   
72.500000	4930.92   	4924.3    	4952.29   	4938.25   	28.0672   	13.8192   	4.87421   	4.84205   	4.90829   
72.750000	4961.12   	4954.57   	4982.71   	4968.7    	28.2395   	13.9002   	4.90389   	4.87052   	4.93869   
73.000000	4991.31   	4984.84   	5013.13   	4999.15   	28.4118   	13.9813   	4.93357   	4.89898   	4.9691    
73.250000	5021.51   	5015.12   	5043.54   	5029.6    	28.5842   	14.0623   	4.96325   	4.92745   	4.9995    
73.500000	5051.71   	5045.39   	5073.96   	5060.05   	28.7565   	14.1434   	4.99293   	4.95591   	5.0299    
73.750000	5081.9    	5075.66   	5104.38   	5090.5    	28.9289   	14.2245   	5.02261   	4.98438   	5.06031   
74.000000	5112.1    	5105.93   	5134.8    	5120.95   	29.1012   	14.3055   	5.05229   	5.01284   	5.09071   
74.250000	5142.29   	5136.21   	5165.22   	5151.41   	29.2735   	14.3866   	5.08196   	5.0413    	5.12112   
74.500000	5172.49   	5166.48   	5195.63   	5181.86   	29.4459   	14.4676   	5.11164   	5.06977   	5.15152   
74.750000	5202.69   	5196.75   	5226.05   	5212.31   	29.6182   	14.5487   	5.14132   	5.09823   	5.18193   
75.000000	5232.88   	5227.02   	5256.47   	5242.76   	29.7906   	14.6297   	5.171     	5.1267    	5.21233   
75.250000	5264.66   	5258.9    	5288.48   	5274.82   	29.9715   	14.7145   	5.20217   	5.1565    	5.24435   
75.500000	5296.43   	5290.77   	5320.49   	5306.88   	30.1524   	14.7993   	5.23333   	5.18631   	5.27636   
75.750000	5328.21   	5322.64   	5352.51   	5338.95   	30.3334   	14.8841   	5.2645    	5.21611   	5.30838   
76.000000	5359.98   	5354.51   	5384.52   	5371.01   	30.5143   	14.9689   	5.29566   	5.24592   	5.34039   
76.250000	5391.76   	5386.38   	5416.53   	5403.07   	30.6952   	15.0537   	5.32683   	5.27572   	5.37241   
76.500000	5423.54   	5418.26   	5448.54   	5435.13   	30.8762   	15.1385   	5.35799   	5.30553   	5.40443   
76.750000	5455.31   	5450.13   	5480.55   	5467.2    	31.0571   	15.2233   	5.38916   	5.33533   	5.43644   
77.000000	5487.09   	5482      	5512.57   	5499.26   	31.238    	15.3081   	5.42032   	5.36514   	5.46846   
77.250000	5518.86   	5513.87   	5544.58   	5531.32   	31.419    	15.3929   	5.45149   	5.39494   	5.50047   
77.500000	5550.64   	5545.74   	5576.59   	5563.39   	31.5999   	15.4777   	5.48265   	5.42475   	5.53249   
77.750000	5582.41   	5577.62   	5608.6    	5595.45   	31.7808   	15.5625   	5.51382   	5.45456   	5.5645    
78.000000	5614.19   	5609.49   	5640.62   	5627.51   	31.9618   	15.6473   	5.54498   	5.48436   	5.59652   
78.250000	5645.96   	5641.36   	5672.63   	5659.58   	32.1427   	15.7321   	5.57615   	5.51417   	5.62854   
78.500000	5677.74   	5673.23   	5704.64   	5691.64   	32.3236   	15.8169   	5.60732   	5.54397   	5.66055   
78.750000	5709.52   	5705.1    	5736.65   	5723.7    	32.5046   	15.9016   	5.63848   	5.57378   	5.69257   
79.000000	5741.29   	5736.98   	5768.66   	5755.76   	32.6855   	15.9864   	5.66965   	5.60358   	5.72458   
79.250000	5773.07   	5768.85   	5800.68   	5787.83   	32.8664   	16.0712   	5.70081   	5.63339   	5.7566    
79.500000	5804.84   	5800.72   	5832.69   	5819.89   	33.0474   	16.156    	5.73198   	5.66319   	5.78862   
79.750000	5836.62   	5832.59   	5864.7    	5851.95   	33.2283   	16.2408   	5.76314   	5.693     	5.82063   
80.000000	5868.39   	5864.46   	5896.71   	5884.02   	33.4092   	16.3256   	5.79431   	5.7228    	5.85265   
80.250000	5901.72   	5897.9    	5930.29   	5917.66   	33.5985   	16.4141   	5.82692   	5.75391   	5.88624   
80.500000	5935.04   	5931.34   	5963.86   	5951.3    	33.7878   	16.5025   	5.85953   	5.78502   	5.91984   
80.750000	5968.36   	5964.77   	5997.44   	5984.94   	33.9771   	16.591    	5.89215   	5.81614   	5.95343   
81.000000	6001.68   	5998.21   	6031.01   	6018.58   	34.1664   	16.6794   	5.92476   	5.84725   	5.98703   
81.250000	6035      	6031.65   	6064.59   	6052.22   	34.3557   	16.7679   	5.95737   	5.87836   	6.02062   
81.500000	6068.33   	6065.08   	6098.16   	6085.86   	34.545    	16.8563   	5.98998   	5.90947   	6.05422   
81.750000	6101.65   	6098.52   	6131.74   	6119.51   	34.7343   	16.9448   	6.0226    	5.94058   	6.08781   
82.000000	6134.97   	6131.95   	6165.31   	6153.15   	34.9236   	17.0332   	6.05521   	5.97169   	6.12141   
82.250000	6168.29   	6165.39   	6198.88   	6186.79   	35.1129   	17.1217   	6.08782   	6.0028    	6.155     
82.500000	6201.62   	6198.83   	6232.46   	6220.43   	35.3022   	17.2101   	6.12044   	6.03391   	6.18859   
82.750000	6234.94   	6232.26   	6266.03   	6254.07   	35.4915   	17.2986   	6.15305   	6.06503   	6.22219   
83.000000	6268.26   	6265.7    	6299.61   	6287.71   	35.6808   	17.387    	6.18566   	6.09614   	6.25578   
83.250000	6301.58   	6299.14   	6333.18   	6321.35   	35.8701   	17.4755   	6.21828   	6.12725   	6.28938   
83.500000	6334.9    	6332.57   	6366.76   	6354.99   	36.0594   	17.5639   	6.25089   	6.15836   	6.32297   
83.750000	6368.23   	6366.01   	6400.33   	6388.63   	36.2487   	17.6524   	6.2835    	6.18947   	6.35657   
84.000000	6401.55   	6399.45   	6433.91   	6422.28   	36.438    	17.7408   	6.31611   	6.22058   	6.39016   
84.250000	6434.87   	6432.88   	6467.48   	6455.92   	36.6273   	17.8293   	6.34873   	6.25169   	6.42376   
84.500000	6468.19   	6466.32   	6501.06   	6489.56   	36.8166   	17.9177   	6.38134   	6.28281   	6.45735   
84.750000	6501.52   	6499.75   	6534.63   	6523.2    	37.0059   	18.0062   	6.41395   	6.31392   	6.49095   
85.000000	6534.84   	6533.19   	6568.21   	6556.84   	37.1952   	18.0946   	6.44657   	6.34503   	6.52454   
85.250000	6569.68   	6568.16   	6603.31   	6592.03   	37.3926   	18.1866   	6.48058   	6.37741   	6.55968   
85.500000	6604.52   	6603.13   	6638.41   	6627.21   	37.59     	18.2786   	6.5146    	6.40979   	6.59481   
85.750000	6639.35   	6638.09   	6673.52   	6662.4    	37.7874   	18.3706   	6.54862   	6.44217   	6.62995   
86.000000	6674.19   	6673.06   	6708.62   	6697.59   	37.9848   	18.4626   	6.58264   	6.47455   	6.66509   
86.250000	6709.03   	6708.03   	6743.73   	6732.77   	38.1822   	18.5546   	6.61665   	6.50693   	6.70022   
86.500000	6743.87   	6742.99   	6778.83   	6767.96   	38.3795   	18.6466   	6.65067   	6.53931   	6.73536   
86.750000	6778.71   	6777.96   	6813.93   	6803.15   	38.5769   	18.7386   	6.68469   	6.57169   	6.7705    
87.000000	6813.54   	6812.93   	6849.04   	6838.33   	38.7743   	18.8306   	6.71871   	6.60407   	6.80563   
87.250000	6848.38   	6847.9    	6884.14   	6873.52   	38.9717   	18.9227   	6.75273   	6.63645   	6.84077   
87.500000	6883.22   	6882.86   	6919.24   	6908.71   	39.1691   	19.0147   	6.78674   	6.66883   	6.87591   
87.750000	6918.06   	6917.83   	6954.35   	6943.89   	39.3665   	19.1067   	6.82076   	6.70121   	6.91104   
88.000000	6952.9    	6952.8    	6989.45   	6979.08   	39.5638   	19.1987   	6.85478   	6.73359   	6.94618   
88.250000	6987.74   	6987.77   	7024.56   	7014.27   	39.7612   	19.2907   	6.8888    	6.76597   	6.98132   
88.500000	7022.57   	7022.73   	7059.66   	7049.45   	39.9586   	19.3827   	6.92282   	6.79835   	7.01645   
88.750000	7057.41   	7057.7    	7094.76   	7084.64   	40.156    	19.4747   	6.95683   	6.83074   	7.05159   
89.000000	7092.25   	7092.67   	7129.87   	7119.83   	40.3534   	19.5667   	6.99085   	6.86312   	7.08673   
89.250000	7127.09   	7127.64   	7164.97   	7155.01   	40.5508   	19.6587   	7.02487   	6.8955    	7.12186   
89.500000	7161.93   	7162.6    	7200.07   	7190.2    	40.7482   	19.7507   	7.05889   	6.92788   	7.157     
89.750000	7196.77   	7197.57   	7235.18   	7225.39   	40.9455   	19.8427   	7.0929    	6.96026   	7.19214   
90.000000	7231.6    	7232.54   	7270.28   	7260.57   	41.1429   	19.9347   	7.12692   	6.99264   	7.22727   
90.250000	7267.93   	7269      	7306.88   	7297.27   	41.3481   	20.0301   	7.1623    	7.02625   	7.26392   
90.500000	7304.26   	7305.47   	7343.48   	7333.97   	41.5534   	20.1255   	7.19769   	7.05987   	7.30056   
90.750000	7340.58   	7341.93   	7380.08   	7370.68   	41.7586   	20.2209   	7.23307   	7.09348   	7.3372    
91.000000	7376.91   	7378.4    	7416.68   	7407.38   	41.9638   	20.3163   	7.26845   	7.1271    	7.37385   
91.250000	7413.23   	7414.87   	7453.29   	7444.08   	42.169    	20.4118   	7.30384   	7.16071   	7.41049   
91.500000	7449.56   	7451.33   	7489.89   	7480.78   	42.3742   	20.5072   	7.33922   	7.19433   	7.44714   
91.750000	7485.88   	7487.8    	7526.49   	7517.48   	42.5794   	20.6026   	7.3746    	7.22794   	7.48378   
92.000000	7522.21   	7524.27   	7563.09   	7554.18   	42.7846   	20.698    	7.40998   	7.26156   	7.52042   
92.250000	7558.53   	7560.73   	7599.69   	7590.88   	42.9899   	20.7934   	7.44537   	7.29517   	7.55707   
92.500000	7594.86   	7597.2    	7636.29   	7627.58   	43.1951   	20.8888   	7.48075   	7.32879   	7.59371   
92.750000	7631.18   	7633.66   	7672.89   	7664.28   	43.4003   	20.9842   	7.51613   	7.3624    	7.63036   
93.000000	7667.51   	7670.13   	7709.49   	7700.98   	43.6055   	21.0796   	7.55152   	7.39602   	7.667     
93.250000	7703.83   	7706.6    	7746.09   	7737.68   	43.8107   	21.175    	7.5869    	7.42963   	7.70365   
93.500000	7740.16   	7743.06   	7782.69   	7774.38   	44.0159   	21.2704   	7.62228   	7.46325   	7.74029   
93.750000	7776.48   	7779.53   	7819.29   	7811.08   	44.2211   	21.3658   	7.65766   	7.49686   	7.77693   
94.000000	7812.81   	7815.99   	7855.9    	7847.78   	44.4264   	21.4612   	7.69305   	7.53048   	7.81358   
94.250000	7849.13   	7852.46   	7892.5    	7884.48   	44.6316   	21.5566   	7.72843   	7.56409   	7.85022   
94.500000	7885.46   	7888.93   	7929.1    	7921.18   	44.8368   	21.6521   	7.76381   	7.59771   	7.88687   
94.750000	7921.78   	7925.39   	7965.7    	7957.88   	45.042    	21.7475   	7.7992    	7.63132   	7.92351   
95.000000	7958.11   	7961.86   	8002.3    	7994.58   	45.2472   	21.8429   	7.83458   	7.66494   	7.96015   
95.250000	7995.89   	7999.79   	8040.37   	8032.77   	45.46     	21.9416   	7.87129   	7.69975   	7.99827   
95.500000	8033.68   	8037.72   	8078.43   	8070.95   	45.6728   	22.0403   	7.908     	7.73457   	8.03639   
95.750000	8071.46   	8075.66   	8116.5    	8109.14   	45.8856   	22.1391   	7.94471   	7.76939   	8.07451   
96.000000	8109.25   	8113.59   	8154.57   	8147.32   	46.0984   	22.2378   	7.98142   	7.8042    	8.11263   
96.250000	8147.03   	8151.53   	8192.64   	8185.51   	46.3112   	22.3365   	8.01813   	7.83902   	8.15075   
96.500000	8184.81   	8189.46   	8230.7    	8223.69   	46.524    	22.4353   	8.05483   	7.87384   	8.18886   
96.750000	8222.6    	8227.39   	8268.77   	8261.87   	46.7368   	22.534    	8.09154   	7.90865   	8.22698   
97.000000	8260.38   	8265.33   	8306.84   	8300.06   	46.9496   	22.6327   	8.12825   	7.94347   	8.2651    
97.250000	8298.17   	8303.26   	8344.91   	8338.24   	47.1624   	22.7315   	8.16496   	7.97829   	8.30322   
97.500000	8335.95   	8341.2    	8382.98   	8376.43   	47.3752   	22.8302   	8.20167   	8.0131    	8.34134   
97.750000	8373.73   	8379.13   	8421.04   	8414.61   	47.588    	22.9289   	8.23838   	8.04792   	8.37946   
98.000000	8411.52   	8417.06   	8459.11   	8452.8    	47.8008   	23.0277   	8.27509   	8.08274   	8.41758   
98.250000	8449.3    	8455      	8497.18   	8490.98   	48.0136   	23.1264   	8.3118    	8.11755   	8.45569   
98.500000	8487.09   	8492.93   	8535.25   	8529.16   	48.2264   	23.2251   	8.34851   	8.15237   	8.49381   
98.750000	8524.87   	8530.86   	8573.31   	8567.35   	48.4392   	23.3239   	8.38522   	8.18719   	8.53193   
99.000000	8562.66   	8568.8    	8611.38   	8605.53   	48.652    	23.4226   	8.42193   	8.222     	8.57005   
99.250000	8600.44   	8606.73   	8649.45   	8643.72   	48.8648   	23.5213   	8.45864   	8.25682   	8.60817   
99.500000	8638.22   	8644.67   	8687.52   	8681.9    	49.0776   	23.6201   	8.49535   	8.29164   	8.64629   
99.750000	8676.01   	8682.6    	8725.58   	8720.08   	49.2903   	23.7188   	8.53206   	8.32645   	8.6844    
100.000000	8713.79   	8720.53   	8763.65   	8758.27   	49.5031   	23.8175   	8.56877   	8.36127   	8.72252   
100.250000	8753.01   	8759.91   	8803.16   	8797.91   	49.7233   	23.9195   	8.60676   	8.39725   	8.76208   
100.500000	8792.23   	8799.28   	8842.66   	8837.55   	49.9434   	24.0215   	8.64476   	8.43324   	8.80164   
100.750000	8831.44   	8838.65   	8882.16   	8877.18   	50.1635   	24.1234   	8.68276   	8.46923   	8.8412    
101.000000	8870.66   	8878.02   	8921.67   	8916.82   	50.3837   	24.2254   	8.72075   	8.50521   	8.88076   
101.250000	8909.88   	8917.39   	8961.17   	8956.46   	50.6038   	24.3274   	8.75875   	8.5412    	8.92032   
101.500000	8949.09   	8956.77   	9000.68   	8996.1    	50.8239   	24.4294   	8.79675   	8.57718   	8.95987   
101.750000	8988.31   	8996.14   	9040.18   	9035.74   	51.0441   	24.5313   	8.83474   	8.61317   	8.99943   
102.000000	9027.53   	9035.51   	9079.69   	9075.38   	51.2642   	24.6333   	8.87274   	8.64915   	9.03899   
102.250000	9066.75   	9074.88   	9119.19   	9115.02   	51.4843   	24.7353   	8.91074   	8.68514   	9.07855   
102.500000	9105.96   	9114.25   	9158.69   	9154.66   	51.7045   	24.8372   	8.94873   	8.72112   	9.11811   
102.750000	9145.18   	9153.63   	9198.2    	9194.29   	51.9246   	24.9392   	8.98673   	8.75711   	9.15767   
103.000000	9184.4    	9193      	9237.7    	9233.93   	52.1447   	25.0412   	9.02473   	8.79309   	9.19722   
103.250000	9223.61   	9232.37   	9277.21   	9273.57   	52.3649   	25.1431   	9.06272   	8.82908   	9.23678   
103.500000	9262.83   	9271.74   	9316.71   	9313.21   	52.585    	25.2451   	9.10072   	8.86506   	9.27634   
103.750000	9302.05   	9311.11   	9356.22   	9352.85   	52.8051   	25.3471   	9.13872   	8.90105   	9.3159    
104.000000	9341.26   	9350.48   	9395.72   	9392.49   	53.0253   	25.449    	9.17671   	8.93703   	9.35546   
104.250000	9380.48   	9389.86   	9435.23   	9432.13   	53.2454   	25.551    	9.21471   	8.97302   	9.39502   
104.500000	9419.7    	9429.23   	9474.73   	9471.77   	53.4655   	25.653    	9.25271   	9.009     	9.43458   
104.750000	9458.91   	9468.6    	9514.23   	9511.4    	53.6856   	25.7549   	9.29071   	9.04499   	9.47413   
105.000000	9498.13   	9507.97   	9553.74   	9551.04   	53.9058   	25.8569   	9.3287    	9.08097   	9.51369   
105.250000	9538.75   	9548.75   	9594.65   	9592.11   	54.1331   	25.9621   	9.36795   	9.1181    	9.55466   
105.500000	9579.38   	9589.54   	9635.57   	9633.17   	54.3603   	26.0672   	9.40721   	9.15523   	9.59564   
105.750000	9620      	9630.32   	9676.48   	9674.24   	54.5876   	26.1723   	9.44646   	9.19235   	9.63661   
106.000000	9660.63   	9671.1    	9717.4    	9715.3    	54.8149   	26.2775   	9.48571   	9.22948   	9.67758   
106.250000	9701.25   	9711.88   	9758.31   	9756.37   	55.0422   	26.3826   	9.52496   	9.26661   	9.71855   
106.500000	9741.88   	9752.66   	9799.23   	9797.43   	55.2694   	26.4878   	9.56422   	9.30374   	9.75952   
106.750000	9782.5    	9793.44   	9840.14   	9838.5    	55.4967   	26.5929   	9.60347   	9.34086   	9.80049   
107.000000	9823.12   	9834.22   	9881.06   	9879.56   	55.724    	26.6981   	9.64272   	9.37799   	9.84146   
107.250000	9863.75   	9875      	9921.97   	9920.63   	55.9513   	26.8032   	9.68197   	9.41512   	9.88244   
107.500000	9904.37   	9915.79   	9962.89   	9961.69   	56.1785   	26.9083   	9.72123   	9.45224   	9.92341   
107.750000	9945      	9956.57   	10003.8   	10002.8   	56.4058   	27.0135   	9.76048   	9.48937   	9.96438   
108.000000	9985.62   	9997.35   	10044.7   	10043.8   	56.6331   	27.1186   	9.79973   	9.5265    	10.0054   
108.250000	10026.2   	10038.1   	10085.6   	10084.9   	56.8604   	27.2238   	9.83898   	9.56363   	10.0463   
108.500000	10066.9   	10078.9   	10126.5   	10126     	57.0876   	27.3289   	9.87824   	9.60075   	10.0873   
108.750000	10107.5   	10119.7   	10167.5   	10167     	57.3149   	27.4341   	9.91749   	9.63788   	10.1283   
109.000000	10148.1   	10160.5   	10208.4   	10208.1   	57.5422   	27.5392   	9.95674   	9.67501   	10.1692   
109.250000	10188.7   	10201.3   	10249.3   	10249.2   	57.7695   	27.6443   	9.99599   	9.71213   	10.2102   
109.500000	10229.4   	10242     	10290.2   	10290.2   	57.9968   	27.7495   	10.0352   	9.74926   	10.2512   
109.750000	10270     	10282.8   	10331.1   	10331.3   	58.224    	27.8546   	10.0745   	9.78639   	10.2922   
110.000000	10310.6   	10323.6   	10372     	10372.3   	58.4513   	27.9598   	10.1138   	9.82352   	10.3331   
110.250000	10352.6   	10365.8   	10414.3   	10414.8   	58.6855   	28.068    	10.1542   	9.86176   	10.3755   
110.500000	10394.6   	10407.9   	10456.6   	10457.3   	58.9198   	28.1763   	10.1947   	9.9       	10.4178   
110.750000	10436.6   	10450.1   	10498.9   	10499.7   	59.154    	28.2845   	10.2352   	9.93824   	10.4602   
111.000000	10478.6   	10492.3   	10541.2   	10542.2   	59.3882   	28.3928   	10.2757   	9.97648   	10.5025   
111.250000	10520.7   	10534.4   	10583.5   	10584.7   	59.6224   	28.501    	10.3161   	10.0147   	10.5449   
111.500000	10562.7   	10576.6   	10625.8   	10627.1   	59.8567   	28.6093   	10.3566   	10.053    	10.5873   
111.750000	10604.7   	10618.7   	10668.1   	10669.6   	60.0909   	28.7175   	10.3971   	10.0912   	10.6296   
112.000000	10646.7   	10660.9   	10710.4   	10712.1   	60.3251   	28.8258   	10.4376   	10.1294   	10.672    
112.250000	10688.7   	10703.1   	10752.7   	10754.5   	60.5593   	28.934    	10.478    	10.1677   	10.7143   
112.500000	10730.7   	10745.2   	10795     	10797     	60.7936   	29.0423   	10.5185   	10.2059   	10.7567   
112.750000	10772.7   	10787.4   	10837.3   	10839.5   	61.0278   	29.1505   	10.559    	10.2442   	10.799    
113.000000	10814.7   	10829.6   	10879.6   	10881.9   	61.262    	29.2588   	10.5995   	10.2824   	10.8414   
113.250000	10856.7   	10871.7   	10921.9   	10924.4   	61.4962   	29.367    	10.6399   	10.3207   	10.8838   
113.500000	10898.7   	10913.9   	10964.2   	10966.8   	61.7305   	29.4753   	10.6804   	10.3589   	10.9261   
113.750000	10940.7   	10956     	11006.5   	11009.3   	61.9647   	29.5835   	10.7209   	10.3971   	10.9685   
114.000000	10982.7   	10998.2   	11048.8   	11051.8   	62.1989   	29.6918   	10.7614   	10.4354   	11.0108   
114.250000	11024.7   	11040.4   	11091.1   	11094.2   	62.4331   	29.8      	10.8018   	10.4736   	11.0532   
114.500000	11066.7   	11082.5   	11133.4   	11136.7   	62.6674   	29.9083   	10.8423   	10.5119   	11.0955   
114.750000	11108.8   	11124.7   	11175.7   	11179.2   	62.9016   	30.0165   	10.8828   	10.5501   	11.1379   
115.000000	11150.8   	11166.9   	11218     	11221.6   	63.1358   	30.1247   	10.9233   	10.5883   	11.1803   
115.250000	11194.1   	11210.4   	11261.7   	11265.5   	63.3767   	30.236    	10.9649   	10.6277   	11.224    
115.500000	11237.5   	11253.9   	11305.4   	11309.3   	63.6176   	30.3473   	11.0066   	10.667    	11.2677   
115.750000	11280.9   	11297.4   	11349     	11353.1   	63.8585   	30.4585   	11.0482   	10.7063   	11.3114   
116.000000	11324.2   	11340.9   	11392.7   	11397     	64.0994   	30.5698   	11.0899   	10.7456   	11.3551   
116.250000	11367.6   	11384.5   	11436.3   	11440.8   	64.3403   	30.6811   	11.1316   	10.785    	11.3988   
116.500000	11411     	11428     	11480     	11484.7   	64.5812   	30.7923   	11.1732   	10.8243   	11.4425   
116.750000	11454.3   	11471.5   	11523.6   	11528.5   	64.8221   	30.9036   	11.2149   	10.8636   	11.4862   
117.000000	11497.7   	11515     	11567.3   	11572.3   	65.063    	31.0148   	11.2565   	10.9029   	11.5299   
117.250000	11541.1   	11558.5   	11610.9   	11616.2   	65.3039   	31.1261   	11.2982   	10.9423   	11.5736   
117.500000	11584.4   	11602     	11654.6   	11660     	65.5449   	31.2374   	11.3399   	10.9816   	11.6173   
117.750000	11627.8   	11645.6   	11698.3   	11703.8   	65.7858   	31.3486   	11.3815   	11.0209   	11.661    
118.000000	11671.2   	11689.1   	11741.9   	11747.7   	66.0267   	31.4599   	11.4232   	11.0602   	11.7047   
118.250000	11714.5   	11732.6   	11785.6   	11791.5   	66.2676   	31.5711   	11.4648   	11.0996   	11.7484   
118.500000	11757.9   	11776.1   	11829.2   	11835.4   	66.5085   	31.6824   	11.5065   	11.1389   	11.7921   
118.750000	11801.3   	11819.6   	11872.9   	11879.2   	66.7494   	31.7937   	11.5481   	11.1782   	11.8358   
119.000000	11844.6   	11863.2   	11916.5   	11923     	66.9903   	31.9049   	11.5898   	11.2175   	11.8796   
119.250000	11888     	11906.7   	11960.2   	11966.9   	67.2312   	32.0162   	11.6315   	11.2569   	11.9233   
119.500000	11931.4   	11950.2   	12003.8   	12010.7   	67.4721   	32.1274   	11.6731   	11.2962   	11.967    
119.750000	11974.7   	11993.7   	12047.5   	12054.5   	67.713    	32.2387   	11.7148   	11.3355   	12.0107   
120.000000	12018.1   	12037.2   	12091.2   	12098.4   	67.9539   	32.35     	11.7564   	11.3748   	12.0544   
120.250000	12062.8   	12082.1   	12136.1   	12143.6   	68.2013   	32.4642   	11.7993   	11.4152   	12.0994   
120.500000	12107.5   	12126.9   	12181.1   	12188.8   	68.4488   	32.5784   	11.8421   	11.4556   	12.1445   
120.750000	12152.2   	12171.8   	12226.1   	12233.9   	68.6962   	32.6927   	11.8849   	11.496    	12.1895   
121.000000	12196.9   	12216.6   	12271.1   	12279.1   	68.9437   	32.8069   	11.9277   	11.5364   	12.2345   
121.250000	12241.6   	12261.5   	12316.1   	12324.3   	69.1911   	32.9211   	11.9705   	11.5768   	12.2796   
121.500000	12286.3   	12306.3   	12361.1   	12369.5   	69.4385   	33.0353   	12.0134   	11.6171   	12.3246   
121.750000	12331     	12351.2   	12406.1   	12414.7   	69.686    	33.1496   	12.0562   	11.6575   	12.3696   
122.000000	12375.8   	12396     	12451.1   	12459.9   	69.9334   	33.2638   	12.099    	11.6979   	12.4147   
122.250000	12420.5   	12440.9   	12496.1   	12505.1   	70.1808   	33.378    	12.1418   	11.7383   	12.4597   
122.500000	12465.2   	12485.7   	12541.1   	12550.2   	70.4283   	33.4923   	12.1846   	11.7787   	12.5047   
122.750000	12509.9   	12530.6   	12586     	12595.4   	70.6757   	33.6065   	12.2274   	11.8191   	12.5498   
123.000000	12554.6   	12575.4   	12631     	12640.6   	70.9231   	33.7207   	12.2703   	11.8594   	12.5948   
123.250000	12599.3   	12620.2   	12676     	12685.8   	71.1706   	33.835    	12.3131   	11.8998   	12.6398   
123.500000	12644     	12665.1   	12721     	12731     	71.418    	33.9492   	12.3559   	11.9402   	12.6849   
123.750000	12688.7   	12709.9   	12766     	12776.2   	71.6655   	34.0634   	12.3987   	11.9806   	12.7299   
124.000000	12733.4   	12754.8   	12811     	12821.3   	71.9129   	34.1776   	12.4415   	12.021    	12.7749   
124.250000	12778.1   	12799.6   	12856     	12866.5   	72.1603   	34.2919   	12.4843   	12.0614   	12.82     
124.500000	12822.8   	12844.5   	12901     	12911.7   	72.4078   	34.4061   	12.5272   	12.1018   	12.865    
124.750000	12867.5   	12889.3   	12946     	12956.9   	72.6552   	34.5203   	12.57     	12.1421   	12.91     
125.000000	12912.2   	12934.2   	12990.9   	13002.1   	72.9026   	34.6346   	12.6128   	12.1825   	12.9551   
125.250000	12958.2   	12980.3   	13037.2   	13048.6   	73.1564   	34.7516   	12.6567   	12.2239   	13.0014   
125.500000	13004.3   	13026.5   	13083.5   	13095.1   	73.4102   	34.8687   	12.7007   	12.2654   	13.0478   
125.750000	13050.3   	13072.6   	13129.8   	13141.6   	73.664    	34.9857   	12.7446   	12.3068   	13.0941   
126.000000	13096.3   	13118.8   	13176.1   	13188.1   	73.9178   	35.1028   	12.7886   	12.3482   	13.1404   
126.250000	13142.3   	13164.9   	13222.4   	13234.6   	74.1716   	35.2199   	12.8325   	12.3896   	13.1868   
126.500000	13188.3   	13211.1   	13268.7   	13281.1   	74.4254   	35.3369   	12.8765   	12.431    	13.2331   
126.750000	13234.4   	13257.2   	13315     	13327.6   	74.6792   	35.454    	12.9204   	12.4725   	13.2794   
127.000000	13280.4   	13303.4   	13361.3   	13374.2   	74.933    	35.571    	12.9644   	12.5139   	13.3258   
127.250000	13326.4   	13349.5   	13407.6   	13420.7   	75.1868   	35.6881   	13.0083   	12.5553   	13.3721   
127.500000	13372.4   	13395.7   	13453.9   	13467.2   	75.4406   	35.8051   	13.0522   	12.5967   	13.4184   
127.750000	13418.4   	13441.9   	13500.2   	13513.7   	75.6944   	35.9222   	13.0962   	12.6381   	13.4648   
128.000000	13464.5   	13488     	13546.5   	13560.2   	75.9482   	36.0392   	13.1401   	12.6796   	13.5111   
128.250000	13510.5   	13534.2   	13592.8   	13606.7   	76.202    	36.1563   	13.1841   	12.721    	13.5574   
128.500000	13556.5   	13580.3   	13639.1   	13653.2   	76.4557   	36.2734   	13.228    	12.7624   	13.6038   
128.750000	13602.5   	13626.5   	13685.4   	13699.7   	76.7095   	36.3904   	13.272    	12.8038   	13.6501   
129.000000	13648.6   	13672.6   	13731.7   	13746.2   	76.9633   	36.5075   	13.3159   	12.8452   	13.6964   
129.250000	13694.6   	13718.8   	13778     	13792.7   	77.2171   	36.6245   	13.3598   	12.8867   	13.7428   
129.500000	13740.6   	13764.9   	13824.3   	13839.2   	77.4709   	36.7416   	13.4038   	12.9281   	13.7891   
129.750000	13786.6   	13811.1   	13870.6   	13885.7   	77.7247   	36.8586   	13.4477   	12.9695   	13.8355   
130.000000	13832.6   	13857.2   	13916.9   	13932.2   	77.9785   	36.9757   	13.4917   	13.0109   	13.8818   
130.250000	13880     	13904.7   	13964.5   	13980.1   	78.2384   	37.0955   	13.5367   	13.0534   	13.9294   
130.500000	13927.3   	13952.1   	14012.1   	14027.9   	78.4983   	37.2153   	13.5818   	13.0958   	13.977    
130.750000	13974.6   	13999.5   	14059.7   	14075.7   	78.7582   	37.3352   	13.6268   	13.1382   	14.0246   
131.000000	14021.9   	14046.9   	14107.3   	14123.5   	79.0181   	37.455    	13.6718   	13.1806   	14.0722   
131.250000	14069.2   	14094.4   	14154.8   	14171.3   	79.278    	37.5748   	13.7169   	13.2231   	14.1198   
131.500000	14116.5   	14141.8   	14202.4   	14219.1   	79.5379   	37.6946   	13.7619   	13.2655   	14.1674   
131.750000	14163.9   	14189.2   	14250     	14266.9   	79.7978   	37.8145   	13.8069   	13.3079   	14.215    
132.000000	14211.2   	14236.7   	14297.6   	14314.7   	80.0577   	37.9343   	13.852    	13.3504   	14.2626   
132.250000	14258.5   	14284.1   	14345.2   	14362.5   	80.3176   	38.0541   	13.897    	13.3928   	14.3102   
132.500000	14305.8   	14331.5   	14392.8   	14410.3   	80.5775   	38.1739   	13.9421   	13.4352   	14.3579   
132.750000	14353.1   	14379     	14440.3   	14458.1   	80.8374   	38.2938   	13.9871   	13.4776   	14.4055   
133.000000	14400.4   	14426.4   	14487.9   	14505.9   	81.0973   	38.4136   	14.0321   	13.5201   	14.4531   
133.250000	14447.8   	14473.8   	14535.5   	14553.7   	81.3572   	38.5334   	14.0772   	13.5625   	14.5007   
133.500000	14495.1   	14521.3   	14583.1   	14601.6   	81.6171   	38.6532   	14.1222   	13.6049   	14.5483   
133.750000	14542.4   	14568.7   	14630.7   	14649.4   	81.877    	38.7731   	14.1673   	13.6474   	14.5959   
134.000000	14589.7   	14616.1   	14678.3   	14697.2   	82.1369   	38.8929   	14.2123   	13.6898   	14.6435   
134.250000	14637     	14663.6   	14725.8   	14745     	82.3968   	39.0127   	14.2573   	13.7322   	14.6911   
134.500000	14684.3   	14711     	14773.4   	14792.8   	82.6567   	39.1325   	14.3024   	13.7746   	14.7387   
134.750000	14731.7   	14758.4   	14821     	14840.6   	82.9166   	39.2524   	14.3474   	13.8171   	14.7863   
135.000000	14779     	14805.9   	14868.6   	14888.4   	83.1765   	39.3722   	14.3924   	13.8595   	14.8339   
135.250000	14827.6   	14854.5   	14917.4   	14937.5   	83.4423   	39.4947   	14.4385   	13.9029   	14.8828   
135.500000	14876.2   	14903.2   	14966.3   	14986.6   	83.7081   	39.6173   	14.4846   	13.9463   	14.9316   
135.750000	14924.8   	14951.9   	15015.1   	15035.6   	83.9739   	39.7399   	14.5307   	13.9897   	14.9805   
136.000000	14973.4   	15000.6   	15063.9   	15084.7   	84.2397   	39.8624   	14.5768   	14.0331   	15.0293   
136.250000	15021.9   	15049.3   	15112.8   	15133.8   	84.5055   	39.985    	14.6229   	14.0765   	15.0782   
136.500000	15070.5   	15098     	15161.6   	15182.9   	84.7713   	40.1075   	14.669    	14.1199   	15.127    
136.750000	15119.1   	15146.7   	15210.5   	15232     	85.0371   	40.2301   	14.7151   	14.1634   	15.1759   
137.000000	15167.7   	15195.4   	15259.3   	15281.1   	85.3029   	40.3527   	14.7612   	14.2068   	15.2247   
137.250000	15216.3   	15244.1   	15308.1   	15330.1   	85.5687   	40.4752   	14.8073   	14.2502   	15.2736   
137.500000	15264.9   	15292.7   	15357     	15379.2   	85.8345   	40.5978   	14.8534   	14.2936   	15.3224   
137.750000	15313.5   	15341.4   	15405.8   	15428.3   	86.1003   	40.7203   	14.8995   	14.337    	15.3712   
138.000000	15362.1   	15390.1   	15454.7   	15477.4   	86.3661   	40.8429   	14.9456   	14.3804   	15.4201   
138.250000	15410.7   	15438.8   	15503.5   	15526.5   	86.6319   	40.9655   	14.9917   	14.4238   	15.4689   
138.500000	15459.3   	15487.5   	15552.4   	15575.6   	86.8977   	41.088    	15.0378   	14.4672   	15.5178   
138.750000	15507.9   	15536.2   	15601.2   	15624.6   	87.1635   	41.2106   	15.0839   	14.5106   	15.5666   
139.000000	15556.5   	15584.9   	15650     	15673.7   	87.4293   	41.3331   	15.13     	14.554    	15.6155   
139.250000	15605.1   	15633.6   	15698.9   	15722.8   	87.6951   	41.4557   	15.1761   	14.5974   	15.6643   
139.500000	15653.7   	15682.3   	15747.7   	15771.9   	87.9609   	41.5782   	15.2222   	14.6408   	15.7132   
139.750000	15702.3   	15730.9   	15796.6   	15821     	88.2267   	41.7008   	15.2683   	14.6843   	15.762    
140.000000	15750.8   	15779.6   	15845.4   	15870.1   	88.4925   	41.8234   	15.3144   	14.7277   	15.8109   
140.250000	15800.7   	15829.6   	15895.5   	15920.4   	88.764    	41.9485   	15.3615   	14.772    	15.8609   
140.500000	15850.5   	15879.5   	15945.6   	15970.7   	89.0356   	42.0737   	15.4087   	14.8164   	15.911    
140.750000	15900.4   	15929.4   	15995.6   	16021.1   	89.3072   	42.1989   	15.4558   	14.8608   	15.9611   
141.000000	15950.2   	15979.3   	16045.7   	16071.4   	89.5788   	42.3241   	15.503    	14.9052   	16.0112   
141.250000	16000.1   	16029.3   	16095.8   	16121.7   	89.8503   	42.4493   	15.5501   	14.9495   	16.0612   
141.500000	16049.9   	16079.2   	16145.9   	16172.1   	90.1219   	42.5744   	15.5972   	14.9939   	16.1113   
141.750000	16099.8   	16129.1   	16196     	16222.4   	90.3935   	42.6996   	15.6444   	15.0383   	16.1614   
142.000000	16149.6   	16179     	16246     	16272.8   	90.6651   	42.8248   	15.6915   	15.0826   	16.2114   
142.250000	16199.5   	16228.9   	16296.1   	16323.1   	90.9366   	42.95     	15.7386   	15.127    	16.2615   
142.500000	16249.3   	16278.9   	16346.2   	16373.4   	91.2082   	43.0752   	15.7858   	15.1714   	16.3116   
142.750000	16299.2   	16328.8   	16396.3   	16423.8   	91.4798   	43.2003   	15.8329   	15.2158   	16.3616   
143.000000	16349     	16378.7   	16446.4   	16474.1   	91.7514   	43.3255   	15.88     	15.2601   	16.4117   
143.250000	16398.9   	16428.6   	16496.4   	16524.4   	92.0229   	43.4507   	15.9272   	15.3045   	16.4618   
143.500000	16448.7   	16478.6   	16546.5   	16574.8   	92.2945   	43.5759   	15.9743   	15.3489   	16.5118   
