Energy (MeV/u)	0 - [He-base] F.Hubert et al, AD&ND Tables 46(1990)1	1 - [H -base] J.F.Ziegler et al, Pergamon Press, NY (low energy)	2 - ATIMA 1.2  LS-theory (recommended for high energy)	3 - ATIMA 1.2  without LS-correction	4 - Range straggling - method [0] - LISE	5 - Range straggling - method [1] - Atima	6 - Lateral range - method [0] - LISE	7 - Lateral range - method [1] - Atima	8 - Lateral range - method [2] - PDG
10.000000	193.559   	199.143   	190.723   	190.723   	1.06294   	0.653147  	0.225383  	0.2625    	0.214127  
10.250000	201.959   	207.522   	198.893   	198.888   	1.1113    	0.680517  	0.233741  	0.271362  	0.222299  
10.500000	210.359   	215.9     	207.064   	207.054   	1.15966   	0.707888  	0.242099  	0.280224  	0.230471  
10.750000	218.759   	224.279   	215.234   	215.22    	1.20801   	0.735259  	0.250457  	0.289086  	0.238643  
11.000000	227.159   	232.658   	223.405   	223.385   	1.25637   	0.76263   	0.258815  	0.297949  	0.246815  
11.250000	236.173   	241.629   	232.203   	232.169   	1.30902   	0.792104  	0.267953  	0.307594  	0.255756  
11.500000	245.188   	250.6     	241.001   	240.953   	1.36168   	0.821578  	0.27709   	0.317239  	0.264696  
11.750000	254.202   	259.572   	249.799   	249.737   	1.41434   	0.851051  	0.286228  	0.326884  	0.273637  
12.000000	263.216   	268.543   	258.597   	258.521   	1.467     	0.880525  	0.295366  	0.336529  	0.282577  
12.250000	272.837   	278.103   	268.02    	267.92    	1.52392   	0.912077  	0.305271  	0.346937  	0.292276  
12.500000	282.458   	287.663   	277.442   	277.319   	1.58084   	0.943628  	0.315175  	0.357345  	0.301974  
12.750000	292.08    	297.223   	286.864   	286.718   	1.63777   	0.97518   	0.32508   	0.367752  	0.311673  
13.000000	301.701   	306.783   	296.286   	296.117   	1.69469   	1.00673   	0.334985  	0.37816   	0.321372  
13.250000	311.922   	316.928   	306.328   	306.128   	1.75585   	1.04032   	0.345648  	0.389315  	0.331821  
13.500000	322.142   	327.073   	316.371   	316.139   	1.817     	1.07391   	0.35631   	0.400469  	0.34227   
13.750000	332.363   	337.217   	326.413   	326.15    	1.87816   	1.1075    	0.366973  	0.411624  	0.352719  
14.000000	342.584   	347.362   	336.455   	336.161   	1.93932   	1.14109   	0.377635  	0.422778  	0.363169  
14.250000	353.398   	358.087   	347.113   	346.78    	2.00466   	1.17667   	0.389044  	0.434662  	0.374359  
14.500000	364.212   	368.813   	357.771   	357.399   	2.07001   	1.21225   	0.400452  	0.446546  	0.385549  
14.750000	375.027   	379.538   	368.429   	368.018   	2.13536   	1.24783   	0.411861  	0.458429  	0.396739  
15.000000	385.841   	390.263   	379.086   	378.637   	2.20071   	1.28341   	0.423269  	0.470313  	0.407929  
15.250000	397.242   	401.565   	390.355   	389.86    	2.27021   	1.32095   	0.435415  	0.482912  	0.419853  
15.500000	408.643   	412.867   	401.624   	401.083   	2.33971   	1.35848   	0.44756   	0.495511  	0.431776  
15.750000	420.044   	424.169   	412.893   	412.306   	2.40921   	1.39602   	0.459705  	0.50811   	0.443699  
16.000000	431.445   	435.471   	424.162   	423.529   	2.47871   	1.43356   	0.471851  	0.520709  	0.455623  
16.250000	443.427   	447.345   	436.037   	435.352   	2.55233   	1.47303   	0.484723  	0.534007  	0.46827   
16.500000	455.409   	459.219   	447.913   	447.174   	2.62594   	1.51251   	0.497594  	0.547306  	0.480918  
16.750000	467.391   	471.093   	459.788   	458.997   	2.69955   	1.55199   	0.510466  	0.560605  	0.493566  
17.000000	479.373   	482.968   	471.663   	470.819   	2.77316   	1.59147   	0.523338  	0.573904  	0.506213  
17.250000	491.93    	495.41    	484.139   	483.237   	2.85083   	1.63286   	0.536926  	0.58789   	0.519577  
17.500000	504.487   	507.853   	496.615   	495.654   	2.9285    	1.67424   	0.550515  	0.601875  	0.53294   
17.750000	517.045   	520.295   	509.091   	508.072   	3.00617   	1.71563   	0.564103  	0.61586   	0.546304  
18.000000	529.602   	532.738   	521.568   	520.489   	3.08384   	1.75701   	0.577692  	0.629846  	0.559668  
18.250000	542.729   	545.745   	534.639   	533.496   	3.16552   	1.80025   	0.591986  	0.644504  	0.573738  
18.500000	555.856   	558.752   	547.711   	546.503   	3.24719   	1.84349   	0.606281  	0.659162  	0.587809  
18.750000	568.983   	571.758   	560.782   	559.511   	3.32887   	1.88672   	0.620576  	0.67382   	0.601879  
19.000000	582.11    	584.765   	573.854   	572.518   	3.41054   	1.92996   	0.63487   	0.688478  	0.615949  
19.250000	595.802   	598.332   	587.515   	586.11    	3.49617   	1.97501   	0.649861  	0.703794  	0.630717  
19.500000	609.493   	611.9     	601.176   	599.702   	3.58179   	2.02006   	0.664851  	0.719111  	0.645485  
19.750000	623.185   	625.467   	614.837   	613.293   	3.66742   	2.06511   	0.679841  	0.734427  	0.660253  
20.000000	636.877   	639.034   	628.499   	626.885   	3.75305   	2.11016   	0.694831  	0.749744  	0.67502   
20.250000	651.128   	653.158   	642.744   	641.056   	3.84256   	2.15699   	0.710507  	0.765707  	0.690477  
20.500000	665.379   	667.281   	656.989   	655.227   	3.93208   	2.20382   	0.726183  	0.78167   	0.705933  
20.750000	679.63    	681.405   	671.234   	669.398   	4.0216    	2.25064   	0.741859  	0.797633  	0.721389  
21.000000	693.881   	695.529   	685.479   	683.569   	4.11112   	2.29747   	0.757535  	0.813595  	0.736846  
21.250000	708.687   	710.205   	700.302   	698.313   	4.20447   	2.34606   	0.773886  	0.830192  	0.752982  
21.500000	723.493   	724.881   	715.126   	713.057   	4.29782   	2.39464   	0.790238  	0.846789  	0.769118  
21.750000	738.298   	739.557   	729.949   	727.801   	4.39117   	2.44323   	0.80659   	0.863386  	0.785254  
22.000000	753.104   	754.234   	744.772   	742.545   	4.48453   	2.49181   	0.822941  	0.879983  	0.80139   
22.250000	768.46    	769.459   	760.166   	757.857   	4.58164   	2.54213   	0.839958  	0.897201  	0.818195  
22.500000	783.816   	784.684   	775.561   	773.168   	4.67875   	2.59244   	0.856974  	0.91442   	0.835001  
22.750000	799.171   	799.909   	790.955   	788.479   	4.77587   	2.64276   	0.873991  	0.931638  	0.851807  
23.000000	814.527   	815.134   	806.349   	803.79    	4.87298   	2.69307   	0.891007  	0.948856  	0.868613  
23.250000	830.428   	830.904   	822.308   	819.663   	4.97378   	2.74507   	0.908677  	0.966682  	0.886077  
23.500000	846.329   	846.674   	838.267   	835.535   	5.07458   	2.79707   	0.926347  	0.984508  	0.903542  
23.750000	862.23    	862.444   	854.226   	851.407   	5.17538   	2.84907   	0.944016  	1.00233   	0.921007  
24.000000	878.132   	878.214   	870.185   	867.279   	5.27618   	2.90107   	0.961686  	1.02016   	0.938471  
24.250000	894.574   	894.525   	886.701   	883.706   	5.38058   	2.9547    	0.979996  	1.03858   	0.956584  
24.500000	911.016   	910.837   	903.217   	900.132   	5.48499   	3.00833   	0.998306  	1.057     	0.974696  
24.750000	927.458   	927.148   	919.733   	916.559   	5.58939   	3.06195   	1.01662   	1.07542   	0.992808  
25.000000	943.9     	943.46    	936.248   	932.985   	5.69379   	3.11558   	1.03493   	1.09384   	1.01092   
25.250000	961.146   	960.576   	953.585   	950.23    	5.80343   	3.17152   	1.05417   	1.11313   	1.02998   
25.500000	978.391   	977.692   	970.922   	967.474   	5.91308   	3.22747   	1.07342   	1.13241   	1.04904   
25.750000	995.636   	994.809   	988.258   	984.719   	6.02272   	3.28342   	1.09267   	1.1517    	1.0681    
26.000000	1012.88   	1011.93   	1005.6    	1001.96   	6.13236   	3.33936   	1.11192   	1.17098   	1.08716   
26.250000	1030.13   	1029.04   	1022.93   	1019.21   	6.242     	3.39531   	1.13116   	1.19027   	1.10622   
26.500000	1047.37   	1046.16   	1040.27   	1036.45   	6.35165   	3.45125   	1.15041   	1.20955   	1.12529   
26.750000	1064.62   	1063.27   	1057.61   	1053.7    	6.46129   	3.5072    	1.16966   	1.22884   	1.14435   
27.000000	1081.86   	1080.39   	1074.94   	1070.94   	6.57093   	3.56315   	1.1889    	1.24812   	1.16341   
27.250000	1100.16   	1098.57   	1093.35   	1089.25   	6.68729   	3.62203   	1.20936   	1.26851   	1.18369   
27.500000	1118.47   	1116.75   	1111.75   	1107.56   	6.80364   	3.68091   	1.22981   	1.28891   	1.20398   
27.750000	1136.77   	1134.92   	1130.16   	1125.88   	6.92      	3.73979   	1.25027   	1.3093    	1.22426   
28.000000	1155.07   	1153.1    	1148.57   	1144.19   	7.03636   	3.79867   	1.27072   	1.32969   	1.24455   
28.250000	1173.37   	1171.28   	1166.97   	1162.5    	7.15271   	3.85755   	1.29117   	1.35009   	1.26484   
28.500000	1191.68   	1189.46   	1185.38   	1180.81   	7.26907   	3.91643   	1.31163   	1.37048   	1.28512   
28.750000	1209.98   	1207.64   	1203.79   	1199.12   	7.38542   	3.97532   	1.33208   	1.39087   	1.30541   
29.000000	1228.28   	1225.81   	1222.19   	1217.43   	7.50178   	4.0342    	1.35253   	1.41127   	1.3257    
29.250000	1247.63   	1245.04   	1241.64   	1236.79   	7.62455   	4.0959    	1.37415   	1.43272   	1.34716   
29.500000	1266.97   	1264.27   	1261.09   	1256.14   	7.74732   	4.15761   	1.39576   	1.45417   	1.36863   
29.750000	1286.32   	1283.49   	1280.54   	1275.49   	7.87009   	4.21931   	1.41737   	1.47562   	1.39009   
30.000000	1305.66   	1302.72   	1299.98   	1294.84   	7.99287   	4.28102   	1.43899   	1.49707   	1.41156   
30.250000	1325      	1321.94   	1319.43   	1314.19   	8.11564   	4.34272   	1.4606    	1.51852   	1.43303   
30.500000	1344.35   	1341.17   	1338.88   	1333.55   	8.23841   	4.40442   	1.48221   	1.53997   	1.45449   
30.750000	1363.69   	1360.4    	1358.33   	1352.9    	8.36118   	4.46613   	1.50382   	1.56142   	1.47596   
31.000000	1383.04   	1379.62   	1377.77   	1372.25   	8.48395   	4.52783   	1.52544   	1.58287   	1.49743   
31.250000	1403.41   	1399.88   	1398.25   	1392.64   	8.6132    	4.5924    	1.54819   	1.60536   	1.52006   
31.500000	1423.78   	1420.14   	1418.73   	1413.04   	8.74244   	4.65696   	1.57095   	1.62785   	1.5427    
31.750000	1444.15   	1440.4    	1439.21   	1433.43   	8.87169   	4.72152   	1.59371   	1.65034   	1.56533   
32.000000	1464.52   	1460.66   	1459.7    	1453.82   	9.00094   	4.78609   	1.61646   	1.67283   	1.58797   
32.250000	1484.9    	1480.93   	1480.18   	1474.21   	9.13018   	4.85065   	1.63922   	1.69532   	1.6106    
32.500000	1505.27   	1501.19   	1500.66   	1494.6    	9.25943   	4.91521   	1.66198   	1.71781   	1.63324   
32.750000	1525.64   	1521.45   	1521.14   	1514.99   	9.38867   	4.97978   	1.68473   	1.7403    	1.65587   
33.000000	1546.01   	1541.71   	1541.62   	1535.39   	9.51792   	5.04434   	1.70749   	1.76279   	1.67851   
33.250000	1567.4    	1562.99   	1563.12   	1556.81   	9.6536    	5.11175   	1.73137   	1.7863    	1.70229   
33.500000	1588.78   	1584.27   	1584.62   	1578.23   	9.78929   	5.17916   	1.75526   	1.80981   	1.72608   
33.750000	1610.17   	1605.56   	1606.12   	1599.65   	9.92497   	5.24656   	1.77914   	1.83332   	1.74987   
34.000000	1631.55   	1626.84   	1627.63   	1621.07   	10.0607   	5.31397   	1.80303   	1.85683   	1.77366   
34.250000	1652.93   	1648.12   	1649.13   	1642.49   	10.1963   	5.38138   	1.82691   	1.88034   	1.79745   
34.500000	1674.32   	1669.41   	1670.63   	1663.91   	10.332    	5.44879   	1.85079   	1.90385   	1.82124   
34.750000	1695.7    	1690.69   	1692.13   	1685.33   	10.4677   	5.5162    	1.87468   	1.92736   	1.84503   
35.000000	1717.09   	1711.97   	1713.63   	1706.75   	10.6034   	5.5836    	1.89856   	1.95087   	1.86882   
35.250000	1739.72   	1734.52   	1736.39   	1729.44   	10.747    	5.65448   	1.92383   	1.97562   	1.89402   
35.500000	1762.35   	1757.06   	1759.15   	1752.13   	10.8906   	5.72535   	1.94909   	2.00038   	1.91923   
35.750000	1784.99   	1779.6    	1781.91   	1774.82   	11.0342   	5.79622   	1.97436   	2.02513   	1.94443   
36.000000	1807.62   	1802.14   	1804.67   	1797.51   	11.1778   	5.86709   	1.99962   	2.04989   	1.96964   
36.250000	1830.25   	1824.69   	1827.43   	1820.19   	11.3214   	5.93796   	2.02489   	2.07464   	1.99485   
36.500000	1852.88   	1847.23   	1850.19   	1842.88   	11.465    	6.00884   	2.05015   	2.0994    	2.02005   
36.750000	1875.52   	1869.77   	1872.94   	1865.57   	11.6086   	6.07971   	2.07542   	2.12415   	2.04526   
37.000000	1898.15   	1892.32   	1895.7    	1888.26   	11.7522   	6.15058   	2.10068   	2.14891   	2.07047   
37.250000	1920.78   	1914.86   	1918.46   	1910.95   	11.8958   	6.22145   	2.12595   	2.17366   	2.09567   
37.500000	1943.41   	1937.4    	1941.22   	1933.64   	12.0394   	6.29232   	2.15121   	2.19841   	2.12088   
37.750000	1966.05   	1959.95   	1963.98   	1956.32   	12.183    	6.36319   	2.17648   	2.22317   	2.14609   
38.000000	1988.68   	1982.49   	1986.74   	1979.01   	12.3266   	6.43407   	2.20174   	2.24792   	2.17129   
38.250000	2012.78   	2006.52   	2010.98   	2003.2    	12.4795   	6.509     	2.22863   	2.27414   	2.19817   
38.500000	2036.89   	2030.55   	2035.22   	2027.38   	12.6324   	6.58392   	2.25552   	2.30035   	2.22505   
38.750000	2060.99   	2054.58   	2059.47   	2051.57   	12.7854   	6.65885   	2.28241   	2.32656   	2.25193   
39.000000	2085.09   	2078.61   	2083.71   	2075.75   	12.9383   	6.73378   	2.3093    	2.35278   	2.27881   
39.250000	2109.2    	2102.65   	2107.95   	2099.94   	13.0912   	6.80871   	2.33618   	2.37899   	2.30569   
39.500000	2133.3    	2126.68   	2132.2    	2124.12   	13.2442   	6.88364   	2.36307   	2.40521   	2.33257   
39.750000	2157.41   	2150.71   	2156.44   	2148.31   	13.3971   	6.95857   	2.38996   	2.43142   	2.35945   
40.000000	2181.51   	2174.74   	2180.68   	2172.49   	13.55     	7.03349   	2.41685   	2.45763   	2.38633   
40.250000	2205.61   	2198.77   	2204.92   	2196.68   	13.703    	7.10842   	2.44374   	2.48385   	2.41321   
40.500000	2229.72   	2222.8    	2229.17   	2220.86   	13.8559   	7.18335   	2.47063   	2.51006   	2.44009   
40.750000	2253.82   	2246.84   	2253.41   	2245.05   	14.0088   	7.25828   	2.49752   	2.53627   	2.46697   
41.000000	2277.93   	2270.87   	2277.65   	2269.23   	14.1618   	7.33321   	2.52441   	2.56249   	2.49385   
41.250000	2303.48   	2296.36   	2303.35   	2294.89   	14.3239   	7.41217   	2.55289   	2.59013   	2.52238   
41.500000	2329.03   	2321.86   	2329.06   	2320.55   	14.486    	7.49113   	2.58137   	2.61776   	2.5509    
41.750000	2354.58   	2347.35   	2354.76   	2346.2    	14.6481   	7.57009   	2.60985   	2.6454    	2.57943   
42.000000	2380.13   	2372.85   	2380.46   	2371.86   	14.8103   	7.64905   	2.63833   	2.67304   	2.60795   
42.250000	2405.67   	2398.34   	2406.17   	2397.51   	14.9724   	7.728     	2.66682   	2.70068   	2.63648   
42.500000	2431.22   	2423.83   	2431.87   	2423.17   	15.1345   	7.80696   	2.6953    	2.72832   	2.66501   
42.750000	2456.77   	2449.33   	2457.57   	2448.82   	15.2966   	7.88592   	2.72378   	2.75596   	2.69353   
43.000000	2482.32   	2474.82   	2483.27   	2474.48   	15.4587   	7.96488   	2.75226   	2.7836    	2.72206   
43.250000	2507.87   	2500.32   	2508.98   	2500.14   	15.6209   	8.04384   	2.78074   	2.81124   	2.75059   
43.500000	2533.42   	2525.81   	2534.68   	2525.79   	15.783    	8.1228    	2.80922   	2.83888   	2.77911   
43.750000	2558.97   	2551.31   	2560.38   	2551.45   	15.9451   	8.20176   	2.8377    	2.86652   	2.80764   
44.000000	2584.52   	2576.8    	2586.08   	2577.1    	16.1072   	8.28072   	2.86619   	2.89416   	2.83616   
44.250000	2611.49   	2603.74   	2613.22   	2604.21   	16.2783   	8.36356   	2.89623   	2.92319   	2.86631   
44.500000	2638.46   	2630.67   	2640.36   	2631.31   	16.4494   	8.44639   	2.92627   	2.95222   	2.89645   
44.750000	2665.43   	2657.6    	2667.49   	2658.41   	16.6205   	8.52923   	2.95631   	2.98125   	2.9266    
45.000000	2692.4    	2684.54   	2694.63   	2685.51   	16.7917   	8.61206   	2.98635   	3.01028   	2.95674   
45.250000	2719.37   	2711.47   	2721.77   	2712.61   	16.9628   	8.6949    	3.01639   	3.03932   	2.98689   
45.500000	2746.34   	2738.4    	2748.9    	2739.72   	17.1339   	8.77773   	3.04643   	3.06835   	3.01703   
45.750000	2773.31   	2765.34   	2776.04   	2766.82   	17.305    	8.86057   	3.07647   	3.09738   	3.04717   
46.000000	2800.28   	2792.27   	2803.18   	2793.92   	17.4761   	8.94341   	3.10651   	3.12641   	3.07732   
46.250000	2827.25   	2819.2    	2830.31   	2821.02   	17.6472   	9.02624   	3.13655   	3.15544   	3.10746   
46.500000	2854.22   	2846.14   	2857.45   	2848.13   	17.8183   	9.10908   	3.16659   	3.18447   	3.13761   
46.750000	2881.19   	2873.07   	2884.59   	2875.23   	17.9894   	9.19191   	3.19663   	3.21351   	3.16775   
47.000000	2908.16   	2900.01   	2911.73   	2902.33   	18.1605   	9.27475   	3.22668   	3.24254   	3.19789   
47.250000	2936.52   	2928.35   	2940.27   	2930.85   	18.3404   	9.36139   	3.25825   	3.27293   	3.22963   
47.500000	2964.89   	2956.7    	2968.82   	2959.38   	18.5203   	9.44803   	3.28981   	3.30332   	3.26137   
47.750000	2993.25   	2985.05   	2997.37   	2987.9    	18.7002   	9.53467   	3.32138   	3.33372   	3.2931    
48.000000	3021.62   	3013.4    	3025.91   	3016.43   	18.8801   	9.62131   	3.35295   	3.36411   	3.32484   
48.250000	3049.99   	3041.75   	3054.46   	3044.95   	19.06     	9.70795   	3.38452   	3.39451   	3.35657   
48.500000	3078.35   	3070.1    	3083.01   	3073.48   	19.2399   	9.79459   	3.41609   	3.4249    	3.38831   
48.750000	3106.72   	3098.45   	3111.56   	3102      	19.4199   	9.88123   	3.44766   	3.45529   	3.42005   
49.000000	3135.08   	3126.8    	3140.1    	3130.53   	19.5998   	9.96787   	3.47923   	3.48569   	3.45178   
49.250000	3163.45   	3155.15   	3168.65   	3159.05   	19.7797   	10.0545   	3.5108    	3.51608   	3.48352   
49.500000	3191.82   	3183.5    	3197.2    	3187.58   	19.9596   	10.1411   	3.54237   	3.54647   	3.51525   
49.750000	3220.18   	3211.85   	3225.75   	3216.1    	20.1395   	10.2278   	3.57394   	3.57687   	3.54699   
50.000000	3248.55   	3240.2    	3254.29   	3244.63   	20.3194   	10.3144   	3.60551   	3.60726   	3.57873   
50.250000	3278.74   	3270.4    	3284.69   	3275.02   	20.5108   	10.406    	3.63907   	3.63943   	3.61255   
50.500000	3308.93   	3300.6    	3315.09   	3305.4    	20.7022   	10.4977   	3.67264   	3.6716    	3.64637   
50.750000	3339.12   	3330.8    	3345.48   	3335.79   	20.8937   	10.5893   	3.7062    	3.70377   	3.6802    
51.000000	3369.31   	3361      	3375.88   	3366.17   	21.0851   	10.6809   	3.73977   	3.73593   	3.71402   
51.250000	3399.51   	3391.2    	3406.27   	3396.56   	21.2765   	10.7725   	3.77334   	3.7681    	3.74784   
51.500000	3429.7    	3421.4    	3436.67   	3426.94   	21.4679   	10.8641   	3.8069    	3.80027   	3.78167   
51.750000	3459.89   	3451.6    	3467.06   	3457.33   	21.6593   	10.9558   	3.84047   	3.83244   	3.81549   
52.000000	3490.08   	3481.8    	3497.46   	3487.72   	21.8507   	11.0474   	3.87403   	3.86461   	3.84931   
52.250000	3520.27   	3512      	3527.85   	3518.1    	22.0421   	11.139    	3.9076    	3.89678   	3.88313   
52.500000	3550.46   	3542.2    	3558.25   	3548.49   	22.2336   	11.2306   	3.94116   	3.92894   	3.91696   
52.750000	3580.65   	3572.4    	3588.64   	3578.87   	22.425    	11.3222   	3.97473   	3.96111   	3.95078   
53.000000	3610.85   	3602.6    	3619.04   	3609.26   	22.6164   	11.4139   	4.00829   	3.99328   	3.9846    
53.250000	3641.04   	3632.81   	3649.43   	3639.65   	22.8078   	11.5055   	4.04186   	4.02545   	4.01843   
53.500000	3671.23   	3663.01   	3679.83   	3670.03   	22.9992   	11.5971   	4.07542   	4.05762   	4.05225   
53.750000	3701.42   	3693.21   	3710.23   	3700.42   	23.1906   	11.6887   	4.10899   	4.08979   	4.08607   
54.000000	3731.61   	3723.41   	3740.62   	3730.8    	23.3821   	11.7803   	4.14255   	4.12196   	4.1199    
54.250000	3761.8    	3753.61   	3771.02   	3761.19   	23.5735   	11.8719   	4.17612   	4.15412   	4.15372   
54.500000	3792      	3783.81   	3801.41   	3791.58   	23.7649   	11.9636   	4.20968   	4.18629   	4.18754   
54.750000	3822.19   	3814.01   	3831.81   	3821.96   	23.9563   	12.0552   	4.24325   	4.21846   	4.22137   
55.000000	3852.38   	3844.21   	3862.2    	3852.35   	24.1477   	12.1468   	4.27681   	4.25063   	4.25519   
55.250000	3884.8    	3876.67   	3894.86   	3885.01   	24.3531   	12.2445   	4.3128    	4.28495   	4.29156   
55.500000	3917.22   	3909.14   	3927.51   	3917.67   	24.5585   	12.3421   	4.3488    	4.31927   	4.32794   
55.750000	3949.65   	3941.6    	3960.16   	3950.33   	24.7638   	12.4398   	4.38479   	4.3536    	4.36431   
56.000000	3982.07   	3974.07   	3992.82   	3983      	24.9692   	12.5374   	4.42078   	4.38792   	4.40069   
56.250000	4014.49   	4006.53   	4025.47   	4015.66   	25.1746   	12.6351   	4.45677   	4.42224   	4.43706   
56.500000	4046.92   	4039      	4058.13   	4048.32   	25.3799   	12.7328   	4.49276   	4.45656   	4.47343   
56.750000	4079.34   	4071.46   	4090.78   	4080.98   	25.5853   	12.8304   	4.52875   	4.49088   	4.50981   
57.000000	4111.76   	4103.92   	4123.43   	4113.64   	25.7907   	12.9281   	4.56475   	4.52521   	4.54618   
57.250000	4144.18   	4136.39   	4156.09   	4146.3    	25.996    	13.0258   	4.60074   	4.55953   	4.58256   
57.500000	4176.61   	4168.85   	4188.74   	4178.97   	26.2014   	13.1234   	4.63673   	4.59385   	4.61893   
57.750000	4209.03   	4201.32   	4221.4    	4211.63   	26.4068   	13.2211   	4.67272   	4.62817   	4.6553    
58.000000	4241.45   	4233.78   	4254.05   	4244.29   	26.6121   	13.3187   	4.70871   	4.6625    	4.69168   
58.250000	4273.88   	4266.25   	4286.7    	4276.95   	26.8175   	13.4164   	4.7447    	4.69682   	4.72805   
58.500000	4306.3    	4298.71   	4319.36   	4309.61   	27.0229   	13.5141   	4.7807    	4.73114   	4.76442   
58.750000	4338.72   	4331.17   	4352.01   	4342.28   	27.2282   	13.6117   	4.81669   	4.76546   	4.8008    
59.000000	4371.14   	4363.64   	4384.67   	4374.94   	27.4336   	13.7094   	4.85268   	4.79979   	4.83717   
59.250000	4403.57   	4396.1    	4417.32   	4407.6    	27.639    	13.8071   	4.88867   	4.83411   	4.87355   
59.500000	4435.99   	4428.57   	4449.97   	4440.26   	27.8443   	13.9047   	4.92466   	4.86843   	4.90992   
59.750000	4468.41   	4461.03   	4482.63   	4472.92   	28.0497   	14.0024   	4.96065   	4.90275   	4.94629   
60.000000	4500.84   	4493.49   	4515.28   	4505.58   	28.2551   	14.1      	4.99665   	4.93707   	4.98267   
60.250000	4535.44   	4528.17   	4550.14   	4540.47   	28.4739   	14.2036   	5.03499   	4.97348   	5.02153   
60.500000	4570.04   	4562.84   	4584.99   	4575.35   	28.6928   	14.3071   	5.07333   	5.00989   	5.06039   
60.750000	4604.64   	4597.51   	4619.85   	4610.23   	28.9116   	14.4106   	5.11167   	5.0463    	5.09925   
61.000000	4639.24   	4632.18   	4654.71   	4645.12   	29.1305   	14.5141   	5.15002   	5.0827    	5.13811   
61.250000	4673.84   	4666.86   	4689.56   	4680      	29.3493   	14.6176   	5.18836   	5.11911   	5.17697   
61.500000	4708.44   	4701.53   	4724.42   	4714.88   	29.5681   	14.7211   	5.2267    	5.15552   	5.21583   
61.750000	4743.04   	4736.2    	4759.28   	4749.77   	29.787    	14.8246   	5.26505   	5.19192   	5.2547    
62.000000	4777.64   	4770.87   	4794.13   	4784.65   	30.0058   	14.9281   	5.30339   	5.22833   	5.29356   
62.250000	4812.23   	4805.54   	4828.99   	4819.53   	30.2247   	15.0317   	5.34173   	5.26474   	5.33242   
62.500000	4846.83   	4840.22   	4863.85   	4854.41   	30.4435   	15.1352   	5.38008   	5.30114   	5.37128   
62.750000	4881.43   	4874.89   	4898.7    	4889.3    	30.6624   	15.2387   	5.41842   	5.33755   	5.41014   
63.000000	4916.03   	4909.56   	4933.56   	4924.18   	30.8812   	15.3422   	5.45676   	5.37396   	5.449     
63.250000	4950.63   	4944.23   	4968.42   	4959.06   	31.1      	15.4457   	5.49511   	5.41036   	5.48786   
63.500000	4985.23   	4978.91   	5003.27   	4993.95   	31.3189   	15.5492   	5.53345   	5.44677   	5.52672   
63.750000	5019.83   	5013.58   	5038.13   	5028.83   	31.5377   	15.6527   	5.57179   	5.48318   	5.56558   
64.000000	5054.43   	5048.25   	5072.99   	5063.71   	31.7566   	15.7562   	5.61014   	5.51959   	5.60444   
64.250000	5089.03   	5082.92   	5107.84   	5098.59   	31.9754   	15.8598   	5.64848   	5.55599   	5.6433    
64.500000	5123.63   	5117.59   	5142.7    	5133.48   	32.1943   	15.9633   	5.68682   	5.5924    	5.68217   
64.750000	5158.23   	5152.27   	5177.56   	5168.36   	32.4131   	16.0668   	5.72516   	5.62881   	5.72103   
65.000000	5192.83   	5186.94   	5212.41   	5203.24   	32.6319   	16.1703   	5.76351   	5.66521   	5.75989   
65.250000	5229.56   	5223.77   	5249.42   	5240.3    	32.8638   	16.2795   	5.80413   	5.70364   	5.80118   
65.500000	5266.29   	5260.59   	5286.43   	5277.35   	33.0957   	16.3887   	5.84476   	5.74207   	5.84246   
65.750000	5303.01   	5297.42   	5323.44   	5314.4    	33.3276   	16.4979   	5.88538   	5.7805    	5.88375   
66.000000	5339.74   	5334.25   	5360.44   	5351.45   	33.5595   	16.6071   	5.926     	5.81892   	5.92504   
66.250000	5376.46   	5371.08   	5397.45   	5388.5    	33.7914   	16.7163   	5.96663   	5.85735   	5.96633   
66.500000	5413.19   	5407.9    	5434.46   	5425.56   	34.0233   	16.8255   	6.00725   	5.89578   	6.00762   
66.750000	5449.92   	5444.73   	5471.47   	5462.61   	34.2552   	16.9347   	6.04788   	5.93421   	6.0489    
67.000000	5486.64   	5481.56   	5508.48   	5499.66   	34.4871   	17.0439   	6.0885    	5.97264   	6.09019   
67.250000	5523.37   	5518.39   	5545.48   	5536.71   	34.7189   	17.1531   	6.12913   	6.01106   	6.13148   
67.500000	5560.09   	5555.21   	5582.49   	5573.77   	34.9508   	17.2623   	6.16975   	6.04949   	6.17277   
67.750000	5596.82   	5592.04   	5619.5    	5610.82   	35.1827   	17.3715   	6.21037   	6.08792   	6.21406   
68.000000	5633.55   	5628.87   	5656.51   	5647.87   	35.4146   	17.4806   	6.251     	6.12635   	6.25534   
68.250000	5670.27   	5665.7    	5693.51   	5684.92   	35.6465   	17.5898   	6.29162   	6.16477   	6.29663   
68.500000	5707      	5702.53   	5730.52   	5721.98   	35.8784   	17.699    	6.33225   	6.2032    	6.33792   
68.750000	5743.72   	5739.35   	5767.53   	5759.03   	36.1103   	17.8082   	6.37287   	6.24163   	6.37921   
69.000000	5780.45   	5776.18   	5804.54   	5796.08   	36.3422   	17.9174   	6.4135    	6.28006   	6.4205    
69.250000	5817.18   	5813.01   	5841.55   	5833.13   	36.574    	18.0266   	6.45412   	6.31848   	6.46178   
69.500000	5853.9    	5849.84   	5878.55   	5870.18   	36.8059   	18.1358   	6.49474   	6.35691   	6.50307   
69.750000	5890.63   	5886.66   	5915.56   	5907.24   	37.0378   	18.245    	6.53537   	6.39534   	6.54436   
70.000000	5927.35   	5923.49   	5952.57   	5944.29   	37.2697   	18.3542   	6.57599   	6.43377   	6.58565   
70.250000	5966.16   	5962.42   	5991.68   	5983.46   	37.5143   	18.4689   	6.61883   	6.47416   	6.62931   
70.500000	6004.96   	6001.36   	6030.79   	6022.64   	37.7588   	18.5836   	6.66168   	6.51455   	6.67297   
70.750000	6043.77   	6040.29   	6069.91   	6061.81   	38.0034   	18.6983   	6.70452   	6.55494   	6.71663   
71.000000	6082.57   	6079.22   	6109.02   	6100.98   	38.2479   	18.813    	6.74736   	6.59533   	6.76029   
71.250000	6121.38   	6118.16   	6148.13   	6140.15   	38.4925   	18.9277   	6.7902    	6.63573   	6.80396   
71.500000	6160.18   	6157.09   	6187.24   	6179.33   	38.737    	19.0424   	6.83304   	6.67612   	6.84762   
71.750000	6198.99   	6196.02   	6226.36   	6218.5    	38.9816   	19.157    	6.87588   	6.71651   	6.89128   
72.000000	6237.79   	6234.96   	6265.47   	6257.67   	39.2261   	19.2717   	6.91873   	6.7569    	6.93494   
72.250000	6276.6    	6273.89   	6304.58   	6296.85   	39.4707   	19.3864   	6.96157   	6.79729   	6.9786    
72.500000	6315.4    	6312.82   	6343.69   	6336.02   	39.7152   	19.5011   	7.00441   	6.83768   	7.02226   
72.750000	6354.21   	6351.76   	6382.81   	6375.19   	39.9598   	19.6158   	7.04725   	6.87808   	7.06593   
73.000000	6393.01   	6390.69   	6421.92   	6414.36   	40.2044   	19.7305   	7.09009   	6.91847   	7.10959   
73.250000	6431.82   	6429.62   	6461.03   	6453.54   	40.4489   	19.8452   	7.13293   	6.95886   	7.15325   
73.500000	6470.62   	6468.56   	6500.14   	6492.71   	40.6935   	19.9599   	7.17578   	6.99925   	7.19691   
73.750000	6509.43   	6507.49   	6539.26   	6531.88   	40.938    	20.0746   	7.21862   	7.03964   	7.24057   
74.000000	6548.23   	6546.42   	6578.37   	6571.06   	41.1826   	20.1892   	7.26146   	7.08003   	7.28423   
74.250000	6587.04   	6585.36   	6617.48   	6610.23   	41.4271   	20.3039   	7.3043    	7.12042   	7.32789   
74.500000	6625.84   	6624.29   	6656.59   	6649.4    	41.6717   	20.4186   	7.34714   	7.16082   	7.37156   
74.750000	6664.64   	6663.22   	6695.7    	6688.58   	41.9162   	20.5333   	7.38998   	7.20121   	7.41522   
75.000000	6703.45   	6702.16   	6734.82   	6727.75   	42.1608   	20.648    	7.43282   	7.2416    	7.45888   
75.250000	6744.29   	6743.15   	6775.99   	6769      	42.4176   	20.768    	7.47782   	7.2839    	7.50486   
75.500000	6785.13   	6784.14   	6817.15   	6810.24   	42.6743   	20.8879   	7.52281   	7.32619   	7.55083   
75.750000	6825.97   	6825.13   	6858.32   	6851.49   	42.9311   	21.0079   	7.5678    	7.36849   	7.59681   
76.000000	6866.81   	6866.12   	6899.49   	6892.74   	43.1879   	21.1279   	7.61279   	7.41078   	7.64279   
76.250000	6907.64   	6907.11   	6940.66   	6933.98   	43.4446   	21.2479   	7.65778   	7.45308   	7.68876   
76.500000	6948.48   	6948.1    	6981.83   	6975.23   	43.7014   	21.3678   	7.70277   	7.49538   	7.73474   
76.750000	6989.32   	6989.1    	7022.99   	7016.48   	43.9582   	21.4878   	7.74777   	7.53767   	7.78072   
77.000000	7030.16   	7030.09   	7064.16   	7057.73   	44.215    	21.6078   	7.79276   	7.57997   	7.8267    
77.250000	7071      	7071.08   	7105.33   	7098.97   	44.4717   	21.7278   	7.83775   	7.62227   	7.87267   
77.500000	7111.84   	7112.07   	7146.5    	7140.22   	44.7285   	21.8477   	7.88274   	7.66456   	7.91865   
77.750000	7152.68   	7153.06   	7187.67   	7181.47   	44.9853   	21.9677   	7.92773   	7.70686   	7.96463   
78.000000	7193.52   	7194.05   	7228.83   	7222.71   	45.2421   	22.0877   	7.97272   	7.74916   	8.0106    
78.250000	7234.36   	7235.04   	7270      	7263.96   	45.4988   	22.2077   	8.01772   	7.79145   	8.05658   
78.500000	7275.19   	7276.04   	7311.17   	7305.21   	45.7556   	22.3276   	8.06271   	7.83375   	8.10256   
78.750000	7316.03   	7317.03   	7352.34   	7346.46   	46.0124   	22.4476   	8.1077    	7.87605   	8.14854   
79.000000	7356.87   	7358.02   	7393.51   	7387.7    	46.2692   	22.5676   	8.15269   	7.91834   	8.19451   
79.250000	7397.71   	7399.01   	7434.68   	7428.95   	46.5259   	22.6876   	8.19768   	7.96064   	8.24049   
79.500000	7438.55   	7440      	7475.84   	7470.2    	46.7827   	22.8075   	8.24267   	8.00293   	8.28647   
79.750000	7479.39   	7480.99   	7517.01   	7511.44   	47.0395   	22.9275   	8.28766   	8.04523   	8.33244   
80.000000	7520.23   	7521.98   	7558.18   	7552.69   	47.2962   	23.0475   	8.33266   	8.08753   	8.37842   
80.250000	7563.06   	7564.99   	7601.36   	7595.97   	47.5649   	23.1727   	8.37974   	8.13168   	8.42667   
80.500000	7605.89   	7607.99   	7644.55   	7639.25   	47.8336   	23.2978   	8.42683   	8.17583   	8.47491   
80.750000	7648.72   	7651      	7687.73   	7682.52   	48.1023   	23.423    	8.47392   	8.21999   	8.52316   
81.000000	7691.55   	7694      	7730.91   	7725.8    	48.3709   	23.5482   	8.521     	8.26414   	8.57141   
81.250000	7734.38   	7737      	7774.1    	7769.08   	48.6396   	23.6733   	8.56809   	8.3083    	8.61965   
81.500000	7777.21   	7780.01   	7817.28   	7812.35   	48.9083   	23.7985   	8.61517   	8.35245   	8.6679    
81.750000	7820.04   	7823.01   	7860.46   	7855.63   	49.177    	23.9237   	8.66226   	8.3966    	8.71615   
82.000000	7862.87   	7866.02   	7903.65   	7898.91   	49.4456   	24.0489   	8.70935   	8.44076   	8.76439   
82.250000	7905.71   	7909.02   	7946.83   	7942.19   	49.7143   	24.174    	8.75643   	8.48491   	8.81264   
82.500000	7948.54   	7952.03   	7990.01   	7985.46   	49.983    	24.2992   	8.80352   	8.52906   	8.86088   
82.750000	7991.37   	7995.03   	8033.2    	8028.74   	50.2517   	24.4244   	8.8506    	8.57322   	8.90913   
83.000000	8034.2    	8038.03   	8076.38   	8072.02   	50.5203   	24.5496   	8.89769   	8.61737   	8.95738   
83.250000	8077.03   	8081.04   	8119.56   	8115.29   	50.789    	24.6747   	8.94478   	8.66152   	9.00562   
83.500000	8119.86   	8124.04   	8162.75   	8158.57   	51.0577   	24.7999   	8.99186   	8.70568   	9.05387   
83.750000	8162.69   	8167.05   	8205.93   	8201.85   	51.3264   	24.9251   	9.03895   	8.74983   	9.10212   
84.000000	8205.52   	8210.05   	8249.11   	8245.13   	51.595    	25.0502   	9.08604   	8.79398   	9.15036   
84.250000	8248.35   	8253.06   	8292.3    	8288.4    	51.8637   	25.1754   	9.13312   	8.83814   	9.19861   
84.500000	8291.18   	8296.06   	8335.48   	8331.68   	52.1324   	25.3006   	9.18021   	8.88229   	9.24686   
84.750000	8334.01   	8339.06   	8378.66   	8374.96   	52.4011   	25.4258   	9.22729   	8.92644   	9.2951    
85.000000	8376.84   	8382.07   	8421.85   	8418.23   	52.6697   	25.5509   	9.27438   	8.9706    	9.34335   
85.250000	8421.63   	8427.04   	8467      	8463.5    	52.9499   	25.6811   	9.3235    	9.01656   	9.39381   
85.500000	8466.41   	8472.02   	8512.16   	8508.76   	53.2301   	25.8112   	9.37262   	9.06251   	9.44427   
85.750000	8511.19   	8516.99   	8557.31   	8554.03   	53.5103   	25.9413   	9.42174   	9.10847   	9.49474   
86.000000	8555.98   	8561.96   	8602.47   	8599.29   	53.7905   	26.0715   	9.47086   	9.15443   	9.5452    
86.250000	8600.76   	8606.94   	8647.63   	8644.56   	54.0707   	26.2016   	9.51998   	9.20039   	9.59566   
86.500000	8645.54   	8651.91   	8692.78   	8689.82   	54.3509   	26.3318   	9.5691    	9.24635   	9.64613   
86.750000	8690.33   	8696.89   	8737.94   	8735.09   	54.6311   	26.4619   	9.61822   	9.29231   	9.69659   
87.000000	8735.11   	8741.86   	8783.09   	8780.35   	54.9112   	26.592    	9.66734   	9.33827   	9.74705   
87.250000	8779.89   	8786.83   	8828.25   	8825.62   	55.1914   	26.7222   	9.71646   	9.38422   	9.79752   
87.500000	8824.68   	8831.81   	8873.4    	8870.88   	55.4716   	26.8523   	9.76558   	9.43018   	9.84798   
87.750000	8869.46   	8876.78   	8918.56   	8916.15   	55.7518   	26.9824   	9.8147    	9.47614   	9.89844   
88.000000	8914.24   	8921.76   	8963.71   	8961.41   	56.032    	27.1126   	9.86382   	9.5221    	9.94891   
88.250000	8959.03   	8966.73   	9008.87   	9006.68   	56.3122   	27.2427   	9.91293   	9.56806   	9.99937   
88.500000	9003.81   	9011.7    	9054.03   	9051.94   	56.5924   	27.3728   	9.96205   	9.61402   	10.0498   
88.750000	9048.59   	9056.68   	9099.18   	9097.21   	56.8726   	27.503    	10.0112   	9.65997   	10.1003   
89.000000	9093.37   	9101.65   	9144.34   	9142.47   	57.1527   	27.6331   	10.0603   	9.70593   	10.1508   
89.250000	9138.16   	9146.62   	9189.49   	9187.74   	57.4329   	27.7632   	10.1094   	9.75189   	10.2012   
89.500000	9182.94   	9191.6    	9234.65   	9233      	57.7131   	27.8934   	10.1585   	9.79785   	10.2517   
89.750000	9227.72   	9236.57   	9279.8    	9278.27   	57.9933   	28.0235   	10.2077   	9.84381   	10.3021   
90.000000	9272.51   	9281.55   	9324.96   	9323.53   	58.2735   	28.1537   	10.2568   	9.88977   	10.3526   
90.250000	9319.2    	9328.45   	9372.05   	9370.74   	58.5648   	28.2886   	10.3079   	9.93748   	10.4052   
90.500000	9365.9    	9375.35   	9419.13   	9417.96   	58.8562   	28.4236   	10.359    	9.9852    	10.4579   
90.750000	9412.6    	9422.25   	9466.22   	9465.17   	59.1475   	28.5586   	10.4101   	10.0329   	10.5105   
91.000000	9459.3    	9469.15   	9513.31   	9512.38   	59.4388   	28.6936   	10.4612   	10.0806   	10.5631   
91.250000	9505.99   	9516.06   	9560.39   	9559.59   	59.7302   	28.8286   	10.5123   	10.1283   	10.6158   
91.500000	9552.69   	9562.96   	9607.48   	9606.8    	60.0215   	28.9636   	10.5633   	10.1761   	10.6684   
91.750000	9599.39   	9609.86   	9654.57   	9654.02   	60.3129   	29.0986   	10.6144   	10.2238   	10.721    
92.000000	9646.09   	9656.76   	9701.66   	9701.23   	60.6042   	29.2335   	10.6655   	10.2715   	10.7737   
92.250000	9692.78   	9703.66   	9748.74   	9748.44   	60.8955   	29.3685   	10.7166   	10.3192   	10.8263   
92.500000	9739.48   	9750.57   	9795.83   	9795.65   	61.1869   	29.5035   	10.7677   	10.3669   	10.8789   
92.750000	9786.18   	9797.47   	9842.92   	9842.86   	61.4782   	29.6385   	10.8188   	10.4146   	10.9316   
93.000000	9832.88   	9844.37   	9890      	9890.08   	61.7696   	29.7735   	10.8699   	10.4623   	10.9842   
93.250000	9879.57   	9891.27   	9937.09   	9937.29   	62.0609   	29.9085   	10.921    	10.5101   	11.0368   
93.500000	9926.27   	9938.17   	9984.18   	9984.5    	62.3522   	30.0435   	10.9721   	10.5578   	11.0895   
93.750000	9972.97   	9985.08   	10031.3   	10031.7   	62.6436   	30.1784   	11.0232   	10.6055   	11.1421   
94.000000	10019.7   	10032     	10078.4   	10078.9   	62.9349   	30.3134   	11.0743   	10.6532   	11.1947   
94.250000	10066.4   	10078.9   	10125.4   	10126.1   	63.2262   	30.4484   	11.1254   	10.7009   	11.2473   
94.500000	10113.1   	10125.8   	10172.5   	10173.3   	63.5176   	30.5834   	11.1765   	10.7486   	11.3      
94.750000	10159.8   	10172.7   	10219.6   	10220.6   	63.8089   	30.7184   	11.2276   	10.7964   	11.3526   
95.000000	10206.5   	10219.6   	10266.7   	10267.8   	64.1003   	30.8534   	11.2787   	10.8441   	11.4052   
95.250000	10255     	10268.4   	10315.7   	10316.9   	64.4024   	30.9931   	11.3317   	10.8935   	11.46     
95.500000	10303.6   	10317.2   	10364.7   	10366     	64.7045   	31.1328   	11.3847   	10.9429   	11.5147   
95.750000	10352.2   	10366     	10413.6   	10415.1   	65.0067   	31.2725   	11.4378   	10.9923   	11.5695   
96.000000	10400.8   	10414.7   	10462.6   	10464.3   	65.3088   	31.4122   	11.4908   	11.0418   	11.6242   
96.250000	10449.3   	10463.5   	10511.6   	10513.4   	65.611    	31.5519   	11.5438   	11.0912   	11.679    
96.500000	10497.9   	10512.3   	10560.6   	10562.5   	65.9131   	31.6916   	11.5968   	11.1406   	11.7338   
96.750000	10546.5   	10561.1   	10609.6   	10611.6   	66.2152   	31.8313   	11.6498   	11.19     	11.7885   
97.000000	10595.1   	10609.9   	10658.5   	10660.7   	66.5174   	31.971    	11.7028   	11.2395   	11.8433   
97.250000	10643.6   	10658.7   	10707.5   	10709.9   	66.8195   	32.1107   	11.7559   	11.2889   	11.898    
97.500000	10692.2   	10707.5   	10756.5   	10759     	67.1217   	32.2504   	11.8089   	11.3383   	11.9528   
97.750000	10740.8   	10756.3   	10805.5   	10808.1   	67.4238   	32.3902   	11.8619   	11.3877   	12.0075   
98.000000	10789.4   	10805.1   	10854.5   	10857.2   	67.7259   	32.5299   	11.9149   	11.4372   	12.0623   
98.250000	10837.9   	10853.9   	10903.4   	10906.3   	68.0281   	32.6696   	11.9679   	11.4866   	12.117    
98.500000	10886.5   	10902.6   	10952.4   	10955.5   	68.3302   	32.8093   	12.0209   	11.536    	12.1718   
98.750000	10935.1   	10951.4   	11001.4   	11004.6   	68.6324   	32.949    	12.074    	11.5854   	12.2265   
99.000000	10983.7   	11000.2   	11050.4   	11053.7   	68.9345   	33.0887   	12.127    	11.6349   	12.2813   
99.250000	11032.2   	11049     	11099.3   	11102.8   	69.2366   	33.2284   	12.18     	11.6843   	12.336    
99.500000	11080.8   	11097.8   	11148.3   	11151.9   	69.5388   	33.3681   	12.233    	11.7337   	12.3908   
99.750000	11129.4   	11146.6   	11197.3   	11201.1   	69.8409   	33.5078   	12.286    	11.7831   	12.4455   
100.000000	11178     	11195.4   	11246.3   	11250.2   	70.1431   	33.6475   	12.3391   	11.8326   	12.5003   
100.250000	11228.4   	11246     	11297.1   	11301.2   	70.4557   	33.7918   	12.3939   	11.8837   	12.5571   
100.500000	11278.8   	11296.7   	11348     	11352.2   	70.7683   	33.9361   	12.4488   	11.9348   	12.6139   
100.750000	11329.2   	11347.3   	11398.8   	11403.2   	71.0809   	34.0805   	12.5037   	11.9858   	12.6708   
101.000000	11379.7   	11398     	11449.6   	11454.1   	71.3935   	34.2248   	12.5586   	12.0369   	12.7276   
101.250000	11430.1   	11448.6   	11500.5   	11505.1   	71.7061   	34.3691   	12.6135   	12.088    	12.7844   
101.500000	11480.5   	11499.2   	11551.3   	11556.1   	72.0187   	34.5134   	12.6684   	12.1391   	12.8412   
101.750000	11530.9   	11549.9   	11602.1   	11607.1   	72.3313   	34.6577   	12.7232   	12.1902   	12.8981   
102.000000	11581.3   	11600.5   	11653     	11658.1   	72.6439   	34.802    	12.7781   	12.2413   	12.9549   
102.250000	11631.8   	11651.2   	11703.8   	11709.1   	72.9565   	34.9463   	12.833    	12.2924   	13.0117   
102.500000	11682.2   	11701.8   	11754.6   	11760.1   	73.2691   	35.0906   	12.8879   	12.3435   	13.0685   
102.750000	11732.6   	11752.4   	11805.5   	11811.1   	73.5817   	35.235    	12.9428   	12.3946   	13.1254   
103.000000	11783     	11803.1   	11856.3   	11862.1   	73.8944   	35.3793   	12.9977   	12.4457   	13.1822   
103.250000	11833.4   	11853.7   	11907.1   	11913.1   	74.207    	35.5236   	13.0525   	12.4967   	13.239    
103.500000	11883.9   	11904.4   	11958     	11964.1   	74.5196   	35.6679   	13.1074   	12.5478   	13.2958   
103.750000	11934.3   	11955     	12008.8   	12015     	74.8322   	35.8122   	13.1623   	12.5989   	13.3527   
104.000000	11984.7   	12005.6   	12059.6   	12066     	75.1448   	35.9565   	13.2172   	12.65     	13.4095   
104.250000	12035.1   	12056.3   	12110.5   	12117     	75.4574   	36.1008   	13.2721   	12.7011   	13.4663   
104.500000	12085.5   	12106.9   	12161.3   	12168     	75.77     	36.2451   	13.327    	12.7522   	13.5231   
104.750000	12136     	12157.6   	12212.1   	12219     	76.0826   	36.3895   	13.3818   	12.8033   	13.58     
105.000000	12186.4   	12208.2   	12263     	12270     	76.3952   	36.5338   	13.4367   	12.8544   	13.6368   
105.250000	12238.6   	12260.6   	12315.6   	12322.8   	76.718    	36.6826   	13.4934   	12.9071   	13.6956   
105.500000	12290.8   	12313.1   	12368.3   	12375.6   	77.0407   	36.8314   	13.5501   	12.9598   	13.7545   
105.750000	12343.1   	12365.6   	12420.9   	12428.5   	77.3635   	36.9802   	13.6068   	13.0125   	13.8134   
106.000000	12395.3   	12418     	12473.6   	12481.3   	77.6862   	37.129    	13.6635   	13.0652   	13.8722   
106.250000	12447.5   	12470.5   	12526.2   	12534.1   	78.009    	37.2778   	13.7202   	13.1179   	13.9311   
106.500000	12499.8   	12522.9   	12578.9   	12587     	78.3317   	37.4266   	13.7769   	13.1706   	13.9899   
106.750000	12552     	12575.4   	12631.5   	12639.8   	78.6545   	37.5754   	13.8336   	13.2234   	14.0488   
107.000000	12604.2   	12627.8   	12684.2   	12692.6   	78.9772   	37.7242   	13.8903   	13.2761   	14.1076   
107.250000	12656.5   	12680.3   	12736.8   	12745.4   	79.3      	37.873    	13.947    	13.3288   	14.1665   
107.500000	12708.7   	12732.7   	12789.5   	12798.3   	79.6227   	38.0218   	14.0037   	13.3815   	14.2253   
107.750000	12760.9   	12785.2   	12842.1   	12851.1   	79.9455   	38.1706   	14.0604   	13.4342   	14.2842   
108.000000	12813.2   	12837.6   	12894.8   	12903.9   	80.2682   	38.3194   	14.1171   	13.4869   	14.343    
108.250000	12865.4   	12890.1   	12947.4   	12956.7   	80.591    	38.4682   	14.1738   	13.5396   	14.4019   
108.500000	12917.6   	12942.5   	13000.1   	13009.6   	80.9137   	38.617    	14.2305   	13.5924   	14.4608   
108.750000	12969.9   	12995     	13052.7   	13062.4   	81.2365   	38.7658   	14.2872   	13.6451   	14.5196   
109.000000	13022.1   	13047.4   	13105.4   	13115.2   	81.5592   	38.9146   	14.3439   	13.6978   	14.5785   
109.250000	13074.3   	13099.9   	13158     	13168     	81.882    	39.0634   	14.4006   	13.7505   	14.6373   
109.500000	13126.6   	13152.4   	13210.7   	13220.9   	82.2047   	39.2122   	14.4573   	13.8032   	14.6962   
109.750000	13178.8   	13204.8   	13263.3   	13273.7   	82.5275   	39.361    	14.514    	13.8559   	14.755    
110.000000	13231     	13257.3   	13316     	13326.5   	82.8502   	39.5098   	14.5707   	13.9086   	14.8139   
110.250000	13285     	13311.5   	13370.4   	13381.1   	83.1828   	39.663    	14.6292   	13.9629   	14.8747   
110.500000	13339.1   	13365.7   	13424.9   	13435.8   	83.5154   	39.8162   	14.6877   	14.0172   	14.9356   
110.750000	13393.1   	13419.9   	13479.3   	13490.4   	83.848    	39.9693   	14.7461   	14.0715   	14.9964   
111.000000	13447.1   	13474.2   	13533.7   	13545     	84.1805   	40.1225   	14.8046   	14.1258   	15.0573   
111.250000	13501.1   	13528.4   	13588.2   	13599.6   	84.5131   	40.2757   	14.8631   	14.1801   	15.1181   
111.500000	13555.1   	13582.6   	13642.6   	13654.3   	84.8457   	40.4289   	14.9215   	14.2344   	15.1789   
111.750000	13609.1   	13636.9   	13697     	13708.9   	85.1783   	40.5821   	14.98     	14.2887   	15.2398   
112.000000	13663.1   	13691.1   	13751.5   	13763.5   	85.5109   	40.7353   	15.0385   	14.343    	15.3006   
112.250000	13717.1   	13745.3   	13805.9   	13818.1   	85.8435   	40.8885   	15.0969   	14.3973   	15.3615   
112.500000	13771.1   	13799.6   	13860.4   	13872.8   	86.176    	41.0417   	15.1554   	14.4516   	15.4223   
112.750000	13825.2   	13853.8   	13914.8   	13927.4   	86.5086   	41.1949   	15.2139   	14.5059   	15.4831   
113.000000	13879.2   	13908     	13969.2   	13982     	86.8412   	41.3481   	15.2723   	14.5602   	15.544    
113.250000	13933.2   	13962.3   	14023.7   	14036.6   	87.1738   	41.5013   	15.3308   	14.6145   	15.6048   
113.500000	13987.2   	14016.5   	14078.1   	14091.3   	87.5064   	41.6545   	15.3893   	14.6688   	15.6657   
113.750000	14041.2   	14070.7   	14132.5   	14145.9   	87.839    	41.8077   	15.4477   	14.7231   	15.7265   
114.000000	14095.2   	14124.9   	14187     	14200.5   	88.1715   	41.9609   	15.5062   	14.7773   	15.7874   
114.250000	14149.2   	14179.2   	14241.4   	14255.1   	88.5041   	42.114    	15.5647   	14.8316   	15.8482   
114.500000	14203.2   	14233.4   	14295.8   	14309.8   	88.8367   	42.2672   	15.6231   	14.8859   	15.909    
114.750000	14257.3   	14287.6   	14350.3   	14364.4   	89.1693   	42.4204   	15.6816   	14.9402   	15.9699   
115.000000	14311.3   	14341.9   	14404.7   	14419     	89.5019   	42.5736   	15.7401   	14.9945   	16.0307   
115.250000	14367     	14397.8   	14460.9   	14475.4   	89.844    	42.7311   	15.8002   	15.0504   	16.0935   
115.500000	14422.8   	14453.8   	14517.1   	14531.8   	90.1861   	42.8885   	15.8604   	15.1062   	16.1563   
115.750000	14478.6   	14509.8   	14573.3   	14588.2   	90.5282   	43.046    	15.9206   	15.162    	16.2191   
116.000000	14534.3   	14565.8   	14629.4   	14644.6   	90.8703   	43.2035   	15.9808   	15.2179   	16.2819   
116.250000	14590.1   	14621.7   	14685.6   	14701     	91.2124   	43.3609   	16.041    	15.2737   	16.3446   
116.500000	14645.9   	14677.7   	14741.8   	14757.4   	91.5546   	43.5184   	16.1012   	15.3295   	16.4074   
116.750000	14701.6   	14733.7   	14798     	14813.8   	91.8967   	43.6758   	16.1613   	15.3854   	16.4702   
117.000000	14757.4   	14789.7   	14854.2   	14870.1   	92.2388   	43.8333   	16.2215   	15.4412   	16.533    
117.250000	14813.1   	14845.6   	14910.4   	14926.5   	92.5809   	43.9907   	16.2817   	15.497    	16.5958   
117.500000	14868.9   	14901.6   	14966.5   	14982.9   	92.923    	44.1482   	16.3419   	15.5529   	16.6586   
117.750000	14924.7   	14957.6   	15022.7   	15039.3   	93.2651   	44.3056   	16.4021   	15.6087   	16.7213   
118.000000	14980.4   	15013.6   	15078.9   	15095.7   	93.6072   	44.4631   	16.4622   	15.6646   	16.7841   
118.250000	15036.2   	15069.5   	15135.1   	15152.1   	93.9494   	44.6206   	16.5224   	15.7204   	16.8469   
118.500000	15092     	15125.5   	15191.3   	15208.5   	94.2915   	44.778    	16.5826   	15.7762   	16.9097   
118.750000	15147.7   	15181.5   	15247.5   	15264.9   	94.6336   	44.9355   	16.6428   	15.8321   	16.9725   
119.000000	15203.5   	15237.4   	15303.7   	15321.3   	94.9757   	45.0929   	16.703    	15.8879   	17.0353   
119.250000	15259.2   	15293.4   	15359.8   	15377.7   	95.3178   	45.2504   	16.7632   	15.9437   	17.098    
119.500000	15315     	15349.4   	15416     	15434.1   	95.6599   	45.4078   	16.8233   	15.9996   	17.1608   
119.750000	15370.8   	15405.4   	15472.2   	15490.4   	96.002    	45.5653   	16.8835   	16.0554   	17.2236   
120.000000	15426.5   	15461.3   	15528.4   	15546.8   	96.3441   	45.7228   	16.9437   	16.1112   	17.2864   
120.250000	15484     	15519     	15586.3   	15605     	96.6955   	45.8843   	17.0056   	16.1686   	17.3511   
120.500000	15541.5   	15576.7   	15644.2   	15663.1   	97.0468   	46.0458   	17.0674   	16.2259   	17.4158   
120.750000	15599     	15634.4   	15702.1   	15721.2   	97.3982   	46.2073   	17.1293   	16.2833   	17.4805   
121.000000	15656.5   	15692.1   	15760     	15779.3   	97.7495   	46.3688   	17.1911   	16.3406   	17.5451   
121.250000	15714     	15749.8   	15817.9   	15837.5   	98.1009   	46.5303   	17.253    	16.3979   	17.6098   
121.500000	15771.4   	15807.4   	15875.8   	15895.6   	98.4523   	46.6918   	17.3148   	16.4553   	17.6745   
121.750000	15828.9   	15865.1   	15933.7   	15953.7   	98.8036   	46.8533   	17.3767   	16.5126   	17.7392   
122.000000	15886.4   	15922.8   	15991.6   	16011.8   	99.155    	47.0148   	17.4385   	16.57     	17.8039   
122.250000	15943.9   	15980.5   	16049.5   	16070     	99.5063   	47.1763   	17.5004   	16.6273   	17.8686   
122.500000	16001.4   	16038.2   	16107.4   	16128.1   	99.8577   	47.3378   	17.5622   	16.6847   	17.9333   
122.750000	16058.9   	16095.9   	16165.3   	16186.2   	100.209   	47.4993   	17.6241   	16.742    	17.998    
123.000000	16116.3   	16153.5   	16223.2   	16244.3   	100.56    	47.6608   	17.6859   	16.7993   	18.0627   
123.250000	16173.8   	16211.2   	16281.1   	16302.5   	100.912   	47.8223   	17.7478   	16.8567   	18.1273   
123.500000	16231.3   	16268.9   	16339     	16360.6   	101.263   	47.9838   	17.8097   	16.914    	18.192    
123.750000	16288.8   	16326.6   	16396.9   	16418.7   	101.614   	48.1453   	17.8715   	16.9714   	18.2567   
124.000000	16346.3   	16384.3   	16454.8   	16476.8   	101.966   	48.3068   	17.9334   	17.0287   	18.3214   
124.250000	16403.8   	16442     	16512.7   	16535     	102.317   	48.4683   	17.9952   	17.086    	18.3861   
124.500000	16461.3   	16499.6   	16570.6   	16593.1   	102.668   	48.6299   	18.0571   	17.1434   	18.4508   
124.750000	16518.7   	16557.3   	16628.5   	16651.2   	103.02    	48.7914   	18.1189   	17.2007   	18.5155   
125.000000	16576.2   	16615     	16686.4   	16709.3   	103.371   	48.9529   	18.1808   	17.2581   	18.5802   
125.250000	16635.4   	16674.4   	16746     	16769.2   	103.732   	49.1185   	18.2443   	17.3169   	18.6467   
125.500000	16694.6   	16733.7   	16805.6   	16829     	104.092   	49.2841   	18.3077   	17.3757   	18.7133   
125.750000	16753.8   	16793.1   	16865.2   	16888.8   	104.452   	49.4497   	18.3712   	17.4345   	18.7798   
126.000000	16812.9   	16852.5   	16924.8   	16948.6   	104.813   	49.6153   	18.4347   	17.4933   	18.8464   
126.250000	16872.1   	16911.8   	16984.4   	17008.5   	105.173   	49.7809   	18.4982   	17.5521   	18.9129   
126.500000	16931.3   	16971.2   	17043.9   	17068.3   	105.534   	49.9465   	18.5617   	17.6109   	18.9795   
126.750000	16990.5   	17030.5   	17103.5   	17128.1   	105.894   	50.1121   	18.6252   	17.6697   	19.046    
127.000000	17049.7   	17089.9   	17163.1   	17187.9   	106.254   	50.2777   	18.6886   	17.7286   	19.1126   
127.250000	17108.8   	17149.3   	17222.7   	17247.8   	106.615   	50.4433   	18.7521   	17.7874   	19.1792   
127.500000	17168     	17208.6   	17282.3   	17307.6   	106.975   	50.6089   	18.8156   	17.8462   	19.2457   
127.750000	17227.2   	17268     	17341.9   	17367.4   	107.335   	50.7745   	18.8791   	17.905    	19.3123   
128.000000	17286.4   	17327.3   	17401.5   	17427.2   	107.696   	50.9401   	18.9426   	17.9638   	19.3788   
128.250000	17345.5   	17386.7   	17461.1   	17487.1   	108.056   	51.1057   	19.0061   	18.0226   	19.4454   
128.500000	17404.7   	17446.1   	17520.7   	17546.9   	108.417   	51.2713   	19.0695   	18.0814   	19.5119   
128.750000	17463.9   	17505.4   	17580.2   	17606.7   	108.777   	51.4369   	19.133    	18.1402   	19.5785   
129.000000	17523.1   	17564.8   	17639.8   	17666.5   	109.137   	51.6025   	19.1965   	18.1991   	19.6451   
129.250000	17582.3   	17624.2   	17699.4   	17726.4   	109.498   	51.7681   	19.26     	18.2579   	19.7116   
129.500000	17641.4   	17683.5   	17759     	17786.2   	109.858   	51.9337   	19.3235   	18.3167   	19.7782   
129.750000	17700.6   	17742.9   	17818.6   	17846     	110.219   	52.0993   	19.387    	18.3755   	19.8447   
130.000000	17759.8   	17802.2   	17878.2   	17905.8   	110.579   	52.2649   	19.4504   	18.4343   	19.9113   
130.250000	17820.6   	17863.2   	17939.4   	17967.3   	110.948   	52.4344   	19.5155   	18.4946   	19.9797   
130.500000	17881.5   	17924.3   	18000.7   	18028.8   	111.317   	52.604    	19.5806   	18.5548   	20.0481   
130.750000	17942.3   	17985.3   	18061.9   	18090.3   	111.686   	52.7736   	19.6457   	18.6151   	20.1165   
131.000000	18003.2   	18046.3   	18123.2   	18151.8   	112.056   	52.9431   	19.7107   	18.6753   	20.1848   
131.250000	18064     	18107.3   	18184.4   	18213.3   	112.425   	53.1127   	19.7758   	18.7356   	20.2532   
131.500000	18124.9   	18168.3   	18245.7   	18274.8   	112.794   	53.2823   	19.8409   	18.7958   	20.3216   
131.750000	18185.7   	18229.3   	18306.9   	18336.3   	113.163   	53.4518   	19.906    	18.8561   	20.39     
132.000000	18246.6   	18290.3   	18368.2   	18397.8   	113.532   	53.6214   	19.971    	18.9163   	20.4584   
132.250000	18307.4   	18351.3   	18429.4   	18459.3   	113.901   	53.791    	20.0361   	18.9766   	20.5268   
132.500000	18368.3   	18412.3   	18490.7   	18520.8   	114.27    	53.9605   	20.1012   	19.0368   	20.5952   
132.750000	18429.1   	18473.3   	18551.9   	18582.3   	114.64    	54.1301   	20.1662   	19.0971   	20.6636   
133.000000	18490     	18534.3   	18613.2   	18643.8   	115.009   	54.2997   	20.2313   	19.1573   	20.732    
133.250000	18550.8   	18595.3   	18674.4   	18705.3   	115.378   	54.4692   	20.2964   	19.2176   	20.8003   
133.500000	18611.6   	18656.4   	18735.7   	18766.8   	115.747   	54.6388   	20.3615   	19.2778   	20.8687   
133.750000	18672.5   	18717.4   	18796.9   	18828.3   	116.116   	54.8084   	20.4265   	19.3381   	20.9371   
134.000000	18733.3   	18778.4   	18858.2   	18889.8   	116.485   	54.9779   	20.4916   	19.3983   	21.0055   
134.250000	18794.2   	18839.4   	18919.4   	18951.3   	116.855   	55.1475   	20.5567   	19.4586   	21.0739   
134.500000	18855     	18900.4   	18980.7   	19012.8   	117.224   	55.3171   	20.6218   	19.5188   	21.1423   
134.750000	18915.9   	18961.4   	19041.9   	19074.3   	117.593   	55.4866   	20.6868   	19.5791   	21.2107   
135.000000	18976.7   	19022.4   	19103.2   	19135.8   	117.962   	55.6562   	20.7519   	19.6393   	21.2791   
135.250000	19039.2   	19085     	19166     	19198.9   	118.34    	55.8296   	20.8185   	19.701    	21.3492   
135.500000	19101.7   	19147.6   	19228.9   	19262.1   	118.717   	56.0029   	20.8851   	19.7626   	21.4194   
135.750000	19164.2   	19210.3   	19291.8   	19325.2   	119.095   	56.1763   	20.9517   	19.8243   	21.4896   
136.000000	19226.7   	19272.9   	19354.6   	19388.3   	119.472   	56.3496   	21.0183   	19.8859   	21.5598   
136.250000	19289.2   	19335.5   	19417.5   	19451.5   	119.85    	56.5229   	21.0849   	19.9476   	21.6299   
136.500000	19351.7   	19398.1   	19480.4   	19514.6   	120.227   	56.6963   	21.1515   	20.0092   	21.7001   
136.750000	19414.1   	19460.8   	19543.2   	19577.8   	120.605   	56.8696   	21.2182   	20.0709   	21.7703   
137.000000	19476.6   	19523.4   	19606.1   	19640.9   	120.982   	57.043    	21.2848   	20.1325   	21.8405   
137.250000	19539.1   	19586     	19669     	19704     	121.36    	57.2163   	21.3514   	20.1941   	21.9106   
137.500000	19601.6   	19648.6   	19731.9   	19767.2   	121.738   	57.3897   	21.418    	20.2558   	21.9808   
137.750000	19664.1   	19711.3   	19794.7   	19830.3   	122.115   	57.563    	21.4846   	20.3174   	22.051    
138.000000	19726.6   	19773.9   	19857.6   	19893.4   	122.493   	57.7364   	21.5512   	20.3791   	22.1211   
138.250000	19789.1   	19836.5   	19920.5   	19956.6   	122.87    	57.9097   	21.6178   	20.4407   	22.1913   
138.500000	19851.6   	19899.1   	19983.3   	20019.7   	123.248   	58.083    	21.6844   	20.5024   	22.2615   
138.750000	19914.1   	19961.8   	20046.2   	20082.9   	123.625   	58.2564   	21.751    	20.564    	22.3317   
139.000000	19976.5   	20024.4   	20109.1   	20146     	124.003   	58.4297   	21.8176   	20.6257   	22.4018   
139.250000	20039     	20087     	20172     	20209.1   	124.38    	58.6031   	21.8842   	20.6873   	22.472    
139.500000	20101.5   	20149.6   	20234.8   	20272.3   	124.758   	58.7764   	21.9508   	20.749    	22.5422   
139.750000	20164     	20212.3   	20297.7   	20335.4   	125.136   	58.9498   	22.0175   	20.8106   	22.6124   
140.000000	20226.5   	20274.9   	20360.6   	20398.5   	125.513   	59.1231   	22.0841   	20.8723   	22.6825   
140.250000	20290.6   	20339.1   	20425     	20463.3   	125.899   	59.3003   	22.1522   	20.9353   	22.7545   
140.500000	20354.7   	20403.3   	20489.5   	20528     	126.285   	59.4774   	22.2203   	20.9983   	22.8264   
140.750000	20418.8   	20467.5   	20554     	20592.8   	126.67    	59.6546   	22.2884   	21.0613   	22.8983   
141.000000	20482.9   	20531.7   	20618.4   	20657.5   	127.056   	59.8318   	22.3565   	21.1243   	22.9702   
141.250000	20547     	20595.9   	20682.9   	20722.3   	127.442   	60.0089   	22.4246   	21.1873   	23.0422   
141.500000	20611.1   	20660.2   	20747.4   	20787     	127.827   	60.1861   	22.4927   	21.2503   	23.1141   
141.750000	20675.2   	20724.4   	20811.8   	20851.8   	128.213   	60.3633   	22.5608   	21.3133   	23.186    
142.000000	20739.3   	20788.6   	20876.3   	20916.5   	128.599   	60.5404   	22.6289   	21.3764   	23.2579   
142.250000	20803.4   	20852.8   	20940.8   	20981.3   	128.985   	60.7176   	22.697    	21.4394   	23.3299   
142.500000	20867.5   	20917     	21005.2   	21046     	129.37    	60.8948   	22.7651   	21.5024   	23.4018   
142.750000	20931.7   	20981.2   	21069.7   	21110.8   	129.756   	61.0719   	22.8332   	21.5654   	23.4737   
143.000000	20995.8   	21045.4   	21134.2   	21175.5   	130.142   	61.2491   	22.9013   	21.6284   	23.5456   
143.250000	21059.9   	21109.6   	21198.6   	21240.3   	130.527   	61.4263   	22.9695   	21.6914   	23.6176   
143.500000	21124     	21173.9   	21263.1   	21305     	130.913   	61.6034   	23.0376   	21.7544   	23.6895   
