Energy (MeV/u)	0 - [He-base] F.Hubert et al, AD&ND Tables 46(1990)1	1 - [H -base] J.F.Ziegler et al, Pergamon Press, NY (low energy)	2 - ATIMA 1.2  LS-theory (recommended for high energy)	3 - ATIMA 1.2  without LS-correction	4 - Range straggling - method [0] - LISE	5 - Range straggling - method [1] - Atima	6 - Lateral range - method [0] - LISE	7 - Lateral range - method [1] - Atima	8 - Lateral range - method [2] - PDG
1.000000	8.26862   	8.72989   	9.08543   	9.08543   	0.0519639 	0.037341  	0.0551295 	0.0779183 	0.047749  
1.025000	8.48553   	8.95895   	9.31478   	9.31478   	0.0530321 	0.0381135 	0.056119  	0.0791653 	0.0486679 
1.050000	8.70245   	9.18801   	9.54413   	9.54413   	0.0541003 	0.0388861 	0.0571084 	0.0804123 	0.0495868 
1.075000	8.91936   	9.41707   	9.77347   	9.77347   	0.0551685 	0.0396587 	0.0580979 	0.0816593 	0.0505058 
1.100000	9.13627   	9.64613   	10.0028   	10.0028   	0.0562367 	0.0404313 	0.0590873 	0.0829063 	0.0514247 
1.125000	9.35319   	9.87519   	10.2322   	10.2322   	0.0573049 	0.0412038 	0.0600767 	0.0841533 	0.0523436 
1.150000	9.5701    	10.1042   	10.4615   	10.4615   	0.0583731 	0.0419764 	0.0610662 	0.0854003 	0.0532625 
1.175000	9.78701   	10.3333   	10.6909   	10.6909   	0.0594412 	0.042749  	0.0620556 	0.0866473 	0.0541814 
1.200000	10.0039   	10.5624   	10.9202   	10.9202   	0.0605094 	0.0435215 	0.0630451 	0.0878943 	0.0551004 
1.225000	10.2208   	10.7914   	11.1496   	11.1496   	0.0615776 	0.0442941 	0.0640345 	0.0891413 	0.0560193 
1.250000	10.4378   	11.0205   	11.3789   	11.3789   	0.0626458 	0.0450667 	0.0650239 	0.0903883 	0.0569382 
1.275000	10.6684   	11.264    	11.6229   	11.6229   	0.0638062 	0.0458931 	0.0658434 	0.0913862 	0.0577115 
1.300000	10.899    	11.5075   	11.8669   	11.8669   	0.0649666 	0.0467194 	0.0666629 	0.092384  	0.0584847 
1.325000	11.1296   	11.751    	12.1109   	12.1109   	0.066127  	0.0475458 	0.0674823 	0.0933819 	0.059258  
1.350000	11.3602   	11.9946   	12.3548   	12.3548   	0.0672874 	0.0483722 	0.0683018 	0.0943798 	0.0600313 
1.375000	11.5908   	12.2381   	12.5988   	12.5988   	0.0684478 	0.0491985 	0.0691213 	0.0953777 	0.0608046 
1.400000	11.8214   	12.4816   	12.8428   	12.8428   	0.0696082 	0.0500249 	0.0699407 	0.0963755 	0.0615778 
1.425000	12.052    	12.7251   	13.0868   	13.0868   	0.0707686 	0.0508513 	0.0707602 	0.0973734 	0.0623511 
1.450000	12.2826   	12.9686   	13.3308   	13.3308   	0.071929  	0.0516776 	0.0715797 	0.0983713 	0.0631244 
1.475000	12.5132   	13.2122   	13.5748   	13.5748   	0.0730894 	0.052504  	0.0723991 	0.0993692 	0.0638976 
1.500000	12.7438   	13.4557   	13.8188   	13.8188   	0.0742498 	0.0533304 	0.0732186 	0.100367  	0.0646709 
1.525000	12.9894   	13.715    	14.0785   	14.0785   	0.0755122 	0.0542164 	0.0733576 	0.100488  	0.0648193 
1.550000	13.2349   	13.9743   	14.3382   	14.3382   	0.0767746 	0.0551024 	0.0734967 	0.100609  	0.0649676 
1.575000	13.4804   	14.2335   	14.5979   	14.5979   	0.0780369 	0.0559884 	0.0736358 	0.100731  	0.065116  
1.600000	13.726    	14.4928   	14.8576   	14.8576   	0.0792993 	0.0568744 	0.0737748 	0.100852  	0.0652643 
1.625000	13.9715   	14.7521   	15.1173   	15.1173   	0.0805616 	0.0577604 	0.0739139 	0.100973  	0.0654126 
1.650000	14.2171   	15.0114   	15.377    	15.377    	0.081824  	0.0586464 	0.074053  	0.101094  	0.065561  
1.675000	14.4626   	15.2707   	15.6367   	15.6367   	0.0830864 	0.0595325 	0.074192  	0.101216  	0.0657093 
1.700000	14.7082   	15.53     	15.8964   	15.8964   	0.0843487 	0.0604185 	0.0743311 	0.101337  	0.0658577 
1.725000	14.9537   	15.7893   	16.1561   	16.1561   	0.0856111 	0.0613045 	0.0744702 	0.101458  	0.066006  
1.750000	15.1992   	16.0486   	16.4158   	16.4158   	0.0868734 	0.0621905 	0.0746092 	0.101579  	0.0661544 
1.775000	15.4608   	16.3248   	16.6913   	16.6913   	0.0882352 	0.0631335 	0.0747544 	0.101713  	0.0663064 
1.800000	15.7223   	16.601    	16.9668   	16.9668   	0.0895969 	0.0640765 	0.0748996 	0.101848  	0.0664584 
1.825000	15.9839   	16.8772   	17.2422   	17.2422   	0.0909586 	0.0650196 	0.0750448 	0.101982  	0.0666104 
1.850000	16.2454   	17.1533   	17.5177   	17.5177   	0.0923203 	0.0659626 	0.07519   	0.102116  	0.0667624 
1.875000	16.507    	17.4295   	17.7932   	17.7932   	0.093682  	0.0669056 	0.0753352 	0.102251  	0.0669144 
1.900000	16.7685   	17.7057   	18.0687   	18.0687   	0.0950437 	0.0678487 	0.0754804 	0.102385  	0.0670664 
1.925000	17.0301   	17.9819   	18.3441   	18.3441   	0.0964054 	0.0687917 	0.0756256 	0.102519  	0.0672184 
1.950000	17.2916   	18.2581   	18.6196   	18.6196   	0.0977671 	0.0697347 	0.0757708 	0.102653  	0.0673705 
1.975000	17.5531   	18.5343   	18.8951   	18.8951   	0.0991288 	0.0706778 	0.075916  	0.102788  	0.0675225 
2.000000	17.8147   	18.8105   	19.1705   	19.1705   	0.100491  	0.0716208 	0.0760612 	0.102922  	0.0676745 
2.025000	18.0927   	19.1041   	19.4618   	19.4618   	0.101951  	0.0726196 	0.0762166 	0.103072  	0.0678346 
2.050000	18.3708   	19.3977   	19.7531   	19.7531   	0.103411  	0.0736184 	0.0763719 	0.103222  	0.0679948 
2.075000	18.6488   	19.6913   	20.0444   	20.0444   	0.104871  	0.0746172 	0.0765272 	0.103373  	0.0681549 
2.100000	18.9268   	19.9849   	20.3357   	20.3357   	0.106331  	0.075616  	0.0766826 	0.103523  	0.068315  
2.125000	19.2049   	20.2785   	20.627    	20.627    	0.107791  	0.0766148 	0.0768379 	0.103673  	0.0684752 
2.150000	19.4829   	20.5721   	20.9182   	20.9182   	0.109251  	0.0776136 	0.0769932 	0.103823  	0.0686353 
2.175000	19.761    	20.8658   	21.2095   	21.2095   	0.110712  	0.0786124 	0.0771486 	0.103973  	0.0687955 
2.200000	20.039    	21.1594   	21.5008   	21.5008   	0.112172  	0.0796112 	0.0773039 	0.104124  	0.0689556 
2.225000	20.317    	21.453    	21.7921   	21.7921   	0.113632  	0.08061   	0.0774592 	0.104274  	0.0691157 
2.250000	20.5951   	21.7466   	22.0834   	22.0834   	0.115092  	0.0816088 	0.0776146 	0.104424  	0.0692759 
2.275000	20.8895   	22.0575   	22.3905   	22.3905   	0.11665   	0.0826627 	0.077783  	0.104592  	0.0694475 
2.300000	21.1839   	22.3684   	22.6977   	22.6977   	0.118209  	0.0837167 	0.0779515 	0.10476   	0.069619  
2.325000	21.4783   	22.6794   	23.0048   	23.0048   	0.119767  	0.0847706 	0.0781199 	0.104929  	0.0697906 
2.350000	21.7728   	22.9903   	23.312    	23.312    	0.121325  	0.0858245 	0.0782883 	0.105097  	0.0699622 
2.375000	22.0672   	23.3012   	23.6191   	23.6191   	0.122884  	0.0868785 	0.0784568 	0.105265  	0.0701337 
2.400000	22.3616   	23.6121   	23.9262   	23.9262   	0.124442  	0.0879324 	0.0786252 	0.105433  	0.0703053 
2.425000	22.656    	23.9231   	24.2334   	24.2334   	0.126001  	0.0889864 	0.0787937 	0.105602  	0.0704769 
2.450000	22.9504   	24.234    	24.5405   	24.5405   	0.127559  	0.0900403 	0.0789621 	0.10577   	0.0706484 
2.475000	23.2449   	24.5449   	24.8477   	24.8477   	0.129117  	0.0910942 	0.0791305 	0.105938  	0.07082   
2.500000	23.5393   	24.8558   	25.1548   	25.1548   	0.130676  	0.0921482 	0.079299  	0.106106  	0.0709916 
2.525000	23.8706   	25.1933   	25.4858   	25.4858   	0.132382  	0.0932841 	0.0794915 	0.106305  	0.0711851 
2.550000	24.202    	25.5308   	25.8168   	25.8168   	0.134088  	0.0944201 	0.0796839 	0.106503  	0.0713786 
2.575000	24.5333   	25.8683   	26.1478   	26.1478   	0.135794  	0.0955561 	0.0798764 	0.106702  	0.0715721 
2.600000	24.8647   	26.2057   	26.4787   	26.4787   	0.1375    	0.096692  	0.0800689 	0.1069    	0.0717656 
2.625000	25.1961   	26.5432   	26.8097   	26.8097   	0.139206  	0.097828  	0.0802613 	0.107099  	0.0719592 
2.650000	25.5274   	26.8807   	27.1407   	27.1407   	0.140912  	0.098964  	0.0804538 	0.107298  	0.0721527 
2.675000	25.8588   	27.2181   	27.4717   	27.4717   	0.142618  	0.1001    	0.0806463 	0.107496  	0.0723462 
2.700000	26.1901   	27.5556   	27.8027   	27.8027   	0.144324  	0.101236  	0.0808388 	0.107695  	0.0725397 
2.725000	26.5215   	27.8931   	28.1337   	28.1337   	0.14603   	0.102372  	0.0810312 	0.107893  	0.0727332 
2.750000	26.8528   	28.2305   	28.4647   	28.4647   	0.147736  	0.103508  	0.0812237 	0.108092  	0.0729267 
2.775000	27.1842   	28.568    	28.7956   	28.7956   	0.149442  	0.104644  	0.0814162 	0.10829   	0.0731202 
2.800000	27.5155   	28.9055   	29.1266   	29.1266   	0.151148  	0.10578   	0.0816087 	0.108489  	0.0733137 
2.825000	27.8469   	29.243    	29.4576   	29.4576   	0.152854  	0.106916  	0.0818011 	0.108687  	0.0735073 
2.850000	28.1783   	29.5804   	29.7886   	29.7886   	0.15456   	0.108052  	0.0819936 	0.108886  	0.0737008 
2.875000	28.5096   	29.9179   	30.1196   	30.1196   	0.156266  	0.109188  	0.0821861 	0.109084  	0.0738943 
2.900000	28.841    	30.2554   	30.4506   	30.4506   	0.157972  	0.110324  	0.0823785 	0.109283  	0.0740878 
2.925000	29.1723   	30.5928   	30.7815   	30.7815   	0.159678  	0.11146   	0.082571  	0.109482  	0.0742813 
2.950000	29.5037   	30.9303   	31.1125   	31.1125   	0.161384  	0.112596  	0.0827635 	0.10968   	0.0744748 
2.975000	29.835    	31.2678   	31.4435   	31.4435   	0.163091  	0.113732  	0.082956  	0.109879  	0.0746683 
3.000000	30.1664   	31.6052   	31.7745   	31.7745   	0.164797  	0.114867  	0.0831484 	0.110077  	0.0748618 
3.025000	30.5328   	31.9789   	32.1373   	32.1373   	0.1667    	0.116112  	0.083378  	0.11032   	0.0750902 
3.050000	30.8991   	32.3526   	32.5001   	32.5001   	0.168604  	0.117357  	0.0836076 	0.110563  	0.0753185 
3.075000	31.2655   	32.7263   	32.863    	32.863    	0.170508  	0.118601  	0.0838372 	0.110805  	0.0755468 
3.100000	31.6319   	33.0999   	33.2258   	33.2258   	0.172412  	0.119846  	0.0840668 	0.111048  	0.0757752 
3.125000	31.9982   	33.4736   	33.5886   	33.5886   	0.174316  	0.121091  	0.0842964 	0.111291  	0.0760035 
3.150000	32.3646   	33.8473   	33.9514   	33.9514   	0.176219  	0.122335  	0.084526  	0.111533  	0.0762318 
3.175000	32.7309   	34.2209   	34.3142   	34.3142   	0.178123  	0.12358   	0.0847556 	0.111776  	0.0764601 
3.200000	33.0973   	34.5946   	34.6771   	34.6771   	0.180027  	0.124825  	0.0849852 	0.112019  	0.0766885 
3.225000	33.4637   	34.9683   	35.0399   	35.0399   	0.181931  	0.126069  	0.0852148 	0.112261  	0.0769168 
3.250000	33.83     	35.342    	35.4027   	35.4027   	0.183835  	0.127314  	0.0854443 	0.112504  	0.0771451 
3.275000	34.1964   	35.7156   	35.7655   	35.7655   	0.185738  	0.128559  	0.0856739 	0.112747  	0.0773734 
3.300000	34.5628   	36.0893   	36.1283   	36.1283   	0.187642  	0.129803  	0.0859035 	0.112989  	0.0776018 
3.325000	34.9291   	36.463    	36.4912   	36.4912   	0.189546  	0.131048  	0.0861331 	0.113232  	0.0778301 
3.350000	35.2955   	36.8366   	36.854    	36.854    	0.19145   	0.132293  	0.0863627 	0.113475  	0.0780584 
3.375000	35.6619   	37.2103   	37.2168   	37.2168   	0.193354  	0.133537  	0.0865923 	0.113717  	0.0782868 
3.400000	36.0282   	37.584    	37.5796   	37.5796   	0.195257  	0.134782  	0.0868219 	0.11396   	0.0785151 
3.425000	36.3946   	37.9577   	37.9424   	37.9424   	0.197161  	0.136026  	0.0870515 	0.114203  	0.0787434 
3.450000	36.761    	38.3313   	38.3053   	38.3053   	0.199065  	0.137271  	0.0872811 	0.114445  	0.0789717 
3.475000	37.1273   	38.705    	38.6681   	38.6681   	0.200969  	0.138516  	0.0875107 	0.114688  	0.0792001 
3.500000	37.4937   	39.0787   	39.0309   	39.0309   	0.202873  	0.13976   	0.0877403 	0.114931  	0.0794284 
3.525000	37.8948   	39.4881   	39.4255   	39.4255   	0.204975  	0.141113  	0.0880107 	0.11522   	0.0796956 
3.550000	38.2958   	39.8975   	39.8202   	39.8202   	0.207078  	0.142465  	0.0882811 	0.115509  	0.0799629 
3.575000	38.6968   	40.3069   	40.2148   	40.2148   	0.20918   	0.143817  	0.0885516 	0.115798  	0.0802301 
3.600000	39.0979   	40.7163   	40.6095   	40.6095   	0.211283  	0.14517   	0.088822  	0.116088  	0.0804974 
3.625000	39.4989   	41.1256   	41.0041   	41.0041   	0.213385  	0.146522  	0.0890924 	0.116377  	0.0807646 
3.650000	39.9      	41.535    	41.3988   	41.3988   	0.215488  	0.147875  	0.0893629 	0.116666  	0.0810319 
3.675000	40.301    	41.9444   	41.7935   	41.7935   	0.21759   	0.149227  	0.0896333 	0.116956  	0.0812991 
3.700000	40.7021   	42.3538   	42.1881   	42.1881   	0.219693  	0.150579  	0.0899037 	0.117245  	0.0815663 
3.725000	41.1031   	42.7632   	42.5828   	42.5828   	0.221796  	0.151932  	0.0901741 	0.117534  	0.0818336 
3.750000	41.5041   	43.1726   	42.9774   	42.9774   	0.223898  	0.153284  	0.0904446 	0.117823  	0.0821008 
3.775000	41.9052   	43.582    	43.3721   	43.3721   	0.226001  	0.154636  	0.090715  	0.118113  	0.0823681 
3.800000	42.3062   	43.9914   	43.7667   	43.7667   	0.228103  	0.155989  	0.0909854 	0.118402  	0.0826353 
3.825000	42.7073   	44.4008   	44.1614   	44.1614   	0.230206  	0.157341  	0.0912559 	0.118691  	0.0829025 
3.850000	43.1083   	44.8102   	44.556    	44.556    	0.232308  	0.158693  	0.0915263 	0.118981  	0.0831698 
3.875000	43.5093   	45.2196   	44.9507   	44.9507   	0.234411  	0.160046  	0.0917967 	0.11927   	0.083437  
3.900000	43.9104   	45.629    	45.3453   	45.3453   	0.236514  	0.161398  	0.0920672 	0.119559  	0.0837043 
3.925000	44.3114   	46.0384   	45.74     	45.74     	0.238616  	0.16275   	0.0923376 	0.119848  	0.0839715 
3.950000	44.7125   	46.4478   	46.1346   	46.1346   	0.240719  	0.164103  	0.092608  	0.120138  	0.0842388 
3.975000	45.1135   	46.8572   	46.5293   	46.5293   	0.242821  	0.165455  	0.0928784 	0.120427  	0.084506  
4.000000	45.5146   	47.2666   	46.9239   	46.9239   	0.244924  	0.166807  	0.0931489 	0.120716  	0.0847732 
4.025000	45.9499   	47.7114   	47.3503   	47.3503   	0.247226  	0.168266  	0.0934625 	0.121054  	0.085082  
4.050000	46.3853   	48.1562   	47.7768   	47.7768   	0.249528  	0.169725  	0.0937762 	0.121391  	0.0853908 
4.075000	46.8207   	48.601    	48.2032   	48.2032   	0.25183   	0.171184  	0.0940899 	0.121729  	0.0856995 
4.100000	47.256    	49.0457   	48.6296   	48.6296   	0.254132  	0.172642  	0.0944036 	0.122066  	0.0860083 
4.125000	47.6914   	49.4905   	49.0561   	49.0561   	0.256434  	0.174101  	0.0947172 	0.122403  	0.0863171 
4.150000	48.1268   	49.9353   	49.4825   	49.4825   	0.258736  	0.17556   	0.0950309 	0.122741  	0.0866258 
4.175000	48.5621   	50.3801   	49.9089   	49.9089   	0.261038  	0.177019  	0.0953446 	0.123078  	0.0869346 
4.200000	48.9975   	50.8249   	50.3354   	50.3354   	0.263341  	0.178477  	0.0956582 	0.123416  	0.0872434 
4.225000	49.4329   	51.2697   	50.7618   	50.7618   	0.265643  	0.179936  	0.0959719 	0.123753  	0.0875521 
4.250000	49.8682   	51.7145   	51.1883   	51.1883   	0.267945  	0.181395  	0.0962856 	0.124091  	0.0878609 
4.275000	50.3036   	52.1593   	51.6147   	51.6147   	0.270247  	0.182854  	0.0965992 	0.124428  	0.0881697 
4.300000	50.739    	52.6041   	52.0411   	52.0411   	0.272549  	0.184312  	0.0969129 	0.124766  	0.0884784 
4.325000	51.1743   	53.0489   	52.4676   	52.4676   	0.274851  	0.185771  	0.0972266 	0.125103  	0.0887872 
4.350000	51.6097   	53.4937   	52.894    	52.894    	0.277153  	0.18723   	0.0975402 	0.12544   	0.089096  
4.375000	52.0451   	53.9385   	53.3204   	53.3204   	0.279455  	0.188689  	0.0978539 	0.125778  	0.0894047 
4.400000	52.4804   	54.3833   	53.7469   	53.7469   	0.281757  	0.190147  	0.0981676 	0.126115  	0.0897135 
4.425000	52.9158   	54.8281   	54.1733   	54.1733   	0.28406   	0.191606  	0.0984812 	0.126453  	0.0900223 
4.450000	53.3512   	55.2729   	54.5997   	54.5997   	0.286362  	0.193065  	0.0987949 	0.12679   	0.090331  
4.475000	53.7866   	55.7177   	55.0262   	55.0262   	0.288664  	0.194524  	0.0991086 	0.127128  	0.0906398 
4.500000	54.2219   	56.1625   	55.4526   	55.4526   	0.290966  	0.195982  	0.0994222 	0.127465  	0.0909486 
4.525000	54.6913   	56.6425   	55.9107   	55.9107   	0.293468  	0.197546  	0.09978   	0.127851  	0.0912999 
4.550000	55.1606   	57.1225   	56.3689   	56.3689   	0.29597   	0.19911   	0.100138  	0.128237  	0.0916512 
4.575000	55.63     	57.6026   	56.827    	56.827    	0.298473  	0.200675  	0.100496  	0.128622  	0.0920026 
4.600000	56.0993   	58.0826   	57.2852   	57.2852   	0.300975  	0.202239  	0.100853  	0.129008  	0.0923539 
4.625000	56.5687   	58.5626   	57.7433   	57.7433   	0.303477  	0.203803  	0.101211  	0.129394  	0.0927052 
4.650000	57.038    	59.0427   	58.2015   	58.2015   	0.305979  	0.205367  	0.101569  	0.12978   	0.0930565 
4.675000	57.5074   	59.5227   	58.6596   	58.6596   	0.308482  	0.206931  	0.101927  	0.130166  	0.0934079 
4.700000	57.9767   	60.0027   	59.1178   	59.1178   	0.310984  	0.208495  	0.102285  	0.130551  	0.0937592 
4.725000	58.4461   	60.4828   	59.5759   	59.5759   	0.313486  	0.210059  	0.102642  	0.130937  	0.0941105 
4.750000	58.9154   	60.9628   	60.0341   	60.0341   	0.315989  	0.211623  	0.103     	0.131323  	0.0944618 
4.775000	59.3848   	61.4429   	60.4922   	60.4922   	0.318491  	0.213187  	0.103358  	0.131709  	0.0948132 
4.800000	59.8541   	61.9229   	60.9504   	60.9504   	0.320993  	0.214751  	0.103716  	0.132094  	0.0951645 
4.825000	60.3235   	62.4029   	61.4085   	61.4085   	0.323495  	0.216316  	0.104073  	0.13248   	0.0955158 
4.850000	60.7928   	62.883    	61.8667   	61.8667   	0.325998  	0.21788   	0.104431  	0.132866  	0.0958672 
4.875000	61.2622   	63.363    	62.3248   	62.3248   	0.3285    	0.219444  	0.104789  	0.133252  	0.0962185 
4.900000	61.7315   	63.843    	62.783    	62.783    	0.331002  	0.221008  	0.105147  	0.133638  	0.0965698 
4.925000	62.2009   	64.3231   	63.2411   	63.2411   	0.333504  	0.222572  	0.105505  	0.134023  	0.0969211 
4.950000	62.6702   	64.8031   	63.6992   	63.6992   	0.336007  	0.224136  	0.105862  	0.134409  	0.0972725 
4.975000	63.1396   	65.2831   	64.1574   	64.1574   	0.338509  	0.2257    	0.10622   	0.134795  	0.0976238 
5.000000	63.6089   	65.7632   	64.6155   	64.6155   	0.341011  	0.227264  	0.106578  	0.135181  	0.0979751 
5.025000	64.112    	66.278    	65.1053   	65.1053   	0.343714  	0.228933  	0.10698   	0.135615  	0.0983696 
5.050000	64.615    	66.7927   	65.5951   	65.5951   	0.346417  	0.230602  	0.107383  	0.136049  	0.098764  
5.075000	65.118    	67.3075   	66.0849   	66.0849   	0.34912   	0.23227   	0.107785  	0.136483  	0.0991585 
5.100000	65.621    	67.8223   	66.5746   	66.5746   	0.351823  	0.233939  	0.108188  	0.136917  	0.099553  
5.125000	66.124    	68.3371   	67.0644   	67.0644   	0.354525  	0.235608  	0.10859   	0.137352  	0.0999474 
5.150000	66.627    	68.8519   	67.5542   	67.5542   	0.357228  	0.237277  	0.108992  	0.137786  	0.100342  
5.175000	67.13     	69.3667   	68.044    	68.044    	0.359931  	0.238946  	0.109395  	0.13822   	0.100736  
5.200000	67.633    	69.8815   	68.5337   	68.5337   	0.362634  	0.240614  	0.109797  	0.138654  	0.101131  
5.225000	68.136    	70.3963   	69.0235   	69.0235   	0.365337  	0.242283  	0.1102    	0.139088  	0.101525  
5.250000	68.639    	70.911    	69.5133   	69.5133   	0.36804   	0.243952  	0.110602  	0.139522  	0.10192   
5.275000	69.142    	71.4258   	70.003    	70.003    	0.370743  	0.245621  	0.111004  	0.139956  	0.102314  
5.300000	69.645    	71.9406   	70.4928   	70.4928   	0.373446  	0.247289  	0.111407  	0.140391  	0.102709  
5.325000	70.148    	72.4554   	70.9826   	70.9826   	0.376148  	0.248958  	0.111809  	0.140825  	0.103103  
5.350000	70.651    	72.9702   	71.4724   	71.4724   	0.378851  	0.250627  	0.112212  	0.141259  	0.103498  
5.375000	71.154    	73.485    	71.9621   	71.9621   	0.381554  	0.252296  	0.112614  	0.141693  	0.103892  
5.400000	71.657    	73.9998   	72.4519   	72.4519   	0.384257  	0.253964  	0.113017  	0.142127  	0.104287  
5.425000	72.16     	74.5145   	72.9417   	72.9417   	0.38696   	0.255633  	0.113419  	0.142561  	0.104681  
5.450000	72.663    	75.0293   	73.4315   	73.4315   	0.389663  	0.257302  	0.113821  	0.142996  	0.105076  
5.475000	73.166    	75.5441   	73.9212   	73.9212   	0.392366  	0.258971  	0.114224  	0.14343   	0.10547   
5.500000	73.6691   	76.0589   	74.411    	74.411    	0.395069  	0.260639  	0.114626  	0.143864  	0.105864  
5.525000	74.2054   	76.6078   	74.9323   	74.9323   	0.397972  	0.262412  	0.115073  	0.144345  	0.106302  
5.550000	74.7417   	77.1568   	75.4536   	75.4536   	0.400876  	0.264185  	0.115519  	0.144827  	0.106739  
5.575000	75.2781   	77.7057   	75.9749   	75.9749   	0.40378   	0.265957  	0.115966  	0.145308  	0.107176  
5.600000	75.8144   	78.2547   	76.4962   	76.4962   	0.406684  	0.26773   	0.116412  	0.14579   	0.107613  
5.625000	76.3508   	78.8036   	77.0175   	77.0175   	0.409588  	0.269503  	0.116859  	0.146271  	0.108051  
5.650000	76.8871   	79.3525   	77.5389   	77.5389   	0.412492  	0.271275  	0.117305  	0.146753  	0.108488  
5.675000	77.4235   	79.9015   	78.0602   	78.0602   	0.415395  	0.273048  	0.117752  	0.147235  	0.108925  
5.700000	77.9598   	80.4504   	78.5815   	78.5815   	0.418299  	0.27482   	0.118198  	0.147716  	0.109362  
5.725000	78.4962   	80.9994   	79.1028   	79.1028   	0.421203  	0.276593  	0.118645  	0.148198  	0.109799  
5.750000	79.0325   	81.5483   	79.6241   	79.6241   	0.424107  	0.278366  	0.119091  	0.148679  	0.110237  
5.775000	79.5689   	82.0972   	80.1454   	80.1454   	0.427011  	0.280138  	0.119538  	0.149161  	0.110674  
5.800000	80.1052   	82.6462   	80.6667   	80.6667   	0.429915  	0.281911  	0.119985  	0.149642  	0.111111  
5.825000	80.6416   	83.1951   	81.188    	81.188    	0.432818  	0.283683  	0.120431  	0.150124  	0.111548  
5.850000	81.1779   	83.7441   	81.7093   	81.7093   	0.435722  	0.285456  	0.120878  	0.150605  	0.111985  
5.875000	81.7142   	84.293    	82.2306   	82.2306   	0.438626  	0.287229  	0.121324  	0.151087  	0.112423  
5.900000	82.2506   	84.8419   	82.7519   	82.7519   	0.44153   	0.289001  	0.121771  	0.151568  	0.11286   
5.925000	82.7869   	85.3909   	83.2732   	83.2732   	0.444434  	0.290774  	0.122217  	0.15205   	0.113297  
5.950000	83.3233   	85.9398   	83.7945   	83.7945   	0.447338  	0.292547  	0.122664  	0.152531  	0.113734  
5.975000	83.8596   	86.4888   	84.3158   	84.3158   	0.450241  	0.294319  	0.12311   	0.153013  	0.114172  
6.000000	84.396    	87.0377   	84.8372   	84.8372   	0.453145  	0.296092  	0.123557  	0.153494  	0.114609  
6.025000	84.9654   	87.6206   	85.3899   	85.3899   	0.45625   	0.297967  	0.124048  	0.154023  	0.115089  
6.050000	85.5347   	88.2036   	85.9426   	85.9426   	0.459355  	0.299843  	0.124538  	0.154552  	0.115569  
6.075000	86.1041   	88.7865   	86.4954   	86.4954   	0.462461  	0.301719  	0.125029  	0.155081  	0.116049  
6.100000	86.6735   	89.3694   	87.0481   	87.0481   	0.465566  	0.303594  	0.12552   	0.155609  	0.116529  
6.125000	87.2429   	89.9524   	87.6009   	87.6009   	0.468671  	0.30547   	0.12601   	0.156138  	0.117009  
6.150000	87.8123   	90.5353   	88.1536   	88.1536   	0.471776  	0.307346  	0.126501  	0.156667  	0.117489  
6.175000	88.3817   	91.1182   	88.7064   	88.7064   	0.474881  	0.309221  	0.126992  	0.157196  	0.117969  
6.200000	88.9511   	91.7012   	89.2591   	89.2591   	0.477986  	0.311097  	0.127483  	0.157724  	0.118449  
6.225000	89.5205   	92.2841   	89.8119   	89.8119   	0.481091  	0.312973  	0.127973  	0.158253  	0.118929  
6.250000	90.0899   	92.867    	90.3646   	90.3646   	0.484196  	0.314848  	0.128464  	0.158782  	0.119409  
6.275000	90.6592   	93.45     	90.9174   	90.9174   	0.487301  	0.316724  	0.128955  	0.159311  	0.119889  
6.300000	91.2286   	94.0329   	91.4701   	91.4701   	0.490406  	0.3186    	0.129445  	0.159839  	0.120369  
6.325000	91.798    	94.6158   	92.0228   	92.0228   	0.493511  	0.320475  	0.129936  	0.160368  	0.12085   
6.350000	92.3674   	95.1988   	92.5756   	92.5756   	0.496616  	0.322351  	0.130427  	0.160897  	0.12133   
6.375000	92.9368   	95.7817   	93.1283   	93.1283   	0.499722  	0.324227  	0.130918  	0.161426  	0.12181   
6.400000	93.5062   	96.3646   	93.6811   	93.6811   	0.502827  	0.326102  	0.131408  	0.161954  	0.12229   
6.425000	94.0756   	96.9476   	94.2338   	94.2338   	0.505932  	0.327978  	0.131899  	0.162483  	0.12277   
6.450000	94.645    	97.5305   	94.7866   	94.7866   	0.509037  	0.329854  	0.13239   	0.163012  	0.12325   
6.475000	95.2144   	98.1134   	95.3393   	95.3393   	0.512142  	0.331729  	0.132881  	0.163541  	0.12373   
6.500000	95.7837   	98.6964   	95.8921   	95.8921   	0.515247  	0.333605  	0.133371  	0.164069  	0.12421   
6.525000	96.3859   	99.3132   	96.4761   	96.4761   	0.518554  	0.335583  	0.133905  	0.164644  	0.124732  
6.550000	96.988    	99.93     	97.0602   	97.0602   	0.52186   	0.337562  	0.134439  	0.165218  	0.125254  
6.575000	97.5902   	100.547   	97.6443   	97.6443   	0.525167  	0.33954   	0.134972  	0.165792  	0.125775  
6.600000	98.1923   	101.164   	98.2284   	98.2284   	0.528473  	0.341518  	0.135506  	0.166366  	0.126297  
6.625000	98.7945   	101.78    	98.8125   	98.8125   	0.53178   	0.343497  	0.13604   	0.166941  	0.126819  
6.650000	99.3966   	102.397   	99.3966   	99.3966   	0.535086  	0.345475  	0.136573  	0.167515  	0.127341  
6.675000	99.9988   	103.014   	99.9807   	99.9807   	0.538393  	0.347453  	0.137107  	0.168089  	0.127863  
6.700000	100.601   	103.631   	100.565   	100.565   	0.541699  	0.349432  	0.137641  	0.168663  	0.128384  
6.725000	101.203   	104.248   	101.149   	101.149   	0.545006  	0.35141   	0.138174  	0.169237  	0.128906  
6.750000	101.805   	104.864   	101.733   	101.733   	0.548313  	0.353388  	0.138708  	0.169812  	0.129428  
6.775000	102.407   	105.481   	102.317   	102.317   	0.551619  	0.355367  	0.139242  	0.170386  	0.12995   
6.800000	103.01    	106.098   	102.901   	102.901   	0.554926  	0.357345  	0.139776  	0.17096   	0.130472  
6.825000	103.612   	106.715   	103.485   	103.485   	0.558232  	0.359323  	0.140309  	0.171534  	0.130993  
6.850000	104.214   	107.332   	104.069   	104.069   	0.561539  	0.361302  	0.140843  	0.172109  	0.131515  
6.875000	104.816   	107.948   	104.653   	104.653   	0.564845  	0.36328   	0.141377  	0.172683  	0.132037  
6.900000	105.418   	108.565   	105.237   	105.237   	0.568152  	0.365258  	0.14191   	0.173257  	0.132559  
6.925000	106.02    	109.182   	105.822   	105.822   	0.571458  	0.367237  	0.142444  	0.173831  	0.133081  
6.950000	106.622   	109.799   	106.406   	106.406   	0.574765  	0.369215  	0.142978  	0.174406  	0.133602  
6.975000	107.225   	110.415   	106.99    	106.99    	0.578072  	0.371193  	0.143511  	0.17498   	0.134124  
7.000000	107.827   	111.032   	107.574   	107.574   	0.581378  	0.373171  	0.144045  	0.175554  	0.134646  
7.025000	108.461   	111.683   	108.189   	108.189   	0.584886  	0.375252  	0.144621  	0.176173  	0.135209  
7.050000	109.096   	112.333   	108.804   	108.804   	0.588394  	0.377333  	0.145197  	0.176792  	0.135772  
7.075000	109.731   	112.984   	109.42    	109.42    	0.591903  	0.379414  	0.145774  	0.177411  	0.136335  
7.100000	110.365   	113.634   	110.035   	110.035   	0.595411  	0.381495  	0.14635   	0.17803   	0.136898  
7.125000	111       	114.285   	110.65    	110.65    	0.598919  	0.383576  	0.146926  	0.178649  	0.137462  
7.150000	111.635   	114.936   	111.266   	111.266   	0.602427  	0.385657  	0.147502  	0.179268  	0.138025  
7.175000	112.269   	115.586   	111.881   	111.881   	0.605936  	0.387737  	0.148078  	0.179887  	0.138588  
7.200000	112.904   	116.237   	112.496   	112.496   	0.609444  	0.389818  	0.148655  	0.180506  	0.139151  
7.225000	113.538   	116.887   	113.112   	113.112   	0.612952  	0.391899  	0.149231  	0.181125  	0.139714  
7.250000	114.173   	117.538   	113.727   	113.727   	0.61646   	0.39398   	0.149807  	0.181744  	0.140277  
7.275000	114.808   	118.188   	114.342   	114.342   	0.619968  	0.396061  	0.150383  	0.182363  	0.14084   
7.300000	115.442   	118.839   	114.958   	114.958   	0.623477  	0.398142  	0.150959  	0.182982  	0.141403  
7.325000	116.077   	119.489   	115.573   	115.573   	0.626985  	0.400223  	0.151535  	0.183601  	0.141966  
7.350000	116.712   	120.14    	116.188   	116.188   	0.630493  	0.402303  	0.152112  	0.184221  	0.14253   
7.375000	117.346   	120.79    	116.804   	116.804   	0.634001  	0.404384  	0.152688  	0.18484   	0.143093  
7.400000	117.981   	121.441   	117.419   	117.419   	0.637509  	0.406465  	0.153264  	0.185459  	0.143656  
7.425000	118.616   	122.092   	118.034   	118.034   	0.641018  	0.408546  	0.15384   	0.186078  	0.144219  
7.450000	119.25    	122.742   	118.65    	118.65    	0.644526  	0.410627  	0.154416  	0.186697  	0.144782  
7.475000	119.885   	123.393   	119.265   	119.265   	0.648034  	0.412708  	0.154993  	0.187316  	0.145345  
7.500000	120.519   	124.043   	119.88    	119.88    	0.651542  	0.414789  	0.155569  	0.187935  	0.145908  
7.525000	121.186   	124.727   	120.527   	120.527   	0.655252  	0.416972  	0.156186  	0.188597  	0.146512  
7.550000	121.853   	125.412   	121.173   	121.173   	0.658962  	0.419155  	0.156804  	0.18926   	0.147116  
7.575000	122.52    	126.096   	121.82    	121.82    	0.662672  	0.421338  	0.157422  	0.189922  	0.147719  
7.600000	123.187   	126.78    	122.466   	122.466   	0.666382  	0.423521  	0.15804   	0.190585  	0.148323  
7.625000	123.854   	127.464   	123.113   	123.113   	0.670092  	0.425704  	0.158657  	0.191247  	0.148926  
7.650000	124.521   	128.148   	123.759   	123.759   	0.673802  	0.427887  	0.159275  	0.19191   	0.14953   
7.675000	125.188   	128.833   	124.406   	124.406   	0.677512  	0.43007   	0.159893  	0.192572  	0.150134  
7.700000	125.854   	129.517   	125.052   	125.052   	0.681222  	0.432253  	0.160511  	0.193235  	0.150737  
7.725000	126.521   	130.201   	125.699   	125.699   	0.684932  	0.434436  	0.161128  	0.193897  	0.151341  
7.750000	127.188   	130.885   	126.345   	126.345   	0.688642  	0.436619  	0.161746  	0.19456   	0.151944  
7.775000	127.855   	131.569   	126.992   	126.992   	0.692352  	0.438802  	0.162364  	0.195222  	0.152548  
7.800000	128.522   	132.254   	127.638   	127.638   	0.696062  	0.440985  	0.162982  	0.195885  	0.153152  
7.825000	129.189   	132.938   	128.285   	128.285   	0.699772  	0.443168  	0.163599  	0.196547  	0.153755  
7.850000	129.856   	133.622   	128.931   	128.931   	0.703482  	0.445351  	0.164217  	0.19721   	0.154359  
7.875000	130.523   	134.306   	129.578   	129.578   	0.707192  	0.447534  	0.164835  	0.197872  	0.154963  
7.900000	131.189   	134.99    	130.224   	130.224   	0.710902  	0.449717  	0.165453  	0.198535  	0.155566  
7.925000	131.856   	135.675   	130.871   	130.871   	0.714612  	0.4519    	0.16607   	0.199198  	0.15617   
7.950000	132.523   	136.359   	131.517   	131.517   	0.718322  	0.454083  	0.166688  	0.19986   	0.156773  
7.975000	133.19    	137.043   	132.164   	132.164   	0.722032  	0.456266  	0.167306  	0.200523  	0.157377  
8.000000	133.857   	137.727   	132.81    	132.81    	0.725742  	0.458449  	0.167924  	0.201185  	0.157981  
8.025000	134.556   	138.445   	133.488   	133.488   	0.729654  	0.460733  	0.168582  	0.20189   	0.158624  
8.050000	135.255   	139.163   	134.165   	134.165   	0.733566  	0.463017  	0.169241  	0.202595  	0.159268  
8.075000	135.954   	139.881   	134.843   	134.843   	0.737478  	0.465301  	0.169899  	0.2033    	0.159911  
8.100000	136.652   	140.598   	135.52    	135.52    	0.74139   	0.467586  	0.170558  	0.204005  	0.160554  
8.125000	137.351   	141.316   	136.198   	136.198   	0.745302  	0.46987   	0.171217  	0.20471   	0.161198  
8.150000	138.05    	142.034   	136.875   	136.875   	0.749214  	0.472154  	0.171875  	0.205415  	0.161841  
8.175000	138.749   	142.752   	137.553   	137.553   	0.753126  	0.474439  	0.172534  	0.20612   	0.162485  
8.200000	139.448   	143.469   	138.23    	138.23    	0.757038  	0.476723  	0.173193  	0.206825  	0.163128  
8.225000	140.147   	144.187   	138.908   	138.908   	0.76095   	0.479007  	0.173851  	0.20753   	0.163772  
8.250000	140.846   	144.905   	139.586   	139.586   	0.764862  	0.481291  	0.17451   	0.208235  	0.164415  
8.275000	141.544   	145.623   	140.263   	140.263   	0.768774  	0.483576  	0.175168  	0.20894   	0.165059  
8.300000	142.243   	146.34    	140.941   	140.941   	0.772686  	0.48586   	0.175827  	0.209645  	0.165702  
8.325000	142.942   	147.058   	141.618   	141.618   	0.776598  	0.488144  	0.176486  	0.21035   	0.166346  
8.350000	143.641   	147.776   	142.296   	142.296   	0.78051   	0.490428  	0.177144  	0.211055  	0.166989  
8.375000	144.34    	148.494   	142.973   	142.973   	0.784422  	0.492713  	0.177803  	0.21176   	0.167633  
8.400000	145.039   	149.212   	143.651   	143.651   	0.788333  	0.494997  	0.178461  	0.212465  	0.168276  
8.425000	145.738   	149.929   	144.328   	144.328   	0.792245  	0.497281  	0.17912   	0.21317   	0.16892   
8.450000	146.436   	150.647   	145.006   	145.006   	0.796157  	0.499566  	0.179779  	0.213875  	0.169563  
8.475000	147.135   	151.365   	145.683   	145.683   	0.800069  	0.50185   	0.180437  	0.21458   	0.170207  
8.500000	147.834   	152.083   	146.361   	146.361   	0.803981  	0.504134  	0.181096  	0.215285  	0.17085   
8.525000	148.565   	152.834   	147.069   	147.069   	0.808095  	0.506519  	0.181795  	0.216032  	0.171533  
8.550000	149.295   	153.585   	147.778   	147.778   	0.812209  	0.508903  	0.182493  	0.216779  	0.172216  
8.575000	150.026   	154.336   	148.487   	148.487   	0.816323  	0.511288  	0.183192  	0.217525  	0.172898  
8.600000	150.757   	155.088   	149.195   	149.195   	0.820437  	0.513672  	0.183891  	0.218272  	0.173581  
8.625000	151.487   	155.839   	149.904   	149.904   	0.824551  	0.516057  	0.18459   	0.219019  	0.174264  
8.650000	152.218   	156.59    	150.612   	150.612   	0.828665  	0.518441  	0.185289  	0.219765  	0.174947  
8.675000	152.948   	157.341   	151.321   	151.321   	0.832779  	0.520826  	0.185988  	0.220512  	0.17563   
8.700000	153.679   	158.093   	152.029   	152.029   	0.836893  	0.52321   	0.186686  	0.221258  	0.176312  
8.725000	154.41    	158.844   	152.738   	152.738   	0.841007  	0.525595  	0.187385  	0.222005  	0.176995  
8.750000	155.14    	159.595   	153.446   	153.446   	0.845121  	0.52798   	0.188084  	0.222752  	0.177678  
8.775000	155.871   	160.346   	154.155   	154.155   	0.849235  	0.530364  	0.188783  	0.223498  	0.178361  
8.800000	156.602   	161.098   	154.863   	154.863   	0.853349  	0.532749  	0.189482  	0.224245  	0.179044  
8.825000	157.332   	161.849   	155.572   	155.572   	0.857463  	0.535133  	0.190181  	0.224992  	0.179726  
8.850000	158.063   	162.6     	156.28    	156.28    	0.861577  	0.537518  	0.190879  	0.225738  	0.180409  
8.875000	158.793   	163.351   	156.989   	156.989   	0.865691  	0.539902  	0.191578  	0.226485  	0.181092  
8.900000	159.524   	164.103   	157.697   	157.697   	0.869804  	0.542287  	0.192277  	0.227232  	0.181775  
8.925000	160.255   	164.854   	158.406   	158.406   	0.873918  	0.544671  	0.192976  	0.227978  	0.182458  
8.950000	160.985   	165.605   	159.114   	159.114   	0.878032  	0.547056  	0.193675  	0.228725  	0.18314   
8.975000	161.716   	166.356   	159.823   	159.823   	0.882146  	0.54944   	0.194374  	0.229471  	0.183823  
9.000000	162.446   	167.108   	160.531   	160.531   	0.88626   	0.551825  	0.195072  	0.230218  	0.184506  
9.025000	163.209   	167.892   	161.271   	161.271   	0.890576  	0.554309  	0.195811  	0.231005  	0.185227  
9.050000	163.971   	168.677   	162.01    	162.01    	0.894892  	0.556793  	0.196549  	0.231792  	0.185949  
9.075000	164.733   	169.462   	162.749   	162.749   	0.899208  	0.559276  	0.197287  	0.23258   	0.18667   
9.100000	165.495   	170.246   	163.489   	163.489   	0.903524  	0.56176   	0.198026  	0.233367  	0.187392  
9.125000	166.257   	171.031   	164.228   	164.228   	0.90784   	0.564244  	0.198764  	0.234154  	0.188113  
9.150000	167.019   	171.816   	164.968   	164.968   	0.912157  	0.566728  	0.199502  	0.234941  	0.188835  
9.175000	167.781   	172.6     	165.707   	165.707   	0.916473  	0.569212  	0.200241  	0.235728  	0.189556  
9.200000	168.544   	173.385   	166.446   	166.446   	0.920789  	0.571696  	0.200979  	0.236516  	0.190278  
9.225000	169.306   	174.17    	167.186   	167.186   	0.925105  	0.574179  	0.201717  	0.237303  	0.190999  
9.250000	170.068   	174.954   	167.925   	167.925   	0.929421  	0.576663  	0.202456  	0.23809   	0.19172   
9.275000	170.83    	175.739   	168.665   	168.665   	0.933737  	0.579147  	0.203194  	0.238877  	0.192442  
9.300000	171.592   	176.524   	169.404   	169.404   	0.938053  	0.581631  	0.203932  	0.239664  	0.193163  
9.325000	172.354   	177.308   	170.143   	170.143   	0.942369  	0.584115  	0.204671  	0.240452  	0.193885  
9.350000	173.117   	178.093   	170.883   	170.883   	0.946685  	0.586599  	0.205409  	0.241239  	0.194606  
9.375000	173.879   	178.878   	171.622   	171.622   	0.951001  	0.589082  	0.206147  	0.242026  	0.195328  
9.400000	174.641   	179.662   	172.361   	172.361   	0.955317  	0.591566  	0.206886  	0.242813  	0.196049  
9.425000	175.403   	180.447   	173.101   	173.101   	0.959633  	0.59405   	0.207624  	0.2436    	0.196771  
9.450000	176.165   	181.232   	173.84    	173.84    	0.963949  	0.596534  	0.208362  	0.244388  	0.197492  
9.475000	176.927   	182.016   	174.58    	174.58    	0.968265  	0.599018  	0.209101  	0.245175  	0.198214  
9.500000	177.689   	182.801   	175.319   	175.319   	0.972581  	0.601502  	0.209839  	0.245962  	0.198935  
9.525000	178.483   	183.618   	176.089   	176.089   	0.977099  	0.604084  	0.210616  	0.246789  	0.199695  
9.550000	179.276   	184.435   	176.859   	176.859   	0.981617  	0.606666  	0.211393  	0.247616  	0.200454  
9.575000	180.07    	185.252   	177.63    	177.63    	0.986136  	0.609248  	0.21217   	0.248443  	0.201214  
9.600000	180.863   	186.069   	178.4     	178.4     	0.990654  	0.611831  	0.212948  	0.24927   	0.201973  
9.625000	181.657   	186.886   	179.17    	179.17    	0.995172  	0.614413  	0.213725  	0.250096  	0.202733  
9.650000	182.45    	187.704   	179.94    	179.94    	0.99969   	0.616995  	0.214502  	0.250923  	0.203493  
9.675000	183.244   	188.521   	180.71    	180.71    	1.00421   	0.619577  	0.215279  	0.25175   	0.204252  
9.700000	184.037   	189.338   	181.481   	181.481   	1.00873   	0.62216   	0.216056  	0.252577  	0.205012  
9.725000	184.83    	190.155   	182.251   	182.251   	1.01324   	0.624742  	0.216834  	0.253404  	0.205771  
9.750000	185.624   	190.972   	183.021   	183.021   	1.01776   	0.627324  	0.217611  	0.254231  	0.206531  
9.775000	186.417   	191.789   	183.791   	183.791   	1.02228   	0.629906  	0.218388  	0.255058  	0.207291  
9.800000	187.211   	192.606   	184.561   	184.561   	1.0268    	0.632489  	0.219165  	0.255885  	0.20805   
9.825000	188.004   	193.423   	185.331   	185.331   	1.03132   	0.635071  	0.219942  	0.256711  	0.20881   
9.850000	188.798   	194.24    	186.102   	186.102   	1.03584   	0.637653  	0.22072   	0.257538  	0.209569  
9.875000	189.591   	195.058   	186.872   	186.872   	1.04035   	0.640235  	0.221497  	0.258365  	0.210329  
9.900000	190.385   	195.875   	187.642   	187.642   	1.04487   	0.642818  	0.222274  	0.259192  	0.211089  
9.925000	191.178   	196.692   	188.412   	188.412   	1.04939   	0.6454    	0.223051  	0.260019  	0.211848  
9.950000	191.972   	197.509   	189.182   	189.182   	1.05391   	0.647982  	0.223828  	0.260846  	0.212608  
9.975000	192.765   	198.326   	189.953   	189.953   	1.05843   	0.650564  	0.224606  	0.261673  	0.213367  
10.000000	193.559   	199.143   	190.723   	190.723   	1.06294   	0.653147  	0.225383  	0.2625    	0.214127  
10.025000	194.399   	199.981   	191.54    	191.539   	1.06778   	0.655884  	0.226219  	0.263386  	0.214944  
10.050000	195.239   	200.819   	192.357   	192.356   	1.07262   	0.658621  	0.227054  	0.264272  	0.215761  
10.075000	196.079   	201.657   	193.174   	193.172   	1.07745   	0.661358  	0.22789   	0.265158  	0.216578  
10.100000	196.919   	202.495   	193.991   	193.989   	1.08229   	0.664095  	0.228726  	0.266044  	0.217396  
10.125000	197.759   	203.332   	194.808   	194.806   	1.08712   	0.666832  	0.229562  	0.266931  	0.218213  
10.150000	198.599   	204.17    	195.625   	195.622   	1.09196   	0.669569  	0.230398  	0.267817  	0.21903   
10.175000	199.439   	205.008   	196.442   	196.439   	1.09679   	0.672306  	0.231233  	0.268703  	0.219847  
10.200000	200.279   	205.846   	197.259   	197.255   	1.10163   	0.675043  	0.232069  	0.269589  	0.220665  
10.225000	201.119   	206.684   	198.076   	198.072   	1.10646   	0.67778   	0.232905  	0.270476  	0.221482  
10.250000	201.959   	207.522   	198.893   	198.888   	1.1113    	0.680517  	0.233741  	0.271362  	0.222299  
10.275000	202.799   	208.36    	199.71    	199.705   	1.11614   	0.683255  	0.234577  	0.272248  	0.223116  
10.300000	203.639   	209.197   	200.527   	200.522   	1.12097   	0.685992  	0.235412  	0.273134  	0.223933  
10.325000	204.479   	210.035   	201.344   	201.338   	1.12581   	0.688729  	0.236248  	0.274021  	0.224751  
10.350000	205.319   	210.873   	202.162   	202.155   	1.13064   	0.691466  	0.237084  	0.274907  	0.225568  
10.375000	206.159   	211.711   	202.979   	202.971   	1.13548   	0.694203  	0.23792   	0.275793  	0.226385  
10.400000	206.999   	212.549   	203.796   	203.788   	1.14031   	0.69694   	0.238756  	0.276679  	0.227202  
10.425000	207.839   	213.387   	204.613   	204.604   	1.14515   	0.699677  	0.239591  	0.277565  	0.228019  
10.450000	208.679   	214.225   	205.43    	205.421   	1.14998   	0.702414  	0.240427  	0.278452  	0.228837  
10.475000	209.519   	215.062   	206.247   	206.237   	1.15482   	0.705151  	0.241263  	0.279338  	0.229654  
10.500000	210.359   	215.9     	207.064   	207.054   	1.15966   	0.707888  	0.242099  	0.280224  	0.230471  
10.525000	211.199   	216.738   	207.881   	207.871   	1.16449   	0.710625  	0.242935  	0.28111   	0.231288  
10.550000	212.039   	217.576   	208.698   	208.687   	1.16933   	0.713362  	0.243771  	0.281997  	0.232105  
10.575000	212.879   	218.414   	209.515   	209.504   	1.17416   	0.7161    	0.244606  	0.282883  	0.232923  
10.600000	213.719   	219.252   	210.332   	210.32    	1.179     	0.718837  	0.245442  	0.283769  	0.23374   
10.625000	214.559   	220.09    	211.149   	211.137   	1.18383   	0.721574  	0.246278  	0.284655  	0.234557  
10.650000	215.399   	220.928   	211.966   	211.953   	1.18867   	0.724311  	0.247114  	0.285541  	0.235374  
10.675000	216.239   	221.765   	212.783   	212.77    	1.1935    	0.727048  	0.24795   	0.286428  	0.236192  
10.700000	217.079   	222.603   	213.6     	213.587   	1.19834   	0.729785  	0.248785  	0.287314  	0.237009  
10.725000	217.919   	223.441   	214.417   	214.403   	1.20318   	0.732522  	0.249621  	0.2882    	0.237826  
10.750000	218.759   	224.279   	215.234   	215.22    	1.20801   	0.735259  	0.250457  	0.289086  	0.238643  
10.775000	219.599   	225.117   	216.051   	216.036   	1.21285   	0.737996  	0.251293  	0.289973  	0.23946   
10.800000	220.439   	225.955   	216.868   	216.853   	1.21768   	0.740733  	0.252129  	0.290859  	0.240278  
10.825000	221.279   	226.793   	217.685   	217.669   	1.22252   	0.74347   	0.252964  	0.291745  	0.241095  
10.850000	222.119   	227.63    	218.503   	218.486   	1.22735   	0.746208  	0.2538    	0.292631  	0.241912  
10.875000	222.959   	228.468   	219.32    	219.302   	1.23219   	0.748945  	0.254636  	0.293518  	0.242729  
10.900000	223.799   	229.306   	220.137   	220.119   	1.23702   	0.751682  	0.255472  	0.294404  	0.243546  
10.925000	224.639   	230.144   	220.954   	220.936   	1.24186   	0.754419  	0.256308  	0.29529   	0.244364  
10.950000	225.479   	230.982   	221.771   	221.752   	1.2467    	0.757156  	0.257143  	0.296176  	0.245181  
10.975000	226.319   	231.82    	222.588   	222.569   	1.25153   	0.759893  	0.257979  	0.297062  	0.245998  
11.000000	227.159   	232.658   	223.405   	223.385   	1.25637   	0.76263   	0.258815  	0.297949  	0.246815  
11.025000	228.06    	233.555   	224.285   	224.264   	1.26163   	0.765577  	0.259729  	0.298913  	0.247709  
11.050000	228.962   	234.452   	225.164   	225.142   	1.2669    	0.768525  	0.260643  	0.299878  	0.248603  
11.075000	229.863   	235.349   	226.044   	226.02    	1.27216   	0.771472  	0.261556  	0.300842  	0.249497  
11.100000	230.765   	236.246   	226.924   	226.899   	1.27743   	0.77442   	0.26247   	0.301807  	0.250391  
11.125000	231.666   	237.143   	227.804   	227.777   	1.2827    	0.777367  	0.263384  	0.302771  	0.251285  
11.150000	232.568   	238.04    	228.684   	228.656   	1.28796   	0.780314  	0.264298  	0.303736  	0.25218   
11.175000	233.469   	238.938   	229.564   	229.534   	1.29323   	0.783262  	0.265211  	0.3047    	0.253074  
11.200000	234.37    	239.835   	230.443   	230.412   	1.29849   	0.786209  	0.266125  	0.305665  	0.253968  
11.225000	235.272   	240.732   	231.323   	231.291   	1.30376   	0.789156  	0.267039  	0.306629  	0.254862  
11.250000	236.173   	241.629   	232.203   	232.169   	1.30902   	0.792104  	0.267953  	0.307594  	0.255756  
11.275000	237.075   	242.526   	233.083   	233.048   	1.31429   	0.795051  	0.268866  	0.308558  	0.25665   
11.300000	237.976   	243.423   	233.963   	233.926   	1.31956   	0.797999  	0.26978   	0.309523  	0.257544  
11.325000	238.878   	244.32    	234.842   	234.804   	1.32482   	0.800946  	0.270694  	0.310487  	0.258438  
11.350000	239.779   	245.217   	235.722   	235.683   	1.33009   	0.803893  	0.271608  	0.311452  	0.259332  
11.375000	240.68    	246.115   	236.602   	236.561   	1.33535   	0.806841  	0.272521  	0.312416  	0.260226  
11.400000	241.582   	247.012   	237.482   	237.44    	1.34062   	0.809788  	0.273435  	0.313381  	0.26112   
11.425000	242.483   	247.909   	238.362   	238.318   	1.34588   	0.812735  	0.274349  	0.314345  	0.262014  
11.450000	243.385   	248.806   	239.242   	239.196   	1.35115   	0.815683  	0.275263  	0.31531   	0.262908  
11.475000	244.286   	249.703   	240.121   	240.075   	1.35642   	0.81863   	0.276177  	0.316274  	0.263802  
11.500000	245.188   	250.6     	241.001   	240.953   	1.36168   	0.821578  	0.27709   	0.317239  	0.264696  
11.525000	246.089   	251.497   	241.881   	241.831   	1.36695   	0.824525  	0.278004  	0.318203  	0.26559   
11.550000	246.99    	252.395   	242.761   	242.71    	1.37221   	0.827472  	0.278918  	0.319168  	0.266484  
11.575000	247.892   	253.292   	243.641   	243.588   	1.37748   	0.83042   	0.279832  	0.320132  	0.267378  
11.600000	248.793   	254.189   	244.52    	244.467   	1.38274   	0.833367  	0.280745  	0.321097  	0.268272  
11.625000	249.695   	255.086   	245.4     	245.345   	1.38801   	0.836314  	0.281659  	0.322061  	0.269166  
11.650000	250.596   	255.983   	246.28    	246.223   	1.39328   	0.839262  	0.282573  	0.323026  	0.27006   
11.675000	251.498   	256.88    	247.16    	247.102   	1.39854   	0.842209  	0.283487  	0.32399   	0.270954  
11.700000	252.399   	257.777   	248.04    	247.98    	1.40381   	0.845157  	0.2844    	0.324955  	0.271848  
11.725000	253.301   	258.674   	248.919   	248.859   	1.40907   	0.848104  	0.285314  	0.325919  	0.272743  
11.750000	254.202   	259.572   	249.799   	249.737   	1.41434   	0.851051  	0.286228  	0.326884  	0.273637  
11.775000	255.103   	260.469   	250.679   	250.615   	1.4196    	0.853999  	0.287142  	0.327848  	0.274531  
11.800000	256.005   	261.366   	251.559   	251.494   	1.42487   	0.856946  	0.288056  	0.328813  	0.275425  
11.825000	256.906   	262.263   	252.439   	252.372   	1.43014   	0.859893  	0.288969  	0.329777  	0.276319  
11.850000	257.808   	263.16    	253.319   	253.251   	1.4354    	0.862841  	0.289883  	0.330742  	0.277213  
11.875000	258.709   	264.057   	254.198   	254.129   	1.44067   	0.865788  	0.290797  	0.331707  	0.278107  
11.900000	259.611   	264.954   	255.078   	255.007   	1.44593   	0.868736  	0.291711  	0.332671  	0.279001  
11.925000	260.512   	265.852   	255.958   	255.886   	1.4512    	0.871683  	0.292624  	0.333636  	0.279895  
11.950000	261.413   	266.749   	256.838   	256.764   	1.45646   	0.87463   	0.293538  	0.3346    	0.280789  
11.975000	262.315   	267.646   	257.718   	257.642   	1.46173   	0.877578  	0.294452  	0.335565  	0.281683  
12.000000	263.216   	268.543   	258.597   	258.521   	1.467     	0.880525  	0.295366  	0.336529  	0.282577  
12.025000	264.178   	269.499   	259.54    	259.461   	1.47269   	0.88368   	0.296356  	0.33757   	0.283547  
12.050000	265.14    	270.455   	260.482   	260.401   	1.47838   	0.886835  	0.297347  	0.338611  	0.284517  
12.075000	266.103   	271.411   	261.424   	261.341   	1.48407   	0.88999   	0.298337  	0.339651  	0.285487  
12.100000	267.065   	272.367   	262.366   	262.281   	1.48977   	0.893146  	0.299328  	0.340692  	0.286456  
12.125000	268.027   	273.323   	263.309   	263.22    	1.49546   	0.896301  	0.300318  	0.341733  	0.287426  
12.150000	268.989   	274.279   	264.251   	264.16    	1.50115   	0.899456  	0.301309  	0.342774  	0.288396  
12.175000	269.951   	275.235   	265.193   	265.1     	1.50684   	0.902611  	0.302299  	0.343814  	0.289366  
12.200000	270.913   	276.191   	266.135   	266.04    	1.51254   	0.905766  	0.30329   	0.344855  	0.290336  
12.225000	271.875   	277.147   	267.077   	266.98    	1.51823   	0.908921  	0.30428   	0.345896  	0.291306  
12.250000	272.837   	278.103   	268.02    	267.92    	1.52392   	0.912077  	0.305271  	0.346937  	0.292276  
12.275000	273.799   	279.059   	268.962   	268.86    	1.52961   	0.915232  	0.306261  	0.347978  	0.293246  
12.300000	274.762   	280.015   	269.904   	269.8     	1.5353    	0.918387  	0.307252  	0.349018  	0.294215  
12.325000	275.724   	280.971   	270.846   	270.74    	1.541     	0.921542  	0.308242  	0.350059  	0.295185  
12.350000	276.686   	281.927   	271.789   	271.68    	1.54669   	0.924697  	0.309233  	0.3511    	0.296155  
12.375000	277.648   	282.883   	272.731   	272.62    	1.55238   	0.927852  	0.310223  	0.352141  	0.297125  
12.400000	278.61    	283.839   	273.673   	273.559   	1.55807   	0.931008  	0.311213  	0.353181  	0.298095  
12.425000	279.572   	284.795   	274.615   	274.499   	1.56377   	0.934163  	0.312204  	0.354222  	0.299065  
12.450000	280.534   	285.751   	275.557   	275.439   	1.56946   	0.937318  	0.313194  	0.355263  	0.300035  
12.475000	281.496   	286.707   	276.5     	276.379   	1.57515   	0.940473  	0.314185  	0.356304  	0.301005  
12.500000	282.458   	287.663   	277.442   	277.319   	1.58084   	0.943628  	0.315175  	0.357345  	0.301974  
12.525000	283.421   	288.619   	278.384   	278.259   	1.58654   	0.946783  	0.316166  	0.358385  	0.302944  
12.550000	284.383   	289.575   	279.326   	279.199   	1.59223   	0.949938  	0.317156  	0.359426  	0.303914  
12.575000	285.345   	290.531   	280.268   	280.139   	1.59792   	0.953094  	0.318147  	0.360467  	0.304884  
12.600000	286.307   	291.487   	281.211   	281.079   	1.60361   	0.956249  	0.319137  	0.361508  	0.305854  
12.625000	287.269   	292.443   	282.153   	282.019   	1.60931   	0.959404  	0.320128  	0.362548  	0.306824  
12.650000	288.231   	293.399   	283.095   	282.959   	1.615     	0.962559  	0.321118  	0.363589  	0.307794  
12.675000	289.193   	294.355   	284.037   	283.899   	1.62069   	0.965714  	0.322109  	0.36463   	0.308764  
12.700000	290.155   	295.311   	284.98    	284.838   	1.62638   	0.968869  	0.323099  	0.365671  	0.309733  
12.725000	291.117   	296.267   	285.922   	285.778   	1.63208   	0.972025  	0.32409   	0.366712  	0.310703  
12.750000	292.08    	297.223   	286.864   	286.718   	1.63777   	0.97518   	0.32508   	0.367752  	0.311673  
12.775000	293.042   	298.179   	287.806   	287.658   	1.64346   	0.978335  	0.326071  	0.368793  	0.312643  
12.800000	294.004   	299.135   	288.748   	288.598   	1.64915   	0.98149   	0.327061  	0.369834  	0.313613  
12.825000	294.966   	300.091   	289.691   	289.538   	1.65485   	0.984645  	0.328052  	0.370875  	0.314583  
12.850000	295.928   	301.047   	290.633   	290.478   	1.66054   	0.9878    	0.329042  	0.371915  	0.315553  
12.875000	296.89    	302.003   	291.575   	291.418   	1.66623   	0.990955  	0.330033  	0.372956  	0.316522  
12.900000	297.852   	302.959   	292.517   	292.358   	1.67192   	0.994111  	0.331023  	0.373997  	0.317492  
12.925000	298.814   	303.915   	293.46    	293.298   	1.67762   	0.997266  	0.332014  	0.375038  	0.318462  
12.950000	299.776   	304.871   	294.402   	294.238   	1.68331   	1.00042   	0.333004  	0.376078  	0.319432  
12.975000	300.739   	305.827   	295.344   	295.178   	1.689     	1.00358   	0.333995  	0.377119  	0.320402  
13.000000	301.701   	306.783   	296.286   	296.117   	1.69469   	1.00673   	0.334985  	0.37816   	0.321372  
13.025000	302.723   	307.798   	297.29    	297.119   	1.70081   	1.01009   	0.336051  	0.379275  	0.322417  
13.050000	303.745   	308.812   	298.295   	298.12    	1.70692   	1.01345   	0.337118  	0.380391  	0.323462  
13.075000	304.767   	309.827   	299.299   	299.121   	1.71304   	1.01681   	0.338184  	0.381506  	0.324507  
13.100000	305.789   	310.841   	300.303   	300.122   	1.71916   	1.02017   	0.33925   	0.382622  	0.325552  
13.125000	306.811   	311.855   	301.307   	301.123   	1.72527   	1.02353   	0.340316  	0.383737  	0.326596  
13.150000	307.833   	312.87    	302.312   	302.124   	1.73139   	1.02689   	0.341383  	0.384853  	0.327641  
13.175000	308.855   	313.884   	303.316   	303.125   	1.7375    	1.03024   	0.342449  	0.385968  	0.328686  
13.200000	309.877   	314.899   	304.32    	304.126   	1.74362   	1.0336    	0.343515  	0.387084  	0.329731  
13.225000	310.899   	315.913   	305.324   	305.127   	1.74973   	1.03696   	0.344581  	0.388199  	0.330776  
13.250000	311.922   	316.928   	306.328   	306.128   	1.75585   	1.04032   	0.345648  	0.389315  	0.331821  
13.275000	312.944   	317.942   	307.333   	307.129   	1.76196   	1.04368   	0.346714  	0.39043   	0.332866  
13.300000	313.966   	318.957   	308.337   	308.131   	1.76808   	1.04704   	0.34778   	0.391545  	0.333911  
13.325000	314.988   	319.971   	309.341   	309.132   	1.7742    	1.0504    	0.348846  	0.392661  	0.334956  
13.350000	316.01    	320.986   	310.345   	310.133   	1.78031   	1.05376   	0.349913  	0.393776  	0.336001  
13.375000	317.032   	322       	311.35    	311.134   	1.78643   	1.05712   	0.350979  	0.394892  	0.337046  
13.400000	318.054   	323.015   	312.354   	312.135   	1.79254   	1.06048   	0.352045  	0.396007  	0.338091  
13.425000	319.076   	324.029   	313.358   	313.136   	1.79866   	1.06383   	0.353111  	0.397123  	0.339135  
13.450000	320.098   	325.044   	314.362   	314.137   	1.80477   	1.06719   	0.354178  	0.398238  	0.34018   
13.475000	321.12    	326.058   	315.366   	315.138   	1.81089   	1.07055   	0.355244  	0.399354  	0.341225  
13.500000	322.142   	327.073   	316.371   	316.139   	1.817     	1.07391   	0.35631   	0.400469  	0.34227   
13.525000	323.165   	328.087   	317.375   	317.14    	1.82312   	1.07727   	0.357376  	0.401584  	0.343315  
13.550000	324.187   	329.102   	318.379   	318.142   	1.82924   	1.08063   	0.358443  	0.4027    	0.34436   
13.575000	325.209   	330.116   	319.383   	319.143   	1.83535   	1.08399   	0.359509  	0.403815  	0.345405  
13.600000	326.231   	331.13    	320.387   	320.144   	1.84147   	1.08735   	0.360575  	0.404931  	0.34645   
13.625000	327.253   	332.145   	321.392   	321.145   	1.84758   	1.09071   	0.361641  	0.406046  	0.347495  
13.650000	328.275   	333.159   	322.396   	322.146   	1.8537    	1.09407   	0.362708  	0.407162  	0.34854   
13.675000	329.297   	334.174   	323.4     	323.147   	1.85981   	1.09742   	0.363774  	0.408277  	0.349585  
13.700000	330.319   	335.188   	324.404   	324.148   	1.86593   	1.10078   	0.36484   	0.409393  	0.35063   
13.725000	331.341   	336.203   	325.409   	325.149   	1.87204   	1.10414   	0.365906  	0.410508  	0.351674  
13.750000	332.363   	337.217   	326.413   	326.15    	1.87816   	1.1075    	0.366973  	0.411624  	0.352719  
13.775000	333.385   	338.232   	327.417   	327.151   	1.88428   	1.11086   	0.368039  	0.412739  	0.353764  
13.800000	334.408   	339.246   	328.421   	328.152   	1.89039   	1.11422   	0.369105  	0.413854  	0.354809  
13.825000	335.43    	340.261   	329.425   	329.154   	1.89651   	1.11758   	0.370171  	0.41497   	0.355854  
13.850000	336.452   	341.275   	330.43    	330.155   	1.90262   	1.12094   	0.371238  	0.416085  	0.356899  
13.875000	337.474   	342.29    	331.434   	331.156   	1.90874   	1.1243    	0.372304  	0.417201  	0.357944  
13.900000	338.496   	343.304   	332.438   	332.157   	1.91485   	1.12766   	0.37337   	0.418316  	0.358989  
13.925000	339.518   	344.319   	333.442   	333.158   	1.92097   	1.13101   	0.374436  	0.419432  	0.360034  
13.950000	340.54    	345.333   	334.447   	334.159   	1.92708   	1.13437   	0.375503  	0.420547  	0.361079  
13.975000	341.562   	346.348   	335.451   	335.16    	1.9332    	1.13773   	0.376569  	0.421663  	0.362124  
14.000000	342.584   	347.362   	336.455   	336.161   	1.93932   	1.14109   	0.377635  	0.422778  	0.363169  
14.025000	343.666   	348.435   	337.521   	337.223   	1.94585   	1.14465   	0.378776  	0.423966  	0.364288  
14.050000	344.747   	349.507   	338.587   	338.285   	1.95239   	1.14821   	0.379917  	0.425155  	0.365407  
14.075000	345.828   	350.58    	339.652   	339.347   	1.95892   	1.15177   	0.381058  	0.426343  	0.366526  
14.100000	346.91    	351.652   	340.718   	340.409   	1.96545   	1.15532   	0.382198  	0.427532  	0.367645  
14.125000	347.991   	352.725   	341.784   	341.471   	1.97199   	1.15888   	0.383339  	0.42872   	0.368764  
14.150000	349.073   	353.797   	342.85    	342.533   	1.97852   	1.16244   	0.38448   	0.429908  	0.369883  
14.175000	350.154   	354.87    	343.915   	343.595   	1.98506   	1.166     	0.385621  	0.431097  	0.371002  
14.200000	351.236   	355.942   	344.981   	344.656   	1.99159   	1.16956   	0.386762  	0.432285  	0.372121  
14.225000	352.317   	357.015   	346.047   	345.718   	1.99813   	1.17311   	0.387903  	0.433473  	0.37324   
14.250000	353.398   	358.087   	347.113   	346.78    	2.00466   	1.17667   	0.389044  	0.434662  	0.374359  
14.275000	354.48    	359.16    	348.179   	347.842   	2.0112    	1.18023   	0.390184  	0.43585   	0.375478  
14.300000	355.561   	360.232   	349.244   	348.904   	2.01773   	1.18379   	0.391325  	0.437039  	0.376597  
14.325000	356.643   	361.305   	350.31    	349.966   	2.02427   	1.18735   	0.392466  	0.438227  	0.377716  
