Energy (MeV/u)	0 - [He-base] F.Hubert et al, AD&ND Tables 46(1990)1	1 - [H -base] J.F.Ziegler et al, Pergamon Press, NY (low energy)	2 - ATIMA 1.2  LS-theory (recommended for high energy)	3 - ATIMA 1.2  without LS-correction	4 - Range straggling - method [0] - LISE	5 - Range straggling - method [1] - Atima	6 - Lateral range - method [0] - LISE	7 - Lateral range - method [1] - Atima	8 - Lateral range - method [2] - PDG
0.000000	-	-	-	-	-	-	-	-	-
0.002500	0.0730961 	0.0754597 	0.0865997 	0.0865997 	0.00447978	0.00447978	0.000266859	0.000450223	0.000193147
0.005000	0.137909  	0.143901  	0.162286  	0.162286  	0.00515783	0.00515783	0.000652148	0.00107837	0.00048526
0.007500	0.194294  	0.203444  	0.224444  	0.224444  	0.00518141	0.00518141	0.00106006	0.0017294 	0.00080247
0.010000	0.246853  	0.258946  	0.280763  	0.280763  	0.00527861	0.00527861	0.0014677 	0.0023749 	0.00112229
0.012500	0.292904  	0.307576  	0.33016   	0.33016   	0.00551454	0.00551454	0.00188399	0.00302573	0.00145344
0.015000	0.338955  	0.356206  	0.379557  	0.379557  	0.00575047	0.00575047	0.00230027	0.00367656	0.0017846 
0.017500	0.37866   	0.398133  	0.423318  	0.423318  	0.00605973	0.00605973	0.00272236	0.00432985	0.00212391
0.020000	0.418364  	0.440061  	0.467079  	0.467079  	0.006369  	0.006369  	0.00314444	0.00498314	0.00246321
0.022500	0.453498  	0.477162  	0.506377  	0.506377  	0.00667586	0.00667586	0.00356309	0.00562729	0.00280176
0.025000	0.488632  	0.514263  	0.545674  	0.545674  	0.00698273	0.00698273	0.00398173	0.00627145	0.0031403 
0.027500	0.520137  	0.547533  	0.581886  	0.581886  	0.00727349	0.00727349	0.00439976	0.00691134	0.0034801 
0.030000	0.551643  	0.580803  	0.618098  	0.618098  	0.00756426	0.00756426	0.0048178 	0.00755123	0.00381991
0.032500	0.580979  	0.611782  	0.652259  	0.652259  	0.00784181	0.00784181	0.00523088	0.00818043	0.00415732
0.035000	0.610315  	0.64276   	0.68642   	0.68642   	0.00811936	0.00811936	0.00564396	0.00880962	0.00449472
0.037500	0.638391  	0.672408  	0.718885  	0.718885  	0.00838074	0.00838074	0.00599238	0.00933896	0.00478002
0.040000	0.666467  	0.702056  	0.75135   	0.75135   	0.00864212	0.00864212	0.00634079	0.0098683 	0.00506532
0.042500	0.693683  	0.730796  	0.782398  	0.782398  	0.00888751	0.00888751	0.00663263	0.0103108 	0.00530471
0.045000	0.720899  	0.759537  	0.813446  	0.813446  	0.0091329 	0.0091329 	0.00692447	0.0107534 	0.00554411
0.047500	0.747573  	0.787704  	0.843299  	0.843299  	0.00936364	0.00926635	0.00718681	0.0111506 	0.00575959
0.050000	0.774247  	0.815872  	0.873152  	0.873152  	0.00959437	0.00939979	0.00744916	0.0115479 	0.00597507
0.052500	0.80024   	0.84332   	0.90199   	0.90199   	0.00981211	0.00947228	0.00768653	0.0119069 	0.00617025
0.055000	0.826233  	0.870768  	0.930827  	0.930827  	0.0100299 	0.00954476	0.00792389	0.0122659 	0.00636542
0.057500	0.851365  	0.897308  	0.958795  	0.958795  	0.0102363 	0.00961505	0.00814395	0.0125985 	0.00654651
0.060000	0.876498  	0.923848  	0.986762  	0.986762  	0.0104426 	0.00968534	0.00836401	0.012931  	0.0067276 
0.062500	0.90068   	0.949384  	1.01366   	1.01366   	0.0106349 	0.00975301	0.00856844	0.0132397 	0.00689598
0.065000	0.924862  	0.97492   	1.04055   	1.04055   	0.0108272 	0.00982068	0.00877287	0.0135483 	0.00706435
0.067500	0.949044  	1.00046   	1.06745   	1.06745   	0.0110195 	0.00988834	0.0089773 	0.0138569 	0.00723272
0.070000	0.973226  	1.02599   	1.09434   	1.09434   	0.0112118 	0.00995601	0.00918173	0.0141656 	0.0074011 
0.072500	0.996168  	1.05022   	1.1201    	1.1201    	0.0113893 	0.0100211 	0.00937276	0.0144536 	0.00755861
0.075000	1.01911   	1.07445   	1.14587   	1.14587   	0.0115668 	0.0100862 	0.0095638 	0.0147417 	0.00771612
0.077500	1.04205   	1.09867   	1.17163   	1.17163   	0.0117443 	0.0101513 	0.00975484	0.0150298 	0.00787363
0.080000	1.065     	1.1229    	1.19739   	1.19739   	0.0119217 	0.0102164 	0.00994587	0.0153178 	0.00803115
0.082500	1.0868    	1.14592   	1.22229   	1.22229   	0.012088  	0.0102797 	0.0101263 	0.0155894 	0.00818014
0.085000	1.1086    	1.16894   	1.24718   	1.24718   	0.0122543 	0.010343  	0.0103067 	0.0158609 	0.00832914
0.087500	1.1304    	1.19197   	1.27207   	1.27207   	0.0124206 	0.0104064 	0.0104871 	0.0161324 	0.00847813
0.090000	1.1522    	1.21499   	1.29697   	1.29697   	0.0125869 	0.0104697 	0.0106675 	0.016404  	0.00862713
0.092500	1.17317   	1.23713   	1.32119   	1.32119   	0.0127446 	0.0105319 	0.0108404 	0.0166637 	0.00877024
0.095000	1.19414   	1.25927   	1.34541   	1.34541   	0.0129024 	0.0105942 	0.0110134 	0.0169235 	0.00891336
0.097500	1.21511   	1.28142   	1.36964   	1.36964   	0.0130601 	0.0106564 	0.0111864 	0.0171833 	0.00905647
0.100000	1.23607   	1.30356   	1.39386   	1.39386   	0.0132179 	0.0107186 	0.0113593 	0.0174431 	0.00919958
0.102500	1.25641   	1.32503   	1.41734   	1.41734   	0.0133664 	0.01078   	0.0115257 	0.0176921 	0.0093376 
0.105000	1.27674   	1.3465    	1.44082   	1.44082   	0.0135149 	0.0108413 	0.011692  	0.0179412 	0.00947561
0.107500	1.29707   	1.36797   	1.46431   	1.46431   	0.0136635 	0.0109027 	0.0118583 	0.0181902 	0.00961362
0.110000	1.3174    	1.38944   	1.48779   	1.48779   	0.013812  	0.010964  	0.0120246 	0.0184392 	0.00975164
0.112500	1.33774   	1.41091   	1.51127   	1.51127   	0.0139605 	0.0110254 	0.012191  	0.0186883 	0.00988965
0.115000	1.35807   	1.43238   	1.53475   	1.53475   	0.0141091 	0.0110867 	0.0123573 	0.0189373 	0.0100277 
0.117500	1.3784    	1.45386   	1.55824   	1.55824   	0.0142576 	0.0111481 	0.0125236 	0.0191864 	0.0101657 
0.120000	1.39873   	1.47533   	1.58172   	1.58172   	0.0144061 	0.0112095 	0.01269   	0.0194354 	0.0103037 
0.122500	1.41867   	1.49638   	1.60451   	1.60451   	0.0145462 	0.0112705 	0.0128498 	0.0196737 	0.0104369 
0.125000	1.43861   	1.51744   	1.62731   	1.62731   	0.0146862 	0.0113316 	0.0130097 	0.0199119 	0.0105701 
0.127500	1.45855   	1.5385    	1.6501    	1.6501    	0.0148262 	0.0113926 	0.0131696 	0.0201502 	0.0107033 
0.130000	1.47849   	1.55955   	1.6729    	1.6729    	0.0149663 	0.0114537 	0.0133295 	0.0203885 	0.0108365 
0.132500	1.49843   	1.58061   	1.69569   	1.69569   	0.0151063 	0.0115147 	0.0134894 	0.0206267 	0.0109697 
0.135000	1.51837   	1.60167   	1.71849   	1.71849   	0.0152464 	0.0115758 	0.0136493 	0.020865  	0.0111029 
0.137500	1.53832   	1.62272   	1.74128   	1.74128   	0.0153864 	0.0116369 	0.0138091 	0.0211033 	0.0112361 
0.140000	1.55826   	1.64378   	1.76408   	1.76408   	0.0155264 	0.0116979 	0.013969  	0.0213415 	0.0113694 
0.142500	1.57794   	1.66457   	1.78641   	1.78641   	0.0156607 	0.0117609 	0.0141236 	0.0215707 	0.0114987 
0.145000	1.59763   	1.68536   	1.80875   	1.80875   	0.015795  	0.0118239 	0.0142781 	0.0217998 	0.011628  
0.147500	1.61732   	1.70615   	1.83108   	1.83108   	0.0159293 	0.0118869 	0.0144327 	0.022029  	0.0117573 
0.150000	1.637     	1.72694   	1.85342   	1.85342   	0.0160635 	0.0119498 	0.0145872 	0.0222581 	0.0118867 
0.152500	1.65669   	1.74773   	1.87575   	1.87575   	0.0161978 	0.0120128 	0.0147418 	0.0224873 	0.012016  
0.155000	1.67638   	1.76852   	1.89809   	1.89809   	0.0163321 	0.0120758 	0.0148963 	0.0227164 	0.0121453 
0.157500	1.69607   	1.78931   	1.92042   	1.92042   	0.0164664 	0.0121388 	0.0150509 	0.0229456 	0.0122746 
0.160000	1.71575   	1.8101    	1.94275   	1.94275   	0.0166006 	0.0122017 	0.0152054 	0.0231747 	0.012404  
0.162500	1.73522   	1.83065   	1.96477   	1.96477   	0.0167307 	0.0122703 	0.0153557 	0.0233965 	0.0125303 
0.165000	1.75469   	1.85121   	1.98678   	1.98678   	0.0168607 	0.0123388 	0.0155061 	0.0236182 	0.0126566 
0.167500	1.77415   	1.87177   	2.00879   	2.00879   	0.0169908 	0.0124073 	0.0156564 	0.02384   	0.0127829 
0.170000	1.79362   	1.89233   	2.0308    	2.0308    	0.0171208 	0.0124758 	0.0158067 	0.0240617 	0.0129092 
0.172500	1.81309   	1.91288   	2.05281   	2.05281   	0.0172509 	0.0125443 	0.015957  	0.0242835 	0.0130355 
0.175000	1.83255   	1.93344   	2.07482   	2.07482   	0.0173809 	0.0126128 	0.0161073 	0.0245052 	0.0131618 
0.177500	1.85202   	1.954     	2.09683   	2.09683   	0.0175109 	0.0126813 	0.0162577 	0.024727  	0.0132882 
0.180000	1.87149   	1.97455   	2.11885   	2.11885   	0.017641  	0.0127498 	0.016408  	0.0249487 	0.0134145 
0.182500	1.89073   	1.99487   	2.14062   	2.14062   	0.0177677 	0.0128223 	0.0165537 	0.0251626 	0.0135374 
0.185000	1.90997   	2.01519   	2.1624    	2.1624    	0.0178944 	0.0128949 	0.0166994 	0.0253764 	0.0136603 
0.187500	1.92921   	2.0355    	2.18417   	2.18417   	0.0180211 	0.0129674 	0.016845  	0.0255902 	0.0137833 
0.190000	1.94845   	2.05582   	2.20594   	2.20594   	0.0181478 	0.0130399 	0.0169907 	0.025804  	0.0139062 
0.192500	1.96768   	2.07613   	2.22772   	2.22772   	0.0182745 	0.0131124 	0.0171364 	0.0260178 	0.0140291 
0.195000	1.98692   	2.09645   	2.24949   	2.24949   	0.0184012 	0.0131849 	0.0172821 	0.0262316 	0.0141521 
0.197500	2.00616   	2.11677   	2.27127   	2.27127   	0.0185279 	0.0132574 	0.0174278 	0.0264455 	0.014275  
0.200000	2.0254    	2.13708   	2.29304   	2.29304   	0.0186546 	0.0133299 	0.0175735 	0.0266593 	0.014398  
0.202500	2.0445    	2.15725   	2.31454   	2.31454   	0.0187768 	0.0134065 	0.0177165 	0.0268675 	0.0145194 
0.205000	2.0636    	2.17742   	2.33603   	2.33603   	0.0188989 	0.013483  	0.0178596 	0.0270758 	0.0146409 
0.207500	2.08269   	2.19758   	2.35752   	2.35752   	0.0190211 	0.0135596 	0.0180026 	0.0272841 	0.0147624 
0.210000	2.10179   	2.21775   	2.37901   	2.37901   	0.0191432 	0.0136361 	0.0181456 	0.0274924 	0.0148839 
0.212500	2.12089   	2.23792   	2.40051   	2.40051   	0.0192654 	0.0137127 	0.0182887 	0.0277006 	0.0150054 
0.215000	2.13998   	2.25808   	2.422     	2.422     	0.0193875 	0.0137892 	0.0184317 	0.0279089 	0.0151268 
0.217500	2.15908   	2.27825   	2.44349   	2.44349   	0.0195097 	0.0138658 	0.0185748 	0.0281172 	0.0152483 
0.220000	2.17818   	2.29842   	2.46499   	2.46499   	0.0196318 	0.0139423 	0.0187178 	0.0283254 	0.0153698 
0.222500	2.19728   	2.31858   	2.48648   	2.48648   	0.0197539 	0.0140189 	0.0188608 	0.0285337 	0.0154913 
0.225000	2.21637   	2.33875   	2.50797   	2.50797   	0.0198761 	0.0140954 	0.0190039 	0.028742  	0.0156127 
0.227500	2.23547   	2.35892   	2.52946   	2.52946   	0.0199982 	0.014172  	0.0191469 	0.0289502 	0.0157342 
0.230000	2.25457   	2.37908   	2.55096   	2.55096   	0.0201204 	0.0142485 	0.01929   	0.0291585 	0.0158557 
0.232500	2.27366   	2.39925   	2.57245   	2.57245   	0.0202425 	0.0143251 	0.019433  	0.0293668 	0.0159772 
0.235000	2.29276   	2.41941   	2.59394   	2.59394   	0.0203647 	0.0144016 	0.0195761 	0.029575  	0.0160987 
0.237500	2.31186   	2.43958   	2.61543   	2.61543   	0.0204868 	0.0144782 	0.0197191 	0.0297833 	0.0162201 
0.240000	2.33096   	2.45975   	2.63693   	2.63693   	0.020609  	0.0145547 	0.0198621 	0.0299916 	0.0163416 
0.242500	2.35005   	2.47991   	2.65842   	2.65842   	0.0207311 	0.0146313 	0.0200052 	0.0301998 	0.0164631 
0.245000	2.36915   	2.50008   	2.67991   	2.67991   	0.0208533 	0.0147078 	0.0201482 	0.0304081 	0.0165846 
0.247500	2.38825   	2.52025   	2.70141   	2.70141   	0.0209754 	0.0147844 	0.0202913 	0.0306164 	0.0167061 
0.250000	2.40734   	2.54041   	2.7229    	2.7229    	0.0210975 	0.0148609 	0.0204343 	0.0308246 	0.0168275 
0.252500	2.42626   	2.56039   	2.74413   	2.74413   	0.0212146 	0.01494   	0.0205715 	0.0310222 	0.0169451 
0.255000	2.44517   	2.58036   	2.76537   	2.76537   	0.0213316 	0.0150191 	0.0207088 	0.0312197 	0.0170627 
0.257500	2.46409   	2.60034   	2.7866    	2.7866    	0.0214486 	0.0150982 	0.020846  	0.0314172 	0.0171803 
0.260000	2.483     	2.62031   	2.80784   	2.80784   	0.0215656 	0.0151773 	0.0209832 	0.0316148 	0.0172978 
0.262500	2.50192   	2.64028   	2.82907   	2.82907   	0.0216827 	0.0152564 	0.0211205 	0.0318123 	0.0174154 
0.265000	2.52083   	2.66026   	2.85031   	2.85031   	0.0217997 	0.0153354 	0.0212577 	0.0320098 	0.017533  
0.267500	2.53975   	2.68023   	2.87154   	2.87154   	0.0219167 	0.0154145 	0.0213949 	0.0322073 	0.0176506 
0.270000	2.55866   	2.70021   	2.89278   	2.89278   	0.0220337 	0.0154936 	0.0215321 	0.0324049 	0.0177681 
0.272500	2.57758   	2.72018   	2.91401   	2.91401   	0.0221508 	0.0155727 	0.0216694 	0.0326024 	0.0178857 
0.275000	2.59649   	2.74015   	2.93525   	2.93525   	0.0222678 	0.0156518 	0.0218066 	0.0327999 	0.0180033 
0.277500	2.61541   	2.76013   	2.95648   	2.95648   	0.0223848 	0.0157309 	0.0219438 	0.0329974 	0.0181209 
0.280000	2.63432   	2.7801    	2.97772   	2.97772   	0.0225018 	0.0158099 	0.0220811 	0.033195  	0.0182384 
0.282500	2.65324   	2.80007   	2.99895   	2.99895   	0.0226189 	0.015889  	0.0222183 	0.0333925 	0.018356  
0.285000	2.67215   	2.82005   	3.02019   	3.02019   	0.0227359 	0.0159681 	0.0223555 	0.03359   	0.0184736 
0.287500	2.69107   	2.84002   	3.04142   	3.04142   	0.0228529 	0.0160472 	0.0224927 	0.0337876 	0.0185912 
0.290000	2.70998   	2.86      	3.06266   	3.06266   	0.0229699 	0.0161263 	0.02263   	0.0339851 	0.0187087 
0.292500	2.7289    	2.87997   	3.08389   	3.08389   	0.023087  	0.0162054 	0.0227672 	0.0341826 	0.0188263 
0.295000	2.74781   	2.89994   	3.10513   	3.10513   	0.023204  	0.0162845 	0.0229044 	0.0343801 	0.0189439 
0.297500	2.76673   	2.91992   	3.12636   	3.12636   	0.023321  	0.0163635 	0.0230417 	0.0345777 	0.0190615 
0.300000	2.78564   	2.93989   	3.1476    	3.1476    	0.023438  	0.0164426 	0.0231789 	0.0347752 	0.019179  
0.302500	2.80438   	2.95968   	3.16869   	3.16869   	0.0235511 	0.0165222 	0.0233085 	0.0349597 	0.019291  
0.305000	2.82311   	2.97947   	3.18977   	3.18977   	0.0236642 	0.0166018 	0.0234381 	0.0351442 	0.019403  
0.307500	2.84185   	2.99925   	3.21086   	3.21086   	0.0237772 	0.0166814 	0.0235677 	0.0353286 	0.019515  
0.310000	2.86059   	3.01904   	3.23195   	3.23195   	0.0238903 	0.0167609 	0.0236973 	0.0355131 	0.019627  
0.312500	2.87933   	3.03882   	3.25304   	3.25304   	0.0240034 	0.0168405 	0.023827  	0.0356976 	0.019739  
0.315000	2.89806   	3.05861   	3.27413   	3.27413   	0.0241165 	0.0169201 	0.0239566 	0.0358821 	0.0198509 
0.317500	2.9168    	3.0784    	3.29522   	3.29522   	0.0242295 	0.0169997 	0.0240862 	0.0360666 	0.0199629 
0.320000	2.93554   	3.09818   	3.3163    	3.3163    	0.0243426 	0.0170793 	0.0242158 	0.0362511 	0.0200749 
0.322500	2.95427   	3.11797   	3.33739   	3.33739   	0.0244557 	0.0171589 	0.0243454 	0.0364355 	0.0201869 
0.325000	2.97301   	3.13776   	3.35848   	3.35848   	0.0245688 	0.0172384 	0.024475  	0.03662   	0.0202989 
0.327500	2.99175   	3.15754   	3.37957   	3.37957   	0.0246818 	0.017318  	0.0246047 	0.0368045 	0.0204109 
0.330000	3.01049   	3.17733   	3.40066   	3.40066   	0.0247949 	0.0173976 	0.0247343 	0.036989  	0.0205229 
0.332500	3.02922   	3.19711   	3.42175   	3.42175   	0.024908  	0.0174772 	0.0248639 	0.0371735 	0.0206348 
0.335000	3.04796   	3.2169    	3.44283   	3.44283   	0.025021  	0.0175568 	0.0249935 	0.037358  	0.0207468 
0.337500	3.0667    	3.23669   	3.46392   	3.46392   	0.0251341 	0.0176363 	0.0251231 	0.0375424 	0.0208588 
0.340000	3.08543   	3.25647   	3.48501   	3.48501   	0.0252472 	0.0177159 	0.0252527 	0.0377269 	0.0209708 
0.342500	3.10417   	3.27626   	3.5061    	3.5061    	0.0253603 	0.0177955 	0.0253824 	0.0379114 	0.0210828 
0.345000	3.12291   	3.29605   	3.52719   	3.52719   	0.0254733 	0.0178751 	0.025512  	0.0380959 	0.0211948 
0.347500	3.14165   	3.31583   	3.54827   	3.54827   	0.0255864 	0.0179547 	0.0256416 	0.0382804 	0.0213068 
0.350000	3.16038   	3.33562   	3.56936   	3.56936   	0.0256995 	0.0180343 	0.0257712 	0.0384648 	0.0214187 
0.352500	3.17901   	3.35528   	3.59038   	3.59038   	0.0258095 	0.0181135 	0.0258981 	0.0386436 	0.0215291 
0.355000	3.19763   	3.37495   	3.6114    	3.6114    	0.0259195 	0.0181928 	0.0260249 	0.0388224 	0.0216395 
0.357500	3.21625   	3.39461   	3.63241   	3.63241   	0.0260296 	0.018272  	0.0261518 	0.0390012 	0.0217499 
0.360000	3.23487   	3.41428   	3.65343   	3.65343   	0.0261396 	0.0183513 	0.0262787 	0.03918   	0.0218603 
0.362500	3.25349   	3.43394   	3.67445   	3.67445   	0.0262496 	0.0184306 	0.0264055 	0.0393587 	0.0219707 
0.365000	3.27212   	3.45361   	3.69546   	3.69546   	0.0263597 	0.0185098 	0.0265324 	0.0395375 	0.0220811 
0.367500	3.29074   	3.47327   	3.71648   	3.71648   	0.0264697 	0.0185891 	0.0266593 	0.0397163 	0.0221915 
0.370000	3.30936   	3.49294   	3.7375    	3.7375    	0.0265797 	0.0186683 	0.0267862 	0.0398951 	0.0223019 
0.372500	3.32798   	3.5126    	3.75852   	3.75852   	0.0266898 	0.0187476 	0.026913  	0.0400739 	0.0224123 
0.375000	3.34661   	3.53227   	3.77953   	3.77953   	0.0267998 	0.0188268 	0.0270399 	0.0402526 	0.0225227 
0.377500	3.36523   	3.55193   	3.80055   	3.80055   	0.0269098 	0.0189061 	0.0271668 	0.0404314 	0.0226331 
0.380000	3.38385   	3.5716    	3.82157   	3.82157   	0.0270199 	0.0189854 	0.0272936 	0.0406102 	0.0227435 
0.382500	3.40247   	3.59126   	3.84258   	3.84258   	0.0271299 	0.0190646 	0.0274205 	0.040789  	0.0228539 
0.385000	3.42109   	3.61093   	3.8636    	3.8636    	0.0272399 	0.0191439 	0.0275474 	0.0409678 	0.0229643 
0.387500	3.43972   	3.63059   	3.88462   	3.88462   	0.02735   	0.0192231 	0.0276742 	0.0411465 	0.0230747 
0.390000	3.45834   	3.65026   	3.90563   	3.90563   	0.02746   	0.0193024 	0.0278011 	0.0413253 	0.0231851 
0.392500	3.47696   	3.66992   	3.92665   	3.92665   	0.02757   	0.0193817 	0.027928  	0.0415041 	0.0232955 
0.395000	3.49558   	3.68959   	3.94767   	3.94767   	0.0276801 	0.0194609 	0.0280548 	0.0416829 	0.0234058 
0.397500	3.51421   	3.70925   	3.96869   	3.96869   	0.0277901 	0.0195402 	0.0281817 	0.0418617 	0.0235162 
0.400000	3.53283   	3.72892   	3.9897    	3.9897    	0.0279001 	0.0196194 	0.0283086 	0.0420404 	0.0236266 
0.402500	3.55136   	3.74849   	4.01069   	4.01069   	0.0280076 	0.0196979 	0.028432  	0.0422127 	0.0237347 
0.405000	3.56989   	3.76805   	4.03168   	4.03168   	0.0281151 	0.0197764 	0.0285553 	0.042385  	0.0238427 
0.407500	3.58841   	3.78762   	4.05266   	4.05266   	0.0282226 	0.0198549 	0.0286787 	0.0425573 	0.0239507 
0.410000	3.60694   	3.80718   	4.07365   	4.07365   	0.0283301 	0.0199334 	0.0288021 	0.0427296 	0.0240587 
0.412500	3.62547   	3.82675   	4.09464   	4.09464   	0.0284376 	0.0200119 	0.0289254 	0.0429019 	0.0241668 
0.415000	3.644     	3.84632   	4.11562   	4.11562   	0.0285451 	0.0200904 	0.0290488 	0.0430741 	0.0242748 
0.417500	3.66253   	3.86588   	4.13661   	4.13661   	0.0286526 	0.0201689 	0.0291722 	0.0432464 	0.0243828 
0.420000	3.68106   	3.88545   	4.1576    	4.1576    	0.0287601 	0.0202474 	0.0292956 	0.0434187 	0.0244908 
0.422500	3.69959   	3.90501   	4.17859   	4.17859   	0.0288676 	0.0203259 	0.0294189 	0.043591  	0.0245989 
0.425000	3.71811   	3.92458   	4.19957   	4.19957   	0.0289751 	0.0204044 	0.0295423 	0.0437633 	0.0247069 
0.427500	3.73664   	3.94415   	4.22056   	4.22056   	0.0290826 	0.0204829 	0.0296657 	0.0439356 	0.0248149 
0.430000	3.75517   	3.96371   	4.24155   	4.24155   	0.0291901 	0.0205614 	0.0297891 	0.0441078 	0.0249229 
0.432500	3.7737    	3.98328   	4.26253   	4.26253   	0.0292976 	0.0206399 	0.0299124 	0.0442801 	0.0250309 
0.435000	3.79223   	4.00284   	4.28352   	4.28352   	0.0294051 	0.0207183 	0.0300358 	0.0444524 	0.025139  
0.437500	3.81076   	4.02241   	4.30451   	4.30451   	0.0295126 	0.0207968 	0.0301592 	0.0446247 	0.025247  
0.440000	3.82928   	4.04198   	4.32549   	4.32549   	0.0296201 	0.0208753 	0.0302825 	0.044797  	0.025355  
0.442500	3.84781   	4.06154   	4.34648   	4.34648   	0.0297276 	0.0209538 	0.0304059 	0.0449693 	0.025463  
0.445000	3.86634   	4.08111   	4.36747   	4.36747   	0.0298351 	0.0210323 	0.0305293 	0.0451415 	0.0255711 
0.447500	3.88487   	4.10067   	4.38845   	4.38845   	0.0299426 	0.0211108 	0.0306527 	0.0453138 	0.0256791 
0.450000	3.9034    	4.12024   	4.40944   	4.40944   	0.0300501 	0.0211893 	0.030776  	0.0454861 	0.0257871 
0.452500	3.92187   	4.13974   	4.43031   	4.43031   	0.0301538 	0.0212656 	0.030897  	0.0456534 	0.0258937 
0.455000	3.94034   	4.15925   	4.45118   	4.45118   	0.0302574 	0.0213419 	0.031018  	0.0458206 	0.0260003 
0.457500	3.95881   	4.17875   	4.47204   	4.47204   	0.0303611 	0.0214181 	0.0311389 	0.0459879 	0.026107  
0.460000	3.97728   	4.19826   	4.49291   	4.49291   	0.0304647 	0.0214944 	0.0312599 	0.0461552 	0.0262136 
0.462500	3.99575   	4.21776   	4.51378   	4.51378   	0.0305684 	0.0215707 	0.0313809 	0.0463224 	0.0263202 
0.465000	4.01422   	4.23727   	4.53464   	4.53464   	0.030672  	0.021647  	0.0315018 	0.0464897 	0.0264268 
0.467500	4.03269   	4.25677   	4.55551   	4.55551   	0.0307757 	0.0217232 	0.0316228 	0.046657  	0.0265334 
0.470000	4.05116   	4.27628   	4.57638   	4.57638   	0.0308793 	0.0217995 	0.0317437 	0.0468242 	0.02664   
0.472500	4.06963   	4.29578   	4.59724   	4.59724   	0.030983  	0.0218758 	0.0318647 	0.0469915 	0.0267467 
0.475000	4.0881    	4.31529   	4.61811   	4.61811   	0.0310866 	0.0219521 	0.0319857 	0.0471588 	0.0268533 
0.477500	4.10657   	4.33479   	4.63898   	4.63898   	0.0311902 	0.0220284 	0.0321066 	0.047326  	0.0269599 
0.480000	4.12504   	4.3543    	4.65984   	4.65984   	0.0312939 	0.0221046 	0.0322276 	0.0474933 	0.0270665 
0.482500	4.14351   	4.3738    	4.68071   	4.68071   	0.0313975 	0.0221809 	0.0323486 	0.0476606 	0.0271731 
0.485000	4.16199   	4.39331   	4.70158   	4.70158   	0.0315012 	0.0222572 	0.0324695 	0.0478278 	0.0272797 
0.487500	4.18046   	4.41281   	4.72245   	4.72245   	0.0316048 	0.0223335 	0.0325905 	0.0479951 	0.0273863 
0.490000	4.19893   	4.43231   	4.74331   	4.74331   	0.0317085 	0.0224097 	0.0327115 	0.0481624 	0.027493  
0.492500	4.2174    	4.45182   	4.76418   	4.76418   	0.0318121 	0.022486  	0.0328324 	0.0483297 	0.0275996 
0.495000	4.23587   	4.47132   	4.78505   	4.78505   	0.0319158 	0.0225623 	0.0329534 	0.0484969 	0.0277062 
0.497500	4.25434   	4.49083   	4.80591   	4.80591   	0.0320194 	0.0226386 	0.0330743 	0.0486642 	0.0278128 
0.500000	4.27281   	4.51033   	4.82678   	4.82678   	0.0321231 	0.0227149 	0.0331953 	0.0488315 	0.0279194 
0.502500	4.2916    	4.53018   	4.84757   	4.84757   	0.0322228 	0.0227886 	0.0333124 	0.0489913 	0.0280234 
0.505000	4.3104    	4.55003   	4.86836   	4.86836   	0.0323225 	0.0228624 	0.0334294 	0.0491512 	0.0281274 
0.507500	4.32919   	4.56988   	4.88916   	4.88916   	0.0324222 	0.0229362 	0.0335465 	0.0493111 	0.0282314 
0.510000	4.34799   	4.58972   	4.90995   	4.90995   	0.0325219 	0.0230099 	0.0336636 	0.0494709 	0.0283354 
0.512500	4.36678   	4.60957   	4.93074   	4.93074   	0.0326216 	0.0230837 	0.0337806 	0.0496308 	0.0284395 
0.515000	4.38558   	4.62942   	4.95153   	4.95153   	0.0327213 	0.0231575 	0.0338977 	0.0497907 	0.0285435 
0.517500	4.40437   	4.64927   	4.97232   	4.97232   	0.032821  	0.0232313 	0.0340148 	0.0499505 	0.0286475 
0.520000	4.42317   	4.66911   	4.99311   	4.99311   	0.0329207 	0.023305  	0.0341318 	0.0501104 	0.0287515 
0.522500	4.44196   	4.68896   	5.01391   	5.01391   	0.0330204 	0.0233788 	0.0342489 	0.0502703 	0.0288555 
0.525000	4.46076   	4.70881   	5.0347    	5.0347    	0.0331201 	0.0234526 	0.034366  	0.0504301 	0.0289595 
0.527500	4.47955   	4.72866   	5.05549   	5.05549   	0.0332198 	0.0235263 	0.034483  	0.05059   	0.0290635 
0.530000	4.49835   	4.7485    	5.07628   	5.07628   	0.0333195 	0.0236001 	0.0346001 	0.0507499 	0.0291675 
0.532500	4.51714   	4.76835   	5.09707   	5.09707   	0.0334192 	0.0236739 	0.0347172 	0.0509097 	0.0292715 
0.535000	4.53594   	4.7882    	5.11787   	5.11787   	0.0335189 	0.0237477 	0.0348342 	0.0510696 	0.0293755 
0.537500	4.55473   	4.80804   	5.13866   	5.13866   	0.0336186 	0.0238214 	0.0349513 	0.0512295 	0.0294795 
0.540000	4.57353   	4.82789   	5.15945   	5.15945   	0.0337183 	0.0238952 	0.0350684 	0.0513893 	0.0295835 
0.542500	4.59232   	4.84774   	5.18024   	5.18024   	0.033818  	0.023969  	0.0351854 	0.0515492 	0.0296875 
0.545000	4.61112   	4.86759   	5.20103   	5.20103   	0.0339177 	0.0240427 	0.0353025 	0.0517091 	0.0297915 
0.547500	4.62991   	4.88743   	5.22182   	5.22182   	0.0340174 	0.0241165 	0.0354196 	0.0518689 	0.0298956 
0.550000	4.64871   	4.90728   	5.24262   	5.24262   	0.0341171 	0.0241903 	0.0355366 	0.0520288 	0.0299996 
0.552500	4.6675    	4.92713   	5.26341   	5.26341   	0.0342168 	0.024264  	0.0356537 	0.0521887 	0.0301036 
0.555000	4.6863    	4.94698   	5.2842    	5.2842    	0.0343165 	0.0243378 	0.0357707 	0.0523485 	0.0302076 
0.557500	4.70509   	4.96682   	5.30499   	5.30499   	0.0344162 	0.0244116 	0.0358878 	0.0525084 	0.0303116 
0.560000	4.72389   	4.98667   	5.32578   	5.32578   	0.0345159 	0.0244854 	0.0360049 	0.0526683 	0.0304156 
0.562500	4.74268   	5.00652   	5.34658   	5.34658   	0.0346156 	0.0245591 	0.0361219 	0.0528282 	0.0305196 
0.565000	4.76148   	5.02637   	5.36737   	5.36737   	0.0347153 	0.0246329 	0.036239  	0.052988  	0.0306236 
0.567500	4.78027   	5.04621   	5.38816   	5.38816   	0.034815  	0.0247067 	0.0363561 	0.0531479 	0.0307276 
0.570000	4.79907   	5.06606   	5.40895   	5.40895   	0.0349147 	0.0247804 	0.0364731 	0.0533078 	0.0308316 
0.572500	4.81786   	5.08591   	5.42974   	5.42974   	0.0350144 	0.0248542 	0.0365902 	0.0534676 	0.0309356 
0.575000	4.83666   	5.10576   	5.45053   	5.45053   	0.0351141 	0.024928  	0.0367073 	0.0536275 	0.0310396 
0.577500	4.85545   	5.1256    	5.47133   	5.47133   	0.0352138 	0.0250018 	0.0368243 	0.0537874 	0.0311436 
0.580000	4.87425   	5.14545   	5.49212   	5.49212   	0.0353135 	0.0250755 	0.0369414 	0.0539472 	0.0312477 
0.582500	4.89304   	5.1653    	5.51291   	5.51291   	0.0354132 	0.0251493 	0.0370585 	0.0541071 	0.0313517 
0.585000	4.91184   	5.18515   	5.5337    	5.5337    	0.0355129 	0.0252231 	0.0371755 	0.054267  	0.0314557 
0.587500	4.93063   	5.20499   	5.55449   	5.55449   	0.0356126 	0.0252968 	0.0372926 	0.0544268 	0.0315597 
0.590000	4.94943   	5.22484   	5.57529   	5.57529   	0.0357123 	0.0253706 	0.0374097 	0.0545867 	0.0316637 
0.592500	4.96822   	5.24469   	5.59608   	5.59608   	0.035812  	0.0254444 	0.0375267 	0.0547466 	0.0317677 
0.595000	4.98702   	5.26454   	5.61687   	5.61687   	0.0359117 	0.0255182 	0.0376438 	0.0549064 	0.0318717 
0.597500	5.00581   	5.28438   	5.63766   	5.63766   	0.0360114 	0.0255919 	0.0377609 	0.0550663 	0.0319757 
0.600000	5.02461   	5.30423   	5.65845   	5.65845   	0.0361111 	0.0256657 	0.0378779 	0.0552262 	0.0320797 
0.602500	5.0442    	5.32492   	5.67933   	5.67933   	0.0362085 	0.0257378 	0.0379907 	0.0553777 	0.0321809 
0.605000	5.06379   	5.3456    	5.70022   	5.70022   	0.0363058 	0.0258099 	0.0381035 	0.0555292 	0.0322821 
0.607500	5.08338   	5.36629   	5.7211    	5.7211    	0.0364031 	0.025882  	0.0382163 	0.0556808 	0.0323833 
0.610000	5.10297   	5.38698   	5.74198   	5.74198   	0.0365005 	0.0259541 	0.0383291 	0.0558323 	0.0324845 
0.612500	5.12256   	5.40767   	5.76287   	5.76287   	0.0365978 	0.0260262 	0.0384418 	0.0559838 	0.0325858 
0.615000	5.14215   	5.42835   	5.78375   	5.78375   	0.0366952 	0.0260983 	0.0385546 	0.0561354 	0.032687  
0.617500	5.16174   	5.44904   	5.80463   	5.80463   	0.0367925 	0.0261704 	0.0386674 	0.0562869 	0.0327882 
0.620000	5.18133   	5.46973   	5.82551   	5.82551   	0.0368898 	0.0262425 	0.0387802 	0.0564384 	0.0328894 
0.622500	5.20092   	5.49042   	5.8464    	5.8464    	0.0369872 	0.0263147 	0.038893  	0.05659   	0.0329906 
0.625000	5.22051   	5.5111    	5.86728   	5.86728   	0.0370845 	0.0263868 	0.0390058 	0.0567415 	0.0330918 
0.627500	5.2401    	5.53179   	5.88816   	5.88816   	0.0371818 	0.0264589 	0.0391185 	0.056893  	0.033193  
0.630000	5.25969   	5.55248   	5.90904   	5.90904   	0.0372792 	0.026531  	0.0392313 	0.0570445 	0.0332942 
0.632500	5.27928   	5.57316   	5.92993   	5.92993   	0.0373765 	0.0266031 	0.0393441 	0.0571961 	0.0333954 
0.635000	5.29887   	5.59385   	5.95081   	5.95081   	0.0374738 	0.0266752 	0.0394569 	0.0573476 	0.0334966 
0.637500	5.31846   	5.61454   	5.97169   	5.97169   	0.0375712 	0.0267473 	0.0395697 	0.0574991 	0.0335978 
0.640000	5.33805   	5.63523   	5.99257   	5.99257   	0.0376685 	0.0268194 	0.0396825 	0.0576507 	0.033699  
0.642500	5.35764   	5.65591   	6.01346   	6.01346   	0.0377658 	0.0268915 	0.0397952 	0.0578022 	0.0338002 
0.645000	5.37723   	5.6766    	6.03434   	6.03434   	0.0378632 	0.0269636 	0.039908  	0.0579537 	0.0339015 
0.647500	5.39682   	5.69729   	6.05522   	6.05522   	0.0379605 	0.0270357 	0.0400208 	0.0581053 	0.0340027 
0.650000	5.41641   	5.71798   	6.0761    	6.0761    	0.0380578 	0.0271078 	0.0401336 	0.0582568 	0.0341039 
0.652500	5.436     	5.73866   	6.09699   	6.09699   	0.0381552 	0.0271799 	0.0402464 	0.0584083 	0.0342051 
0.655000	5.45559   	5.75935   	6.11787   	6.11787   	0.0382525 	0.027252  	0.0403592 	0.0585599 	0.0343063 
0.657500	5.47518   	5.78004   	6.13875   	6.13875   	0.0383499 	0.0273241 	0.0404719 	0.0587114 	0.0344075 
0.660000	5.49478   	5.80072   	6.15963   	6.15963   	0.0384472 	0.0273963 	0.0405847 	0.0588629 	0.0345087 
0.662500	5.51437   	5.82141   	6.18052   	6.18052   	0.0385445 	0.0274684 	0.0406975 	0.0590144 	0.0346099 
0.665000	5.53396   	5.8421    	6.2014    	6.2014    	0.0386419 	0.0275405 	0.0408103 	0.059166  	0.0347111 
0.667500	5.55355   	5.86279   	6.22228   	6.22228   	0.0387392 	0.0276126 	0.0409231 	0.0593175 	0.0348123 
0.670000	5.57314   	5.88347   	6.24316   	6.24316   	0.0388365 	0.0276847 	0.0410359 	0.059469  	0.0349135 
0.672500	5.59273   	5.90416   	6.26405   	6.26405   	0.0389339 	0.0277568 	0.0411486 	0.0596206 	0.0350147 
0.675000	5.61232   	5.92485   	6.28493   	6.28493   	0.0390312 	0.0278289 	0.0412614 	0.0597721 	0.035116  
0.677500	5.63191   	5.94554   	6.30581   	6.30581   	0.0391285 	0.027901  	0.0413742 	0.0599236 	0.0352172 
0.680000	5.6515    	5.96622   	6.32669   	6.32669   	0.0392259 	0.0279731 	0.041487  	0.0600752 	0.0353184 
0.682500	5.67109   	5.98691   	6.34758   	6.34758   	0.0393232 	0.0280452 	0.0415998 	0.0602267 	0.0354196 
0.685000	5.69068   	6.0076    	6.36846   	6.36846   	0.0394205 	0.0281173 	0.0417126 	0.0603782 	0.0355208 
0.687500	5.71027   	6.02829   	6.38934   	6.38934   	0.0395179 	0.0281894 	0.0418253 	0.0605297 	0.035622  
0.690000	5.72986   	6.04897   	6.41022   	6.41022   	0.0396152 	0.0282615 	0.0419381 	0.0606813 	0.0357232 
0.692500	5.74945   	6.06966   	6.43111   	6.43111   	0.0397125 	0.0283336 	0.0420509 	0.0608328 	0.0358244 
0.695000	5.76904   	6.09035   	6.45199   	6.45199   	0.0398099 	0.0284057 	0.0421637 	0.0609843 	0.0359256 
0.697500	5.78863   	6.11103   	6.47287   	6.47287   	0.0399072 	0.0284779 	0.0422765 	0.0611359 	0.0360268 
0.700000	5.80822   	6.13172   	6.49375   	6.49375   	0.0400045 	0.02855   	0.0423892 	0.0612874 	0.036128  
0.702500	5.8284    	6.15303   	6.51493   	6.51493   	0.0401023 	0.0286221 	0.0424988 	0.0614323 	0.0362272 
0.705000	5.84857   	6.17433   	6.5361    	6.5361    	0.0402    	0.0286943 	0.0426083 	0.0615772 	0.0363263 
0.707500	5.86875   	6.19564   	6.55728   	6.55728   	0.0402977 	0.0287665 	0.0427178 	0.0617221 	0.0364255 
0.710000	5.88892   	6.21694   	6.57845   	6.57845   	0.0403954 	0.0288387 	0.0428273 	0.061867  	0.0365246 
0.712500	5.9091    	6.23825   	6.59962   	6.59962   	0.0404931 	0.0289109 	0.0429368 	0.062012  	0.0366237 
0.715000	5.92927   	6.25955   	6.6208    	6.6208    	0.0405908 	0.0289831 	0.0430463 	0.0621569 	0.0367229 
0.717500	5.94945   	6.28086   	6.64197   	6.64197   	0.0406885 	0.0290553 	0.0431558 	0.0623018 	0.036822  
0.720000	5.96962   	6.30216   	6.66314   	6.66314   	0.0407862 	0.0291275 	0.0432653 	0.0624467 	0.0369211 
0.722500	5.9898    	6.32347   	6.68432   	6.68432   	0.0408839 	0.0291996 	0.0433748 	0.0625916 	0.0370203 
0.725000	6.00997   	6.34477   	6.70549   	6.70549   	0.0409816 	0.0292718 	0.0434843 	0.0627365 	0.0371194 
0.727500	6.03015   	6.36608   	6.72666   	6.72666   	0.0410793 	0.029344  	0.0435938 	0.0628814 	0.0372186 
0.730000	6.05032   	6.38738   	6.74784   	6.74784   	0.041177  	0.0294162 	0.0437033 	0.0630263 	0.0373177 
0.732500	6.0705    	6.40869   	6.76901   	6.76901   	0.0412747 	0.0294884 	0.0438128 	0.0631712 	0.0374168 
0.735000	6.09068   	6.42999   	6.79019   	6.79019   	0.0413724 	0.0295606 	0.0439223 	0.0633162 	0.037516  
0.737500	6.11085   	6.4513    	6.81136   	6.81136   	0.0414702 	0.0296328 	0.0440318 	0.0634611 	0.0376151 
0.740000	6.13103   	6.4726    	6.83253   	6.83253   	0.0415679 	0.029705  	0.0441414 	0.063606  	0.0377143 
0.742500	6.1512    	6.49391   	6.85371   	6.85371   	0.0416656 	0.0297771 	0.0442509 	0.0637509 	0.0378134 
0.745000	6.17138   	6.51521   	6.87488   	6.87488   	0.0417633 	0.0298493 	0.0443604 	0.0638958 	0.0379125 
0.747500	6.19155   	6.53652   	6.89605   	6.89605   	0.041861  	0.0299215 	0.0444699 	0.0640407 	0.0380117 
0.750000	6.21173   	6.55782   	6.91723   	6.91723   	0.0419587 	0.0299937 	0.0445794 	0.0641856 	0.0381108 
0.752500	6.2319    	6.57913   	6.9384    	6.9384    	0.0420564 	0.0300659 	0.0446889 	0.0643305 	0.03821   
0.755000	6.25208   	6.60043   	6.95958   	6.95958   	0.0421541 	0.0301381 	0.0447984 	0.0644754 	0.0383091 
0.757500	6.27225   	6.62174   	6.98075   	6.98075   	0.0422518 	0.0302103 	0.0449079 	0.0646204 	0.0384082 
0.760000	6.29243   	6.64304   	7.00192   	7.00192   	0.0423495 	0.0302825 	0.0450174 	0.0647653 	0.0385074 
0.762500	6.3126    	6.66435   	7.0231    	7.0231    	0.0424472 	0.0303546 	0.0451269 	0.0649102 	0.0386065 
0.765000	6.33278   	6.68565   	7.04427   	7.04427   	0.0425449 	0.0304268 	0.0452364 	0.0650551 	0.0387056 
0.767500	6.35295   	6.70696   	7.06544   	7.06544   	0.0426426 	0.030499  	0.0453459 	0.0652    	0.0388048 
0.770000	6.37313   	6.72826   	7.08662   	7.08662   	0.0427403 	0.0305712 	0.0454554 	0.0653449 	0.0389039 
0.772500	6.39331   	6.74957   	7.10779   	7.10779   	0.042838  	0.0306434 	0.0455649 	0.0654898 	0.0390031 
0.775000	6.41348   	6.77087   	7.12897   	7.12897   	0.0429358 	0.0307156 	0.0456744 	0.0656347 	0.0391022 
0.777500	6.43366   	6.79218   	7.15014   	7.15014   	0.0430335 	0.0307878 	0.045784  	0.0657796 	0.0392013 
0.780000	6.45383   	6.81348   	7.17131   	7.17131   	0.0431312 	0.0308599 	0.0458935 	0.0659246 	0.0393005 
0.782500	6.47401   	6.83479   	7.19249   	7.19249   	0.0432289 	0.0309321 	0.046003  	0.0660695 	0.0393996 
0.785000	6.49418   	6.85609   	7.21366   	7.21366   	0.0433266 	0.0310043 	0.0461125 	0.0662144 	0.0394988 
0.787500	6.51436   	6.8774    	7.23483   	7.23483   	0.0434243 	0.0310765 	0.046222  	0.0663593 	0.0395979 
0.790000	6.53453   	6.8987    	7.25601   	7.25601   	0.043522  	0.0311487 	0.0463315 	0.0665042 	0.039697  
0.792500	6.55471   	6.92001   	7.27718   	7.27718   	0.0436197 	0.0312209 	0.046441  	0.0666491 	0.0397962 
0.795000	6.57488   	6.94131   	7.29835   	7.29835   	0.0437174 	0.0312931 	0.0465505 	0.066794  	0.0398953 
0.797500	6.59506   	6.96262   	7.31953   	7.31953   	0.0438151 	0.0313653 	0.04666   	0.0669389 	0.0399945 
0.800000	6.61523   	6.98392   	7.3407    	7.3407    	0.0439128 	0.0314374 	0.0467695 	0.0670838 	0.0400936 
0.802500	6.63571   	7.00555   	7.36228   	7.36228   	0.0440123 	0.0315106 	0.0468755 	0.0672221 	0.0401903 
0.805000	6.65619   	7.02717   	7.38386   	7.38386   	0.0441118 	0.0315837 	0.0469814 	0.0673604 	0.040287  
0.807500	6.67666   	7.04879   	7.40544   	7.40544   	0.0442112 	0.0316569 	0.0470874 	0.0674986 	0.0403837 
0.810000	6.69714   	7.07041   	7.42702   	7.42702   	0.0443107 	0.03173   	0.0471934 	0.0676369 	0.0404803 
0.812500	6.71761   	7.09204   	7.4486    	7.4486    	0.0444102 	0.0318032 	0.0472994 	0.0677752 	0.040577  
0.815000	6.73809   	7.11366   	7.47018   	7.47018   	0.0445097 	0.0318763 	0.0474053 	0.0679134 	0.0406737 
0.817500	6.75857   	7.13528   	7.49176   	7.49176   	0.0446091 	0.0319495 	0.0475113 	0.0680517 	0.0407704 
0.820000	6.77904   	7.15691   	7.51334   	7.51334   	0.0447086 	0.0320226 	0.0476173 	0.06819   	0.0408671 
0.822500	6.79952   	7.17853   	7.53492   	7.53492   	0.0448081 	0.0320958 	0.0477232 	0.0683282 	0.0409638 
0.825000	6.82      	7.20015   	7.5565    	7.5565    	0.0449076 	0.0321689 	0.0478292 	0.0684665 	0.0410605 
0.827500	6.84047   	7.22177   	7.57808   	7.57808   	0.045007  	0.0322421 	0.0479352 	0.0686047 	0.0411572 
0.830000	6.86095   	7.2434    	7.59966   	7.59966   	0.0451065 	0.0323152 	0.0480411 	0.068743  	0.0412538 
0.832500	6.88142   	7.26502   	7.62124   	7.62124   	0.045206  	0.0323884 	0.0481471 	0.0688813 	0.0413505 
0.835000	6.9019    	7.28664   	7.64282   	7.64282   	0.0453054 	0.0324615 	0.0482531 	0.0690195 	0.0414472 
0.837500	6.92238   	7.30827   	7.66439   	7.66439   	0.0454049 	0.0325347 	0.048359  	0.0691578 	0.0415439 
0.840000	6.94285   	7.32989   	7.68597   	7.68597   	0.0455044 	0.0326078 	0.048465  	0.0692961 	0.0416406 
0.842500	6.96333   	7.35151   	7.70755   	7.70755   	0.0456039 	0.032681  	0.048571  	0.0694343 	0.0417373 
0.845000	6.98381   	7.37313   	7.72913   	7.72913   	0.0457033 	0.0327541 	0.0486769 	0.0695726 	0.041834  
0.847500	7.00428   	7.39476   	7.75071   	7.75071   	0.0458028 	0.0328273 	0.0487829 	0.0697109 	0.0419307 
0.850000	7.02476   	7.41638   	7.77229   	7.77229   	0.0459023 	0.0329004 	0.0488889 	0.0698491 	0.0420273 
0.852500	7.04523   	7.438     	7.79387   	7.79387   	0.0460018 	0.0329736 	0.0489948 	0.0699874 	0.042124  
0.855000	7.06571   	7.45963   	7.81545   	7.81545   	0.0461012 	0.0330467 	0.0491008 	0.0701257 	0.0422207 
0.857500	7.08619   	7.48125   	7.83703   	7.83703   	0.0462007 	0.0331199 	0.0492068 	0.0702639 	0.0423174 
0.860000	7.10666   	7.50287   	7.85861   	7.85861   	0.0463002 	0.033193  	0.0493127 	0.0704022 	0.0424141 
0.862500	7.12714   	7.52449   	7.88019   	7.88019   	0.0463996 	0.0332662 	0.0494187 	0.0705404 	0.0425108 
0.865000	7.14762   	7.54612   	7.90177   	7.90177   	0.0464991 	0.0333393 	0.0495247 	0.0706787 	0.0426075 
0.867500	7.16809   	7.56774   	7.92335   	7.92335   	0.0465986 	0.0334125 	0.0496306 	0.070817  	0.0427042 
0.870000	7.18857   	7.58936   	7.94493   	7.94493   	0.0466981 	0.0334856 	0.0497366 	0.0709552 	0.0428008 
0.872500	7.20904   	7.61098   	7.96651   	7.96651   	0.0467975 	0.0335588 	0.0498426 	0.0710935 	0.0428975 
0.875000	7.22952   	7.63261   	7.98809   	7.98809   	0.046897  	0.0336319 	0.0499486 	0.0712318 	0.0429942 
0.877500	7.25      	7.65423   	8.00967   	8.00967   	0.0469965 	0.0337051 	0.0500545 	0.07137   	0.0430909 
0.880000	7.27047   	7.67585   	8.03125   	8.03125   	0.047096  	0.0337782 	0.0501605 	0.0715083 	0.0431876 
0.882500	7.29095   	7.69748   	8.05283   	8.05283   	0.0471954 	0.0338514 	0.0502665 	0.0716466 	0.0432843 
0.885000	7.31143   	7.7191    	8.07441   	8.07441   	0.0472949 	0.0339245 	0.0503724 	0.0717848 	0.043381  
0.887500	7.3319    	7.74072   	8.09598   	8.09598   	0.0473944 	0.0339976 	0.0504784 	0.0719231 	0.0434777 
0.890000	7.35238   	7.76234   	8.11756   	8.11756   	0.0474939 	0.0340708 	0.0505844 	0.0720613 	0.0435743 
0.892500	7.37285   	7.78397   	8.13914   	8.13914   	0.0475933 	0.0341439 	0.0506903 	0.0721996 	0.043671  
0.895000	7.39333   	7.80559   	8.16072   	8.16072   	0.0476928 	0.0342171 	0.0507963 	0.0723379 	0.0437677 
0.897500	7.41381   	7.82721   	8.1823    	8.1823    	0.0477923 	0.0342902 	0.0509023 	0.0724761 	0.0438644 
0.900000	7.43428   	7.84884   	8.20388   	8.20388   	0.0478917 	0.0343634 	0.0510082 	0.0726144 	0.0439611 
0.902500	7.45514   	7.87086   	8.22592   	8.22592   	0.0479935 	0.0344378 	0.0511113 	0.072747  	0.0440558 
0.905000	7.476     	7.89289   	8.24796   	8.24796   	0.0480954 	0.0345123 	0.0512143 	0.0728796 	0.0441505 
0.907500	7.49686   	7.91492   	8.27      	8.27      	0.0481972 	0.0345867 	0.0513173 	0.0730122 	0.0442452 
0.910000	7.51772   	7.93694   	8.29204   	8.29204   	0.048299  	0.0346611 	0.0514204 	0.0731448 	0.0443399 
0.912500	7.53858   	7.95897   	8.31408   	8.31408   	0.0484008 	0.0347356 	0.0515234 	0.0732774 	0.0444346 
0.915000	7.55943   	7.98099   	8.33612   	8.33612   	0.0485026 	0.03481   	0.0516264 	0.07341   	0.0445293 
0.917500	7.58029   	8.00302   	8.35815   	8.35815   	0.0486044 	0.0348845 	0.0517295 	0.0735426 	0.044624  
0.920000	7.60115   	8.02505   	8.38019   	8.38019   	0.0487062 	0.0349589 	0.0518325 	0.0736752 	0.0447187 
0.922500	7.62201   	8.04707   	8.40223   	8.40223   	0.048808  	0.0350333 	0.0519355 	0.0738078 	0.0448134 
0.925000	7.64287   	8.0691    	8.42427   	8.42427   	0.0489098 	0.0351078 	0.0520386 	0.0739404 	0.0449081 
0.927500	7.66373   	8.09113   	8.44631   	8.44631   	0.0490116 	0.0351822 	0.0521416 	0.074073  	0.0450028 
0.930000	7.68459   	8.11315   	8.46835   	8.46835   	0.0491134 	0.0352567 	0.0522446 	0.0742056 	0.0450975 
0.932500	7.70544   	8.13518   	8.49039   	8.49039   	0.0492152 	0.0353311 	0.0523477 	0.0743382 	0.0451922 
0.935000	7.7263    	8.15721   	8.51243   	8.51243   	0.049317  	0.0354055 	0.0524507 	0.0744708 	0.0452869 
0.937500	7.74716   	8.17923   	8.53446   	8.53446   	0.0494188 	0.03548   	0.0525537 	0.0746034 	0.0453816 
0.940000	7.76802   	8.20126   	8.5565    	8.5565    	0.0495206 	0.0355544 	0.0526568 	0.074736  	0.0454763 
0.942500	7.78888   	8.22328   	8.57854   	8.57854   	0.0496224 	0.0356289 	0.0527598 	0.0748686 	0.045571  
0.945000	7.80974   	8.24531   	8.60058   	8.60058   	0.0497242 	0.0357033 	0.0528628 	0.0750012 	0.0456657 
0.947500	7.83059   	8.26734   	8.62262   	8.62262   	0.049826  	0.0357777 	0.0529659 	0.0751338 	0.0457604 
0.950000	7.85145   	8.28936   	8.64466   	8.64466   	0.0499278 	0.0358522 	0.0530689 	0.0752664 	0.0458551 
0.952500	7.87231   	8.31139   	8.6667    	8.6667    	0.0500296 	0.0359266 	0.0531719 	0.075399  	0.0459497 
0.955000	7.89317   	8.33342   	8.68874   	8.68874   	0.0501314 	0.0360011 	0.053275  	0.0755316 	0.0460444 
0.957500	7.91403   	8.35544   	8.71077   	8.71077   	0.0502332 	0.0360755 	0.053378  	0.0756642 	0.0461391 
0.960000	7.93489   	8.37747   	8.73281   	8.73281   	0.0503351 	0.0361499 	0.053481  	0.0757968 	0.0462338 
0.962500	7.95574   	8.3995    	8.75485   	8.75485   	0.0504369 	0.0362244 	0.053584  	0.0759294 	0.0463285 
0.965000	7.9766    	8.42152   	8.77689   	8.77689   	0.0505387 	0.0362988 	0.0536871 	0.076062  	0.0464232 
0.967500	7.99746   	8.44355   	8.79893   	8.79893   	0.0506405 	0.0363732 	0.0537901 	0.0761946 	0.0465179 
0.970000	8.01832   	8.46558   	8.82097   	8.82097   	0.0507423 	0.0364477 	0.0538931 	0.0763272 	0.0466126 
0.972500	8.03918   	8.4876    	8.84301   	8.84301   	0.0508441 	0.0365221 	0.0539962 	0.0764598 	0.0467073 
0.975000	8.06004   	8.50963   	8.86505   	8.86505   	0.0509459 	0.0365966 	0.0540992 	0.0765924 	0.046802  
0.977500	8.0809    	8.53165   	8.88708   	8.88708   	0.0510477 	0.036671  	0.0542022 	0.076725  	0.0468967 
0.980000	8.10175   	8.55368   	8.90912   	8.90912   	0.0511495 	0.0367454 	0.0543053 	0.0768575 	0.0469914 
0.982500	8.12261   	8.57571   	8.93116   	8.93116   	0.0512513 	0.0368199 	0.0544083 	0.0769901 	0.0470861 
0.985000	8.14347   	8.59773   	8.9532    	8.9532    	0.0513531 	0.0368943 	0.0545113 	0.0771227 	0.0471808 
0.987500	8.16433   	8.61976   	8.97524   	8.97524   	0.0514549 	0.0369688 	0.0546144 	0.0772553 	0.0472755 
0.990000	8.18519   	8.64179   	8.99728   	8.99728   	0.0515567 	0.0370432 	0.0547174 	0.0773879 	0.0473702 
0.992500	8.20605   	8.66381   	9.01932   	9.01932   	0.0516585 	0.0371176 	0.0548204 	0.0775205 	0.0474649 
0.995000	8.2269    	8.68584   	9.04136   	9.04136   	0.0517603 	0.0371921 	0.0549235 	0.0776531 	0.0475596 
0.997500	8.24776   	8.70787   	9.06339   	9.06339   	0.0518621 	0.0372665 	0.0550265 	0.0777857 	0.0476543 
1.000000	8.26862   	8.72989   	9.08543   	9.08543   	0.0519639 	0.037341  	0.0551295 	0.0779183 	0.047749  
1.002500	8.29031   	8.7528    	9.10837   	9.10837   	0.0520707 	0.0374182 	0.0552285 	0.078043  	0.0478409 
1.005000	8.312     	8.7757    	9.1313    	9.1313    	0.0521776 	0.0374955 	0.0553274 	0.0781677 	0.0479328 
1.007500	8.3337    	8.79861   	9.15424   	9.15424   	0.0522844 	0.0375727 	0.0554264 	0.0782924 	0.0480247 
1.010000	8.35539   	8.82152   	9.17717   	9.17717   	0.0523912 	0.03765   	0.0555253 	0.0784171 	0.0481166 
1.012500	8.37708   	8.84442   	9.20011   	9.20011   	0.052498  	0.0377272 	0.0556243 	0.0785418 	0.0482085 
1.015000	8.39877   	8.86733   	9.22304   	9.22304   	0.0526048 	0.0378045 	0.0557232 	0.0786665 	0.0483004 
1.017500	8.42046   	8.89023   	9.24598   	9.24598   	0.0527117 	0.0378818 	0.0558221 	0.0787912 	0.0483923 
1.020000	8.44215   	8.91314   	9.26891   	9.26891   	0.0528185 	0.037959  	0.0559211 	0.0789159 	0.0484841 
1.022500	8.46384   	8.93605   	9.29185   	9.29185   	0.0529253 	0.0380363 	0.05602   	0.0790406 	0.048576  
1.025000	8.48553   	8.95895   	9.31478   	9.31478   	0.0530321 	0.0381135 	0.056119  	0.0791653 	0.0486679 
1.027500	8.50723   	8.98186   	9.33771   	9.33771   	0.0531389 	0.0381908 	0.0562179 	0.07929   	0.0487598 
1.030000	8.52892   	9.00476   	9.36065   	9.36065   	0.0532458 	0.038268  	0.0563169 	0.0794147 	0.0488517 
1.032500	8.55061   	9.02767   	9.38358   	9.38358   	0.0533526 	0.0383453 	0.0564158 	0.0795394 	0.0489436 
1.035000	8.5723    	9.05058   	9.40652   	9.40652   	0.0534594 	0.0384226 	0.0565148 	0.0796641 	0.0490355 
1.037500	8.59399   	9.07348   	9.42945   	9.42945   	0.0535662 	0.0384998 	0.0566137 	0.0797888 	0.0491274 
1.040000	8.61568   	9.09639   	9.45239   	9.45239   	0.053673  	0.0385771 	0.0567126 	0.0799135 	0.0492193 
1.042500	8.63737   	9.11929   	9.47532   	9.47532   	0.0537798 	0.0386543 	0.0568116 	0.0800382 	0.0493112 
1.045000	8.65907   	9.1422    	9.49826   	9.49826   	0.0538867 	0.0387316 	0.0569105 	0.0801629 	0.0494031 
1.047500	8.68076   	9.1651    	9.52119   	9.52119   	0.0539935 	0.0388088 	0.0570095 	0.0802876 	0.049495  
1.050000	8.70245   	9.18801   	9.54413   	9.54413   	0.0541003 	0.0388861 	0.0571084 	0.0804123 	0.0495868 
1.052500	8.72414   	9.21092   	9.56706   	9.56706   	0.0542071 	0.0389634 	0.0572074 	0.080537  	0.0496787 
1.055000	8.74583   	9.23382   	9.59      	9.59      	0.0543139 	0.0390406 	0.0573063 	0.0806617 	0.0497706 
1.057500	8.76752   	9.25673   	9.61293   	9.61293   	0.0544208 	0.0391179 	0.0574053 	0.0807864 	0.0498625 
1.060000	8.78921   	9.27963   	9.63587   	9.63587   	0.0545276 	0.0391951 	0.0575042 	0.0809111 	0.0499544 
1.062500	8.8109    	9.30254   	9.6588    	9.6588    	0.0546344 	0.0392724 	0.0576031 	0.0810358 	0.0500463 
1.065000	8.8326    	9.32545   	9.68174   	9.68174   	0.0547412 	0.0393496 	0.0577021 	0.0811605 	0.0501382 
1.067500	8.85429   	9.34835   	9.70467   	9.70467   	0.054848  	0.0394269 	0.057801  	0.0812852 	0.0502301 
1.070000	8.87598   	9.37126   	9.7276    	9.7276    	0.0549549 	0.0395042 	0.0579    	0.0814099 	0.050322  
1.072500	8.89767   	9.39416   	9.75054   	9.75054   	0.0550617 	0.0395814 	0.0579989 	0.0815346 	0.0504139 
1.075000	8.91936   	9.41707   	9.77347   	9.77347   	0.0551685 	0.0396587 	0.0580979 	0.0816593 	0.0505058 
1.077500	8.94105   	9.43998   	9.79641   	9.79641   	0.0552753 	0.0397359 	0.0581968 	0.081784  	0.0505977 
1.080000	8.96274   	9.46288   	9.81934   	9.81934   	0.0553821 	0.0398132 	0.0582957 	0.0819087 	0.0506895 
1.082500	8.98443   	9.48579   	9.84228   	9.84228   	0.0554889 	0.0398905 	0.0583947 	0.0820334 	0.0507814 
1.085000	9.00613   	9.50869   	9.86521   	9.86521   	0.0555958 	0.0399677 	0.0584936 	0.0821581 	0.0508733 
1.087500	9.02782   	9.5316    	9.88815   	9.88815   	0.0557026 	0.040045  	0.0585926 	0.0822828 	0.0509652 
1.090000	9.04951   	9.5545    	9.91108   	9.91108   	0.0558094 	0.0401222 	0.0586915 	0.0824075 	0.0510571 
1.092500	9.0712    	9.57741   	9.93402   	9.93402   	0.0559162 	0.0401995 	0.0587905 	0.0825322 	0.051149  
1.095000	9.09289   	9.60032   	9.95695   	9.95695   	0.056023  	0.0402767 	0.0588894 	0.0826569 	0.0512409 
1.097500	9.11458   	9.62322   	9.97989   	9.97989   	0.0561299 	0.040354  	0.0589884 	0.0827816 	0.0513328 
1.100000	9.13627   	9.64613   	10.0028   	10.0028   	0.0562367 	0.0404313 	0.0590873 	0.0829063 	0.0514247 
1.102500	9.15796   	9.66903   	10.0258   	10.0258   	0.0563435 	0.0405085 	0.0591862 	0.083031  	0.0515166 
1.105000	9.17966   	9.69194   	10.0487   	10.0487   	0.0564503 	0.0405858 	0.0592852 	0.0831557 	0.0516085 
1.107500	9.20135   	9.71485   	10.0716   	10.0716   	0.0565571 	0.040663  	0.0593841 	0.0832804 	0.0517004 
1.110000	9.22304   	9.73775   	10.0946   	10.0946   	0.056664  	0.0407403 	0.0594831 	0.0834051 	0.0517923 
1.112500	9.24473   	9.76066   	10.1175   	10.1175   	0.0567708 	0.0408175 	0.059582  	0.0835298 	0.0518841 
1.115000	9.26642   	9.78356   	10.1404   	10.1404   	0.0568776 	0.0408948 	0.059681  	0.0836545 	0.051976  
1.117500	9.28811   	9.80647   	10.1634   	10.1634   	0.0569844 	0.0409721 	0.0597799 	0.0837792 	0.0520679 
1.120000	9.3098    	9.82938   	10.1863   	10.1863   	0.0570912 	0.0410493 	0.0598788 	0.0839039 	0.0521598 
1.122500	9.3315    	9.85228   	10.2092   	10.2092   	0.057198  	0.0411266 	0.0599778 	0.0840286 	0.0522517 
1.125000	9.35319   	9.87519   	10.2322   	10.2322   	0.0573049 	0.0412038 	0.0600767 	0.0841533 	0.0523436 
1.127500	9.37488   	9.89809   	10.2551   	10.2551   	0.0574117 	0.0412811 	0.0601757 	0.084278  	0.0524355 
1.130000	9.39657   	9.921     	10.278    	10.278    	0.0575185 	0.0413583 	0.0602746 	0.0844027 	0.0525274 
1.132500	9.41826   	9.94391   	10.301    	10.301    	0.0576253 	0.0414356 	0.0603736 	0.0845274 	0.0526193 
1.135000	9.43995   	9.96681   	10.3239   	10.3239   	0.0577321 	0.0415129 	0.0604725 	0.0846521 	0.0527112 
1.137500	9.46164   	9.98972   	10.3468   	10.3468   	0.057839  	0.0415901 	0.0605715 	0.0847768 	0.0528031 
1.140000	9.48333   	10.0126   	10.3698   	10.3698   	0.0579458 	0.0416674 	0.0606704 	0.0849015 	0.052895  
1.142500	9.50503   	10.0355   	10.3927   	10.3927   	0.0580526 	0.0417446 	0.0607693 	0.0850262 	0.0529868 
1.145000	9.52672   	10.0584   	10.4156   	10.4156   	0.0581594 	0.0418219 	0.0608683 	0.0851509 	0.0530787 
1.147500	9.54841   	10.0813   	10.4386   	10.4386   	0.0582662 	0.0418991 	0.0609672 	0.0852756 	0.0531706 
1.150000	9.5701    	10.1042   	10.4615   	10.4615   	0.0583731 	0.0419764 	0.0610662 	0.0854003 	0.0532625 
1.152500	9.59179   	10.1272   	10.4845   	10.4845   	0.0584799 	0.0420537 	0.0611651 	0.085525  	0.0533544 
1.155000	9.61348   	10.1501   	10.5074   	10.5074   	0.0585867 	0.0421309 	0.0612641 	0.0856497 	0.0534463 
1.157500	9.63517   	10.173    	10.5303   	10.5303   	0.0586935 	0.0422082 	0.061363  	0.0857744 	0.0535382 
1.160000	9.65686   	10.1959   	10.5533   	10.5533   	0.0588003 	0.0422854 	0.061462  	0.0858991 	0.0536301 
1.162500	9.67856   	10.2188   	10.5762   	10.5762   	0.0589071 	0.0423627 	0.0615609 	0.0860238 	0.053722  
1.165000	9.70025   	10.2417   	10.5991   	10.5991   	0.059014  	0.0424399 	0.0616598 	0.0861485 	0.0538139 
1.167500	9.72194   	10.2646   	10.6221   	10.6221   	0.0591208 	0.0425172 	0.0617588 	0.0862732 	0.0539058 
1.170000	9.74363   	10.2875   	10.645    	10.645    	0.0592276 	0.0425945 	0.0618577 	0.0863979 	0.0539977 
1.172500	9.76532   	10.3104   	10.6679   	10.6679   	0.0593344 	0.0426717 	0.0619567 	0.0865226 	0.0540895 
1.175000	9.78701   	10.3333   	10.6909   	10.6909   	0.0594412 	0.042749  	0.0620556 	0.0866473 	0.0541814 
1.177500	9.8087    	10.3562   	10.7138   	10.7138   	0.0595481 	0.0428262 	0.0621546 	0.086772  	0.0542733 
1.180000	9.8304    	10.3791   	10.7367   	10.7367   	0.0596549 	0.0429035 	0.0622535 	0.0868967 	0.0543652 
1.182500	9.85209   	10.402    	10.7597   	10.7597   	0.0597617 	0.0429807 	0.0623524 	0.0870214 	0.0544571 
1.185000	9.87378   	10.4249   	10.7826   	10.7826   	0.0598685 	0.043058  	0.0624514 	0.0871461 	0.054549  
1.187500	9.89547   	10.4478   	10.8055   	10.8055   	0.0599753 	0.0431353 	0.0625503 	0.0872708 	0.0546409 
1.190000	9.91716   	10.4707   	10.8285   	10.8285   	0.0600822 	0.0432125 	0.0626493 	0.0873955 	0.0547328 
1.192500	9.93885   	10.4936   	10.8514   	10.8514   	0.060189  	0.0432898 	0.0627482 	0.0875202 	0.0548247 
1.195000	9.96054   	10.5166   	10.8743   	10.8743   	0.0602958 	0.043367  	0.0628472 	0.0876449 	0.0549166 
1.197500	9.98223   	10.5395   	10.8973   	10.8973   	0.0604026 	0.0434443 	0.0629461 	0.0877696 	0.0550085 
1.200000	10.0039   	10.5624   	10.9202   	10.9202   	0.0605094 	0.0435215 	0.0630451 	0.0878943 	0.0551004 
1.202500	10.0256   	10.5853   	10.9431   	10.9431   	0.0606162 	0.0435988 	0.063144  	0.088019  	0.0551923 
1.205000	10.0473   	10.6082   	10.9661   	10.9661   	0.0607231 	0.0436761 	0.0632429 	0.0881437 	0.0552841 
1.207500	10.069    	10.6311   	10.989    	10.989    	0.0608299 	0.0437533 	0.0633419 	0.0882684 	0.055376  
1.210000	10.0907   	10.654    	11.0119   	11.0119   	0.0609367 	0.0438306 	0.0634408 	0.0883931 	0.0554679 
1.212500	10.1124   	10.6769   	11.0349   	11.0349   	0.0610435 	0.0439078 	0.0635398 	0.0885178 	0.0555598 
1.215000	10.1341   	10.6998   	11.0578   	11.0578   	0.0611503 	0.0439851 	0.0636387 	0.0886425 	0.0556517 
1.217500	10.1558   	10.7227   	11.0808   	11.0808   	0.0612572 	0.0440623 	0.0637377 	0.0887672 	0.0557436 
1.220000	10.1775   	10.7456   	11.1037   	11.1037   	0.061364  	0.0441396 	0.0638366 	0.0888919 	0.0558355 
1.222500	10.1991   	10.7685   	11.1266   	11.1266   	0.0614708 	0.0442169 	0.0639356 	0.0890166 	0.0559274 
1.225000	10.2208   	10.7914   	11.1496   	11.1496   	0.0615776 	0.0442941 	0.0640345 	0.0891413 	0.0560193 
1.227500	10.2425   	10.8143   	11.1725   	11.1725   	0.0616844 	0.0443714 	0.0641334 	0.089266  	0.0561112 
1.230000	10.2642   	10.8372   	11.1954   	11.1954   	0.0617913 	0.0444486 	0.0642324 	0.0893907 	0.0562031 
1.232500	10.2859   	10.8601   	11.2184   	11.2184   	0.0618981 	0.0445259 	0.0643313 	0.0895154 	0.056295  
1.235000	10.3076   	10.883    	11.2413   	11.2413   	0.0620049 	0.0446031 	0.0644303 	0.0896401 	0.0563868 
1.237500	10.3293   	10.906    	11.2642   	11.2642   	0.0621117 	0.0446804 	0.0645292 	0.0897648 	0.0564787 
1.240000	10.351    	10.9289   	11.2872   	11.2872   	0.0622185 	0.0447577 	0.0646282 	0.0898895 	0.0565706 
1.242500	10.3727   	10.9518   	11.3101   	11.3101   	0.0623253 	0.0448349 	0.0647271 	0.0900142 	0.0566625 
1.245000	10.3944   	10.9747   	11.333    	11.333    	0.0624322 	0.0449122 	0.064826  	0.0901389 	0.0567544 
1.247500	10.4161   	10.9976   	11.356    	11.356    	0.062539  	0.0449894 	0.064925  	0.0902636 	0.0568463 
1.250000	10.4378   	11.0205   	11.3789   	11.3789   	0.0626458 	0.0450667 	0.0650239 	0.0903883 	0.0569382 
1.252500	10.4608   	11.0448   	11.4033   	11.4033   	0.0627618 	0.0451493 	0.0651059 	0.0904881 	0.0570155 
1.255000	10.4839   	11.0692   	11.4277   	11.4277   	0.0628779 	0.045232  	0.0651878 	0.0905879 	0.0570928 
1.257500	10.5069   	11.0935   	11.4521   	11.4521   	0.0629939 	0.0453146 	0.0652698 	0.0906877 	0.0571702 
1.260000	10.53     	11.1179   	11.4765   	11.4765   	0.06311   	0.0453972 	0.0653517 	0.0907874 	0.0572475 
1.262500	10.5531   	11.1422   	11.5009   	11.5009   	0.063226  	0.0454799 	0.0654337 	0.0908872 	0.0573248 
1.265000	10.5761   	11.1666   	11.5253   	11.5253   	0.063342  	0.0455625 	0.0655156 	0.090987  	0.0574022 
1.267500	10.5992   	11.1909   	11.5497   	11.5497   	0.0634581 	0.0456452 	0.0655976 	0.0910868 	0.0574795 
1.270000	10.6222   	11.2153   	11.5741   	11.5741   	0.0635741 	0.0457278 	0.0656795 	0.0911866 	0.0575568 
1.272500	10.6453   	11.2396   	11.5985   	11.5985   	0.0636902 	0.0458104 	0.0657615 	0.0912864 	0.0576341 
1.275000	10.6684   	11.264    	11.6229   	11.6229   	0.0638062 	0.0458931 	0.0658434 	0.0913862 	0.0577115 
1.277500	10.6914   	11.2884   	11.6473   	11.6473   	0.0639222 	0.0459757 	0.0659253 	0.091486  	0.0577888 
1.280000	10.7145   	11.3127   	11.6717   	11.6717   	0.0640383 	0.0460583 	0.0660073 	0.0915857 	0.0578661 
1.282500	10.7375   	11.3371   	11.6961   	11.6961   	0.0641543 	0.046141  	0.0660892 	0.0916855 	0.0579434 
1.285000	10.7606   	11.3614   	11.7205   	11.7205   	0.0642704 	0.0462236 	0.0661712 	0.0917853 	0.0580208 
1.287500	10.7837   	11.3858   	11.7449   	11.7449   	0.0643864 	0.0463062 	0.0662531 	0.0918851 	0.0580981 
1.290000	10.8067   	11.4101   	11.7693   	11.7693   	0.0645024 	0.0463889 	0.0663351 	0.0919849 	0.0581754 
1.292500	10.8298   	11.4345   	11.7937   	11.7937   	0.0646185 	0.0464715 	0.066417  	0.0920847 	0.0582528 
1.295000	10.8528   	11.4588   	11.8181   	11.8181   	0.0647345 	0.0465542 	0.066499  	0.0921845 	0.0583301 
1.297500	10.8759   	11.4832   	11.8425   	11.8425   	0.0648506 	0.0466368 	0.0665809 	0.0922843 	0.0584074 
1.300000	10.899    	11.5075   	11.8669   	11.8669   	0.0649666 	0.0467194 	0.0666629 	0.092384  	0.0584847 
1.302500	10.922    	11.5319   	11.8913   	11.8913   	0.0650826 	0.0468021 	0.0667448 	0.0924838 	0.0585621 
1.305000	10.9451   	11.5562   	11.9157   	11.9157   	0.0651987 	0.0468847 	0.0668268 	0.0925836 	0.0586394 
1.307500	10.9681   	11.5806   	11.9401   	11.9401   	0.0653147 	0.0469673 	0.0669087 	0.0926834 	0.0587167 
1.310000	10.9912   	11.6049   	11.9645   	11.9645   	0.0654308 	0.04705   	0.0669907 	0.0927832 	0.058794  
1.312500	11.0143   	11.6293   	11.9889   	11.9889   	0.0655468 	0.0471326 	0.0670726 	0.092883  	0.0588714 
1.315000	11.0373   	11.6536   	12.0133   	12.0133   	0.0656628 	0.0472152 	0.0671545 	0.0929828 	0.0589487 
1.317500	11.0604   	11.678    	12.0377   	12.0377   	0.0657789 	0.0472979 	0.0672365 	0.0930826 	0.059026  
1.320000	11.0834   	11.7023   	12.0621   	12.0621   	0.0658949 	0.0473805 	0.0673184 	0.0931823 	0.0591034 
1.322500	11.1065   	11.7267   	12.0865   	12.0865   	0.066011  	0.0474632 	0.0674004 	0.0932821 	0.0591807 
1.325000	11.1296   	11.751    	12.1109   	12.1109   	0.066127  	0.0475458 	0.0674823 	0.0933819 	0.059258  
1.327500	11.1526   	11.7754   	12.1353   	12.1353   	0.0662431 	0.0476284 	0.0675643 	0.0934817 	0.0593353 
1.330000	11.1757   	11.7997   	12.1597   	12.1597   	0.0663591 	0.0477111 	0.0676462 	0.0935815 	0.0594127 
1.332500	11.1988   	11.8241   	12.1841   	12.1841   	0.0664751 	0.0477937 	0.0677282 	0.0936813 	0.05949   
1.335000	11.2218   	11.8484   	12.2085   	12.2085   	0.0665912 	0.0478763 	0.0678101 	0.0937811 	0.0595673 
